SYMBOL,SERIES,DATE1,PREV_CLOSE,OPEN_PRICE,HIGH_PRICE,LOW_PRICE,LAST_PRICE,CLOSE_PRICE,AVG_PRICE,TTL_TRD_QNTY,TURNOVER_LACS,NO_OF_TRADES,DELIV_QTY,DELIV_PER,TRADE_DATE
20MICRONS,EQ, 22-Mar-2024,144.7,144.7,150.0,144.2,144.65,145.05,146.32,132503,193.87,2474, 66987, 50.56,2024-03-22
360ONE,EQ, 22-Mar-2024,673.4,675.7,682.45,659.05,667.0,665.85,668.25,802243,5361.01,18594, 699912, 87.24,2024-03-22
3IINFOLTD,EQ, 22-Mar-2024,41.6,41.1,42.45,41.1,41.7,41.85,41.99,930408,390.7,4322, 454573, 48.86,2024-03-22
3MINDIA,EQ, 22-Mar-2024,30049.25,30200.0,30900.0,30144.5,30798.0,30728.4,30607.9,2103,643.68,1358, 1018, 48.41,2024-03-22
5PAISA,EQ, 22-Mar-2024,487.45,495.0,499.0,486.1,490.0,487.85,488.94,79794,390.15,9849, 44463, 55.72,2024-03-22
63MOONS,EQ, 22-Mar-2024,407.15,414.95,414.95,398.3,402.75,402.95,403.52,89120,359.61,2360, 60186, 67.53,2024-03-22
AARON,EQ, 22-Mar-2024,258.85,258.85,263.85,255.2,261.0,261.9,259.5,4459,11.57,603, 1791, 40.17,2024-03-22
AARTECH,EQ, 22-Mar-2024,154.05,153.0,154.7,149.75,152.9,151.15,152.42,7459,11.37,292, 4165, 55.84,2024-03-22
AARTIDRUGS,EQ, 22-Mar-2024,447.5,454.95,459.9,445.8,454.2,455.6,454.54,171797,780.88,11537, 74522, 43.38,2024-03-22
AARTIIND,EQ, 22-Mar-2024,648.5,649.2,658.55,645.2,655.0,655.3,653.56,795732,5200.59,24917, 338189, 42.50,2024-03-22
AARTIPHARM,EQ, 22-Mar-2024,466.55,471.0,472.35,459.2,459.5,460.55,465.22,88844,413.32,6478, 48280, 54.34,2024-03-22
AARTISURF,EQ, 22-Mar-2024,581.8,581.8,596.4,581.55,582.4,584.95,586.89,28736,168.65,2124, 20019, 69.67,2024-03-22
AARVEEDEN,EQ, 22-Mar-2024,24.45,24.0,25.65,24.0,25.65,25.45,25.26,28401,7.18,431, 22430, 78.98,2024-03-22
AARVI,EQ, 22-Mar-2024,125.0,125.0,127.45,124.25,125.0,125.55,126.0,19102,24.07,291, 10022, 52.47,2024-03-22
AAVAS,EQ, 22-Mar-2024,1349.2,1341.95,1363.7,1339.15,1351.2,1356.1,1352.18,258322,3492.99,18195, 176305, 68.25,2024-03-22
ABB,EQ, 22-Mar-2024,5864.9,5875.0,6034.05,5835.05,5950.0,5967.4,5923.24,514271,30461.5,41436, 221971, 43.16,2024-03-22
ABBOTINDIA,EQ, 22-Mar-2024,27673.25,27810.25,27983.65,26820.05,27049.0,27067.1,27204.9,21967,5976.1,8871, 8196, 37.31,2024-03-22
ABCAPITAL,EQ, 22-Mar-2024,173.45,173.4,176.3,173.2,175.3,175.05,175.29,3251510,5699.65,18877, 1274212, 39.19,2024-03-22
ABFRL,EQ, 22-Mar-2024,206.35,206.25,207.75,205.0,205.35,205.35,206.31,1655818,3416.1,11040, 912501, 55.11,2024-03-22
ABMINTLLTD,EQ, 22-Mar-2024,58.05,63.85,63.85,62.45,63.85,63.85,63.83,8408,5.37,102, 6116, 72.74,2024-03-22
ABSLAMC,EQ, 22-Mar-2024,454.95,456.9,457.2,453.25,455.25,455.8,455.85,133187,607.14,5718, 93340, 70.08,2024-03-22
ABSLBANETF,EQ, 22-Mar-2024,47.05,47.4,47.4,46.9,47.1,47.19,47.18,10489,4.95,599, 2870, 27.36,2024-03-22
ABSLLIQUID,EQ, 22-Mar-2024,1000.0,1000.0,1000.01,999.99,1000.0,1000.0,1000.01,40763,407.63,23, 40401, 99.11,2024-03-22
ABSLNN50ET,EQ, 22-Mar-2024,60.88,61.38,61.38,60.01,61.29,61.19,61.04,1529,0.93,120, 1392, 91.04,2024-03-22
ACC,EQ, 22-Mar-2024,2438.85,2439.05,2458.0,2415.55,2445.0,2443.25,2437.44,328757,8013.24,21023, 167234, 50.87,2024-03-22
ACCELYA,EQ, 22-Mar-2024,1742.4,1742.45,1742.45,1700.0,1735.0,1732.35,1725.82,12105,208.91,2917, 5939, 49.06,2024-03-22
ACE,EQ, 22-Mar-2024,1408.35,1409.0,1428.2,1370.4,1389.95,1393.2,1396.36,677845,9465.17,51262, 141419, 20.86,2024-03-22
ACEINTEG,EQ, 22-Mar-2024,34.05,34.55,34.75,33.3,34.75,34.7,34.22,2782,0.95,90, 1689, 60.71,2024-03-22
ACI,EQ, 22-Mar-2024,621.95,622.8,643.0,620.1,635.2,638.75,635.02,642505,4080.0,21917, 210909, 32.83,2024-03-22
ACL,EQ, 22-Mar-2024,83.5,84.5,84.95,83.6,84.8,84.45,84.34,113204,95.47,1025, 93378, 82.49,2024-03-22
ACLGATI,EQ, 22-Mar-2024,101.65,101.65,105.5,101.0,101.45,101.4,102.45,674157,690.69,6566, 301091, 44.66,2024-03-22
ADANIENSOL,EQ, 22-Mar-2024,1008.9,1012.05,1022.05,1005.2,1014.0,1015.6,1015.91,2738168,27817.25,45414, 1392203, 50.84,2024-03-22
ADANIENT,EQ, 22-Mar-2024,3066.5,3066.55,3128.95,3048.05,3103.0,3107.7,3095.08,951557,29451.44,63264, 287297, 30.19,2024-03-22
ADANIGREEN,EQ, 22-Mar-2024,1855.35,1857.05,1865.0,1837.05,1845.0,1851.75,1849.63,390803,7228.39,34548, 219072, 56.06,2024-03-22
ADANIPORTS,EQ, 22-Mar-2024,1262.45,1262.45,1289.1,1255.05,1276.7,1281.6,1276.74,3076926,39284.37,90748, 1509851, 49.07,2024-03-22
ADANIPOWER,EQ, 22-Mar-2024,524.25,528.8,538.8,524.25,528.85,531.05,530.3,1331269,7059.7,25694, 840475, 63.13,2024-03-22
ADFFOODS,EQ, 22-Mar-2024,191.4,191.95,195.5,189.9,192.0,192.15,191.47,293614,562.18,3758, 242738, 82.67,2024-03-22
ADL,EQ, 22-Mar-2024,80.7,82.5,83.0,79.0,82.95,82.25,81.68,337,0.28,28, 318, 94.36,2024-03-22
ADORWELD,EQ, 22-Mar-2024,1360.4,1360.35,1386.0,1359.9,1377.95,1380.05,1376.58,10585,145.71,1932, 6843, 64.65,2024-03-22
ADSL,EQ, 22-Mar-2024,133.3,133.8,142.2,132.55,139.15,139.9,138.95,611246,849.34,11165, 224176, 36.68,2024-03-22
ADVANIHOTR,EQ, 22-Mar-2024,75.45,75.65,79.35,75.6,77.0,76.7,77.42,272225,210.75,3195, 81233, 29.84,2024-03-22
ADVENZYMES,EQ, 22-Mar-2024,349.45,354.0,359.7,346.0,357.1,358.0,354.14,138213,489.47,10177, 69840, 50.53,2024-03-22
AEGISCHEM,EQ, 22-Mar-2024,390.75,391.9,398.6,385.15,390.0,389.6,391.21,336702,1317.21,12206, 153345, 45.54,2024-03-22
AEROFLEX,EQ, 22-Mar-2024,127.1,127.2,130.6,126.4,127.4,127.75,127.91,363578,465.07,6308, 199262, 54.81,2024-03-22
AETHER,EQ, 22-Mar-2024,804.3,804.3,811.0,796.0,797.2,802.4,803.48,72288,580.82,6108, 41947, 58.03,2024-03-22
AFFLE,EQ, 22-Mar-2024,1060.6,1074.95,1094.9,1066.3,1086.3,1090.55,1085.51,188125,2042.12,21391, 75662, 40.22,2024-03-22
AGARIND,EQ, 22-Mar-2024,802.7,803.05,828.0,800.0,809.25,812.35,818.06,46825,383.06,4049, 32207, 68.78,2024-03-22
AGI,EQ, 22-Mar-2024,723.65,725.0,757.45,724.95,747.1,747.55,741.76,176317,1307.84,13345, 91652, 51.98,2024-03-22
AGRITECH,EQ, 22-Mar-2024,172.6,172.55,178.8,172.0,172.0,173.15,174.44,4501,7.85,334, 2228, 49.50,2024-03-22
AGROPHOS,EQ, 22-Mar-2024,40.0,40.8,40.8,39.4,40.0,39.7,40.01,44237,17.7,365, 29599, 66.91,2024-03-22
AHL,EQ, 22-Mar-2024,271.7,271.7,289.7,270.8,272.7,276.4,275.81,34630,95.51,1320, 10626, 30.68,2024-03-22
AHLADA,EQ, 22-Mar-2024,101.8,103.3,118.0,102.8,112.0,112.8,114.41,425015,486.26,4718, 92604, 21.79,2024-03-22
AHLEAST,EQ, 22-Mar-2024,143.85,145.6,145.6,140.55,141.05,142.4,143.31,17259,24.73,661, 10565, 61.21,2024-03-22
AHLUCONT,EQ, 22-Mar-2024,1033.8,1034.3,1039.0,1020.05,1024.0,1024.8,1027.81,33296,342.22,6462, 21770, 65.38,2024-03-22
AIAENG,EQ, 22-Mar-2024,3716.55,3734.75,3819.5,3692.1,3767.0,3796.45,3769.25,27474,1035.56,7097, 15541, 56.57,2024-03-22
AIROLAM,EQ, 22-Mar-2024,156.45,156.5,161.3,152.2,154.0,156.15,158.12,6658,10.53,258, 4313, 64.78,2024-03-22
AJANTPHARM,EQ, 22-Mar-2024,2125.9,2118.0,2164.0,2106.6,2140.0,2152.3,2130.33,153571,3271.57,8894, 134544, 87.61,2024-03-22
AJMERA,EQ, 22-Mar-2024,708.65,707.0,720.0,691.1,718.05,717.45,714.3,92791,662.81,10324, 32786, 35.33,2024-03-22
AKG,EQ, 22-Mar-2024,19.2,19.0,19.75,19.0,19.35,19.4,19.39,51917,10.07,288, 30786, 59.30,2024-03-22
AKZOINDIA,EQ, 22-Mar-2024,2433.5,2433.5,2474.85,2405.3,2455.0,2462.5,2442.23,9594,234.31,1648, 4957, 51.67,2024-03-22
ALBERTDAVD,EQ, 22-Mar-2024,1066.3,1080.65,1115.0,1065.0,1109.0,1098.05,1077.89,7025,75.72,588, 5860, 83.42,2024-03-22
ALEMBICLTD,EQ, 22-Mar-2024,81.45,81.65,83.5,81.6,82.4,82.55,82.64,763987,631.35,4784, 377058, 49.35,2024-03-22
ALICON,EQ, 22-Mar-2024,832.3,832.0,842.0,818.05,830.0,822.55,827.93,10106,83.67,1432, 5604, 55.45,2024-03-22
ALKALI,EQ, 22-Mar-2024,108.7,108.8,113.15,106.1,108.0,108.0,110.57,37561,41.53,455, 27971, 74.47,2024-03-22
ALKEM,EQ, 22-Mar-2024,4795.95,4829.1,4829.1,4770.05,4785.0,4789.75,4791.59,138264,6625.04,18456, 97740, 70.69,2024-03-22
ALKYLAMINE,EQ, 22-Mar-2024,1918.85,1919.0,1983.55,1919.0,1938.95,1945.55,1956.19,89165,1744.24,10698, 29406, 32.98,2024-03-22
ALLCARGO,EQ, 22-Mar-2024,64.15,64.6,73.5,64.6,71.4,72.55,71.09,44644445,31738.22,90808, 3175843, 7.11,2024-03-22
ALLSEC,EQ, 22-Mar-2024,743.8,752.0,759.5,729.8,733.6,742.9,740.44,12028,89.06,1581, 5670, 47.14,2024-03-22
ALPA,EQ, 22-Mar-2024,86.8,87.35,89.65,86.0,87.3,87.85,88.29,49986,44.13,735, 28358, 56.73,2024-03-22
ALPHA,EQ, 22-Mar-2024,43.68,43.97,44.38,43.06,44.02,44.03,43.93,225836,99.2,1487, 169825, 75.20,2024-03-22
ALPHAETF,EQ, 22-Mar-2024,22.7,22.79,23.41,22.51,22.8,22.91,22.77,48457,11.03,368, 27974, 57.73,2024-03-22
ALPHAGEO,EQ, 22-Mar-2024,339.95,341.45,344.95,333.3,337.8,337.15,341.35,13809,47.14,711, 7682, 55.63,2024-03-22
ALPL30IETF,EQ, 22-Mar-2024,263.67,263.67,266.49,262.61,266.05,265.91,265.85,79051,210.15,550, 62923, 79.60,2024-03-22
AMBER,EQ, 22-Mar-2024,3406.35,3445.05,3608.9,3437.95,3555.0,3552.9,3544.24,894897,31717.27,73534, 157223, 17.57,2024-03-22
AMBICAAGAR,EQ, 22-Mar-2024,28.75,29.5,29.65,28.05,28.9,28.4,28.97,49848,14.44,407, 22304, 44.74,2024-03-22
AMBIKCO,EQ, 22-Mar-2024,1503.55,1502.6,1514.7,1482.6,1498.95,1492.45,1502.0,8191,123.03,1492, 5300, 64.71,2024-03-22
AMBUJACEM,EQ, 22-Mar-2024,587.2,588.0,594.7,581.55,591.0,589.35,589.78,1818091,10722.82,44640, 827275, 45.50,2024-03-22
AMIORG,EQ, 22-Mar-2024,1112.65,1116.45,1133.0,1107.95,1130.95,1128.6,1122.1,98130,1101.12,8287, 53956, 54.98,2024-03-22
AMJLAND,EQ, 22-Mar-2024,33.75,33.75,34.75,33.3,34.3,34.25,34.16,30421,10.39,273, 19303, 63.45,2024-03-22
AMNPLST,EQ, 22-Mar-2024,162.6,165.85,166.4,161.6,163.0,163.65,162.79,16336,26.59,584, 13691, 83.81,2024-03-22
AMRUTANJAN,EQ, 22-Mar-2024,606.9,602.3,609.0,601.0,602.0,604.55,605.04,22868,138.36,2085, 13805, 60.37,2024-03-22
ANANDRATHI,EQ, 22-Mar-2024,3631.05,3660.0,3669.25,3502.5,3659.0,3635.6,3613.22,45488,1643.58,9406, 28326, 62.27,2024-03-22
ANANTRAJ,EQ, 22-Mar-2024,307.5,306.7,309.0,297.35,301.8,302.7,305.03,1354702,4132.25,12767, 997465, 73.63,2024-03-22
ANDHRAPAP,EQ, 22-Mar-2024,502.9,504.0,504.2,492.0,494.3,496.65,499.31,55096,275.1,3340, 39580, 71.84,2024-03-22
ANDHRSUGAR,EQ, 22-Mar-2024,95.25,95.2,96.9,95.05,95.7,96.05,96.17,209610,201.58,2877, 129051, 61.57,2024-03-22
ANGELONE,EQ, 22-Mar-2024,2615.85,2620.05,2719.95,2615.95,2662.55,2660.65,2683.61,440571,11823.22,41053, 197093, 44.74,2024-03-22
ANKITMETAL,EQ, 22-Mar-2024,4.05,4.1,4.1,3.95,4.0,3.95,3.99,126364,5.04,355, 84358, 66.76,2024-03-22
ANMOL,EQ, 22-Mar-2024,45.35,45.95,47.3,45.0,45.35,45.4,45.96,304275,139.85,1579, 202895, 66.68,2024-03-22
ANUP,EQ, 22-Mar-2024,3142.0,3161.9,3199.8,3106.0,3150.0,3182.85,3157.88,19452,614.27,4685, 8434, 43.36,2024-03-22
ANURAS,EQ, 22-Mar-2024,892.65,892.65,895.1,885.0,885.0,887.8,888.68,75899,674.5,2283, 54994, 72.46,2024-03-22
APARINDS,EQ, 22-Mar-2024,6207.3,6249.9,6448.0,6200.55,6388.0,6344.05,6339.26,89873,5697.28,16008, 34095, 37.94,2024-03-22
APCL,EQ, 22-Mar-2024,176.85,177.55,180.0,176.2,180.0,179.45,178.73,47594,85.06,2043, 23217, 48.78,2024-03-22
APCOTEXIND,EQ, 22-Mar-2024,419.4,419.55,427.45,419.55,423.6,426.35,424.58,33294,141.36,2350, 23069, 69.29,2024-03-22
APEX,EQ, 22-Mar-2024,199.8,199.0,204.7,198.85,203.4,203.1,201.95,112785,227.77,4339, 70158, 62.21,2024-03-22
APLAPOLLO,EQ, 22-Mar-2024,1527.25,1532.0,1545.5,1503.05,1515.95,1518.85,1520.29,392260,5963.48,24935, 219362, 55.92,2024-03-22
APLLTD,EQ, 22-Mar-2024,965.05,958.8,967.6,950.0,953.25,957.4,958.58,51337,492.11,6392, 20007, 38.97,2024-03-22
APOLLOHOSP,EQ, 22-Mar-2024,6182.5,6169.15,6390.9,6168.7,6365.0,6375.9,6310.16,727548,45909.44,72882, 402801, 55.36,2024-03-22
APOLLOPIPE,EQ, 22-Mar-2024,643.55,643.55,661.95,640.35,645.85,650.9,650.68,84178,547.73,3721, 69112, 82.10,2024-03-22
APOLLOTYRE,EQ, 22-Mar-2024,461.0,463.0,471.35,457.2,468.0,468.35,466.42,1670126,7789.8,35864, 606246, 36.30,2024-03-22
APOLSINHOT,EQ, 22-Mar-2024,1779.05,1779.05,1820.0,1726.2,1741.0,1749.4,1773.7,5445,96.58,771, 3772, 69.27,2024-03-22
APTECHT,EQ, 22-Mar-2024,230.3,229.15,244.0,228.1,241.0,240.65,239.25,989592,2367.62,29278, 329264, 33.27,2024-03-22
APTUS,EQ, 22-Mar-2024,313.6,313.0,318.65,312.0,313.25,316.85,315.52,221353,698.41,22632, 115682, 52.26,2024-03-22
ARCHIDPLY,EQ, 22-Mar-2024,86.05,87.1,87.85,86.4,86.55,86.65,87.14,7711,6.72,346, 4954, 64.25,2024-03-22
ARE&M,EQ, 22-Mar-2024,756.15,756.8,783.35,756.15,777.55,778.0,774.36,463791,3591.43,23241, 205183, 44.24,2024-03-22
ARENTERP,EQ, 22-Mar-2024,38.5,38.5,40.2,37.0,38.85,38.75,38.55,3043,1.17,38, 503, 16.53,2024-03-22
ARIES,EQ, 22-Mar-2024,254.0,255.15,258.4,252.65,253.4,254.1,255.23,54992,140.36,3178, 25430, 46.24,2024-03-22
ARIHANTCAP,EQ, 22-Mar-2024,56.3,56.3,59.75,55.75,58.55,58.4,58.11,410427,238.49,3686, 252621, 61.55,2024-03-22
ARIHANTSUP,EQ, 22-Mar-2024,321.15,315.1,323.45,311.15,319.0,316.55,318.9,7294,23.26,542, 4436, 60.82,2024-03-22
ARMANFIN,EQ, 22-Mar-2024,1929.35,1939.0,1955.7,1885.95,1908.85,1905.0,1912.04,26023,497.57,4132, 16413, 63.07,2024-03-22
AROGRANITE,EQ, 22-Mar-2024,46.9,47.85,48.75,46.5,46.5,47.1,47.61,37601,17.9,458, 22730, 60.45,2024-03-22
ARROWGREEN,EQ, 22-Mar-2024,401.8,397.55,404.8,395.0,398.55,400.1,398.6,38323,152.75,4323, 17589, 45.90,2024-03-22
ARTEMISMED,EQ, 22-Mar-2024,169.5,171.5,176.7,170.15,174.9,173.9,174.07,140020,243.73,4604, 86277, 61.62,2024-03-22
ARVEE,EQ, 22-Mar-2024,124.85,133.0,137.3,130.0,137.0,135.85,134.91,12558,16.94,320, 3850, 30.66,2024-03-22
ARVIND,EQ, 22-Mar-2024,278.75,278.0,288.25,274.3,277.0,278.9,280.64,739054,2074.09,21024, 315705, 42.72,2024-03-22
ARVINDFASN,EQ, 22-Mar-2024,442.15,444.35,449.8,441.05,442.05,442.1,442.81,266940,1182.04,15805, 201149, 75.35,2024-03-22
ARVSMART,EQ, 22-Mar-2024,597.0,596.7,644.7,593.8,627.0,627.95,625.68,198652,1242.92,18335, 56470, 28.43,2024-03-22
ASAHIINDIA,EQ, 22-Mar-2024,520.45,520.45,533.9,515.5,532.0,530.8,527.56,61863,326.37,4308, 36517, 59.03,2024-03-22
ASAHISONG,EQ, 22-Mar-2024,318.7,319.2,333.45,317.9,323.0,326.2,326.15,9005,29.37,643, 5200, 57.75,2024-03-22
ASAL,EQ, 22-Mar-2024,584.45,589.3,597.0,577.7,585.55,587.9,588.49,21888,128.81,1597, 11182, 51.09,2024-03-22
ASALCBR,EQ, 22-Mar-2024,484.1,484.1,505.9,482.2,497.0,496.75,497.46,64962,323.16,6429, 36396, 56.03,2024-03-22
ASHAPURMIN,EQ, 22-Mar-2024,332.3,337.8,348.9,337.8,348.9,348.9,346.44,81686,283.0,670, 60145, 73.63,2024-03-22
ASHIANA,EQ, 22-Mar-2024,278.3,280.9,287.0,272.65,283.5,282.25,283.25,66747,189.06,3492, 30162, 45.19,2024-03-22
ASHIMASYN,EQ, 22-Mar-2024,18.65,18.85,19.35,18.6,19.1,19.05,19.03,260848,49.64,1002, 157870, 60.52,2024-03-22
ASHOKA,EQ, 22-Mar-2024,160.45,160.95,166.0,160.45,164.25,163.9,163.75,943539,1545.01,14063, 402991, 42.71,2024-03-22
ASHOKLEY,EQ, 22-Mar-2024,166.85,166.8,168.45,166.05,166.6,166.65,167.14,11280627,18854.59,65811, 5303431, 47.01,2024-03-22
ASIANENE,EQ, 22-Mar-2024,284.55,285.8,296.45,285.0,285.0,285.3,289.54,59195,171.39,1723, 36892, 62.32,2024-03-22
ASIANPAINT,EQ, 22-Mar-2024,2821.15,2821.15,2855.15,2808.0,2844.8,2841.5,2829.95,1652689,46770.26,148454, 1001505, 60.60,2024-03-22
ASIANTILES,EQ, 22-Mar-2024,59.75,58.75,62.2,58.75,61.05,61.25,60.74,969137,588.67,5058, 566028, 58.41,2024-03-22
ASKAUTOLTD,EQ, 22-Mar-2024,259.9,259.45,277.5,259.45,272.05,274.25,272.08,494954,1346.65,9997, 192417, 38.88,2024-03-22
ASPINWALL,EQ, 22-Mar-2024,244.9,244.9,293.85,244.9,277.5,275.45,283.69,387211,1098.47,7435, 60620, 15.66,2024-03-22
ASTEC,EQ, 22-Mar-2024,1110.25,1115.85,1132.0,1100.0,1120.0,1120.15,1122.77,31546,354.19,3319, 15205, 48.20,2024-03-22
ASTERDM,EQ, 22-Mar-2024,438.4,441.85,444.0,433.0,438.0,438.65,439.39,99791,438.47,5480, 54779, 54.89,2024-03-22
ASTRAL,EQ, 22-Mar-2024,1942.5,1940.0,1956.75,1912.05,1944.95,1938.9,1935.21,519482,10053.06,47911, 117743, 22.67,2024-03-22
ASTRAMICRO,EQ, 22-Mar-2024,538.35,545.0,560.4,540.8,557.0,557.3,552.81,198252,1095.96,10910, 85372, 43.06,2024-03-22
ASTRAZEN,EQ, 22-Mar-2024,5031.15,5039.8,5161.55,5018.05,5100.0,5130.4,5084.21,6751,343.23,1874, 3988, 59.07,2024-03-22
ATALREAL,EQ, 22-Mar-2024,15.95,16.0,16.25,15.5,15.8,15.9,15.8,1407020,222.31,527, 791068, 56.22,2024-03-22
ATAM,EQ, 22-Mar-2024,180.15,183.9,183.9,178.0,178.85,178.55,181.45,14693,26.66,486, 10126, 68.92,2024-03-22
ATFL,EQ, 22-Mar-2024,716.8,718.0,722.95,700.2,710.0,704.15,711.95,36636,260.83,2322, 27493, 75.04,2024-03-22
ATGL,EQ, 22-Mar-2024,936.05,941.95,948.65,933.1,938.9,938.85,939.83,820686,7713.06,24069, 257674, 31.40,2024-03-22
ATL,EQ, 22-Mar-2024,54.0,54.0,58.9,54.0,57.95,57.65,57.6,1497594,862.56,5990, 729925, 48.74,2024-03-22
ATLANTAA,EQ, 22-Mar-2024,23.75,24.6,24.9,24.05,24.9,24.9,24.74,115793,28.65,492, 86597, 74.79,2024-03-22
ATUL,EQ, 22-Mar-2024,5900.55,5870.0,5935.0,5864.75,5875.0,5874.0,5887.87,49947,2940.82,5669, 36798, 73.67,2024-03-22
ATULAUTO,EQ, 22-Mar-2024,490.35,492.7,501.15,492.7,495.0,494.4,497.46,113594,565.09,8871, 52292, 46.03,2024-03-22
AUBANK,EQ, 22-Mar-2024,565.95,564.0,568.9,561.25,564.25,564.25,563.88,2314067,13048.65,111001, 860137, 37.17,2024-03-22
AUROPHARMA,EQ, 22-Mar-2024,1028.25,1004.0,1036.3,1004.0,1017.0,1019.85,1022.43,1430882,14629.71,60070, 556523, 38.89,2024-03-22
AUSOMENT,EQ, 22-Mar-2024,93.45,103.9,108.0,95.6,96.7,97.15,102.91,419787,432.02,6435, 146246, 34.84,2024-03-22
AUTOAXLES,EQ, 22-Mar-2024,1850.75,1860.05,1868.75,1845.5,1850.0,1850.15,1851.69,15503,287.07,2240, 10971, 70.77,2024-03-22
AUTOBEES,EQ, 22-Mar-2024,210.2,211.0,214.6,208.45,214.38,213.91,213.4,1071152,2285.82,2095, 991337, 92.55,2024-03-22
AUTOIETF,EQ, 22-Mar-2024,21.05,21.23,21.47,20.96,21.39,21.37,21.31,163815,34.91,1011, 96954, 59.19,2024-03-22
AUTOIND,EQ, 22-Mar-2024,123.1,122.9,125.5,121.0,122.1,123.2,123.73,97121,120.17,2042, 51895, 53.43,2024-03-22
AVADHSUGAR,EQ, 22-Mar-2024,538.8,533.5,545.7,533.5,539.0,541.4,543.03,31996,173.75,1823, 17011, 53.17,2024-03-22
AVALON,EQ, 22-Mar-2024,497.1,496.8,506.4,491.95,495.0,494.6,497.39,128183,637.57,11927, 56922, 44.41,2024-03-22
AVANTIFEED,EQ, 22-Mar-2024,499.35,499.35,505.0,496.9,500.3,500.15,500.48,164651,824.05,6851, 81082, 49.24,2024-03-22
AVG,EQ, 22-Mar-2024,561.55,557.0,573.75,546.05,558.8,554.1,561.44,33042,185.51,2776, 19412, 58.75,2024-03-22
AVONMORE,EQ, 22-Mar-2024,92.0,92.0,96.75,92.0,94.3,93.95,94.46,39447,37.26,599, 25132, 63.71,2024-03-22
AVROIND,EQ, 22-Mar-2024,112.3,112.9,115.9,111.7,114.75,115.05,114.19,28292,32.31,800, 18926, 66.90,2024-03-22
AVTNPL,EQ, 22-Mar-2024,84.0,83.3,84.7,82.5,83.7,83.3,83.66,220831,184.75,2745, 96719, 43.80,2024-03-22
AWHCL,EQ, 22-Mar-2024,472.55,476.0,481.0,467.45,468.85,470.8,475.62,89659,426.43,6100, 39437, 43.99,2024-03-22
AWL,EQ, 22-Mar-2024,333.7,335.0,338.05,334.05,335.5,335.7,336.32,1503391,5056.21,18855, 835307, 55.56,2024-03-22
AXISBANK,EQ, 22-Mar-2024,1035.6,1040.1,1047.25,1029.95,1031.0,1033.3,1038.24,9891194,102694.36,236409, 5337173, 53.96,2024-03-22
AXISBNKETF,EQ, 22-Mar-2024,473.87,472.11,476.0,472.11,474.89,474.89,474.63,518,2.46,41, 426, 82.24,2024-03-22
AXISBPSETF,EQ, 22-Mar-2024,11.59,12.0,13.3,11.59,11.61,11.6,11.61,50990,5.92,295, 45133, 88.51,2024-03-22
AXISCADES,EQ, 22-Mar-2024,577.5,577.5,584.2,563.5,564.5,566.3,572.19,67780,387.83,5284, 41335, 60.98,2024-03-22
AXISCETF,EQ, 22-Mar-2024,100.59,100.24,102.06,100.24,101.5,101.5,101.55,816,0.83,28, 578, 70.83,2024-03-22
AXISGOLD,EQ, 22-Mar-2024,56.7,56.32,56.69,55.95,56.05,56.1,56.23,152598,85.81,1053, 115033, 75.38,2024-03-22
AXISHCETF,EQ, 22-Mar-2024,118.69,116.32,120.65,116.32,120.34,120.08,119.59,3572,4.27,57, 2390, 66.91,2024-03-22
AXISILVER,EQ, 22-Mar-2024,75.87,75.18,75.18,74.65,75.1,75.09,74.91,13704,10.27,105, 8039, 58.66,2024-03-22
AXISNIFTY,EQ, 22-Mar-2024,236.8,239.49,239.49,235.58,237.9,238.13,237.13,9289,22.03,137, 6761, 72.79,2024-03-22
AXISTECETF,EQ, 22-Mar-2024,379.48,373.8,375.84,364.44,375.8,371.04,369.24,24258,89.57,561, 13780, 56.81,2024-03-22
AXITA,EQ, 22-Mar-2024,21.6,21.6,21.8,21.5,21.65,21.65,21.63,1902686,411.46,3600, 702108, 36.90,2024-03-22
AXSENSEX,EQ, 22-Mar-2024,73.49,73.29,73.85,73.23,73.7,73.43,73.27,704,0.52,15, 654, 92.90,2024-03-22
AYMSYNTEX,EQ, 22-Mar-2024,90.25,91.8,94.5,88.25,89.7,88.95,91.95,77700,71.45,1014, 34067, 43.84,2024-03-22
AZAD,EQ, 22-Mar-2024,1269.5,1274.9,1332.95,1261.8,1330.0,1331.75,1320.36,424156,5600.38,13882, 168520, 39.73,2024-03-22
BAIDFIN,EQ, 22-Mar-2024,20.75,20.8,21.25,20.5,20.9,20.8,20.86,87526,18.26,340, 72792, 83.17,2024-03-22
BAJAJ-AUTO,EQ, 22-Mar-2024,8750.6,8700.05,9050.0,8682.0,8956.1,8945.25,8938.07,851210,76081.72,93120, 309637, 36.38,2024-03-22
BAJAJCON,EQ, 22-Mar-2024,218.65,219.95,223.6,217.85,218.5,219.1,219.88,187534,412.35,7027, 78105, 41.65,2024-03-22
BAJAJELEC,EQ, 22-Mar-2024,939.25,953.0,953.5,923.4,928.7,927.45,931.74,52879,492.69,6190, 23390, 44.23,2024-03-22
BAJAJFINSV,EQ, 22-Mar-2024,1602.6,1593.0,1610.0,1583.4,1584.0,1587.55,1592.63,1570412,25010.84,118463, 867484, 55.24,2024-03-22
BAJAJHCARE,EQ, 22-Mar-2024,302.45,303.0,307.8,302.0,302.6,303.45,304.33,80148,243.92,4472, 51092, 63.75,2024-03-22
BAJAJHIND,EQ, 22-Mar-2024,29.8,29.8,30.65,29.75,30.35,30.35,30.31,11266581,3414.6,14067, 4636632, 41.15,2024-03-22
BAJAJHLDNG,EQ, 22-Mar-2024,8202.65,8215.0,8447.65,8202.65,8358.0,8395.05,8366.96,49514,4142.82,12893, 24127, 48.73,2024-03-22
BAJEL,EQ, 22-Mar-2024,195.05,194.0,204.8,191.4,204.8,204.8,201.54,501532,1010.79,3172, 363368, 72.45,2024-03-22
BAJFINANCE,EQ, 22-Mar-2024,6715.75,6705.0,6803.0,6686.3,6763.0,6760.9,6759.84,1125238,76064.28,121585, 544129, 48.36,2024-03-22
BALAJITELE,EQ, 22-Mar-2024,78.85,81.8,82.75,79.2,82.4,81.65,81.36,775832,631.24,2639, 551417, 71.07,2024-03-22
BALAMINES,EQ, 22-Mar-2024,2062.35,2066.0,2165.0,2066.0,2103.0,2106.7,2134.06,181950,3882.93,24019, 25683, 14.12,2024-03-22
BALAXI,EQ, 22-Mar-2024,508.9,512.45,523.95,505.35,508.25,508.7,511.42,3300,16.88,377, 1595, 48.33,2024-03-22
BALKRISIND,EQ, 22-Mar-2024,2309.55,2305.0,2312.95,2259.35,2282.6,2276.05,2276.66,312564,7116.02,30521, 148608, 47.54,2024-03-22
BALMLAWRIE,EQ, 22-Mar-2024,228.0,227.05,231.9,224.15,229.55,229.85,228.95,583650,1336.29,14891, 268144, 45.94,2024-03-22
BALPHARMA,EQ, 22-Mar-2024,97.5,98.25,102.0,97.5,100.0,98.9,99.58,32067,31.93,466, 18091, 56.42,2024-03-22
BALRAMCHIN,EQ, 22-Mar-2024,366.35,366.5,372.6,363.3,365.95,366.15,368.36,1232410,4539.73,14205, 506098, 41.07,2024-03-22
BANARBEADS,EQ, 22-Mar-2024,94.65,93.0,94.0,91.0,91.0,91.25,92.4,7570,6.99,450, 3242, 42.83,2024-03-22
BANARISUG,EQ, 22-Mar-2024,2373.9,2395.0,2395.0,2319.05,2377.0,2351.0,2359.4,1128,26.61,465, 623, 55.23,2024-03-22
BANCOINDIA,EQ, 22-Mar-2024,582.75,586.35,598.25,571.5,588.7,584.05,589.98,89978,530.85,12676, 27552, 30.62,2024-03-22
BANDHANBNK,EQ, 22-Mar-2024,180.45,181.0,182.85,180.45,181.85,181.75,181.8,14713576,26749.45,54782, 9161168, 62.26,2024-03-22
BANKBARODA,EQ, 22-Mar-2024,255.7,255.5,260.9,253.65,260.05,259.8,257.85,11402546,29401.32,57018, 4477653, 39.27,2024-03-22
BANKBEES,EQ, 22-Mar-2024,475.25,475.74,478.06,474.0,477.0,477.01,476.8,536471,2557.91,5134, 251138, 46.81,2024-03-22
BANKBETF,EQ, 22-Mar-2024,46.65,47.97,47.97,46.4,46.83,46.84,46.94,375995,176.47,96, 375359, 99.83,2024-03-22
BANKETF,EQ, 22-Mar-2024,467.81,467.0,469.96,467.0,469.34,469.22,468.88,595,2.79,65, 354, 59.50,2024-03-22
BANKETFADD,EQ, 22-Mar-2024,47.11,46.17,47.5,46.17,47.09,47.19,47.22,583890,275.74,3257, 542898, 92.98,2024-03-22
BANKIETF,EQ, 22-Mar-2024,47.02,47.09,47.35,47.0,47.29,47.21,47.22,66148,31.24,402, 34661, 52.40,2024-03-22
BANKINDIA,EQ, 22-Mar-2024,134.6,135.7,137.7,134.9,135.75,135.8,136.26,8881966,12102.95,43217, 3373887, 37.99,2024-03-22
BANKNIFTY1,EQ, 22-Mar-2024,478.32,475.11,479.99,474.91,479.99,479.24,477.26,4166,19.88,220, 3521, 84.52,2024-03-22
BANSWRAS,EQ, 22-Mar-2024,152.0,151.3,152.9,148.3,148.65,149.6,150.53,39318,59.18,1768, 23496, 59.76,2024-03-22
BARBEQUE,EQ, 22-Mar-2024,542.35,544.0,544.0,530.0,531.6,531.75,535.12,75779,405.51,7344, 44976, 59.35,2024-03-22
BASF,EQ, 22-Mar-2024,3203.1,3201.0,3249.55,3178.15,3236.0,3228.75,3224.23,8314,268.06,1996, 3040, 36.56,2024-03-22
BASML,EQ, 22-Mar-2024,39.9,39.9,41.85,39.5,40.8,40.4,40.69,190140,77.36,1018, 130329, 68.54,2024-03-22
BATAINDIA,EQ, 22-Mar-2024,1379.65,1379.65,1397.75,1376.1,1385.0,1382.7,1386.61,391026,5422.0,22519, 213796, 54.68,2024-03-22
BAYERCROP,EQ, 22-Mar-2024,5065.3,5088.0,5115.85,5023.0,5075.0,5079.0,5063.17,13006,658.52,3298, 8326, 64.02,2024-03-22
BBETF0432,EQ, 22-Mar-2024,1136.64,1134.35,1138.99,1134.35,1138.0,1138.0,1136.48,694,7.89,29, 516, 74.35,2024-03-22
BBL,EQ, 22-Mar-2024,5407.45,5449.6,5508.5,5374.65,5475.0,5483.55,5464.33,14323,782.66,4597, 5864, 40.94,2024-03-22
BBNPPGOLD,EQ, 22-Mar-2024,66.6,54.0,65.9,54.0,65.6,65.6,65.53,2042,1.34,40, 1581, 77.42,2024-03-22
BBOX,EQ, 22-Mar-2024,231.45,235.95,237.0,230.05,235.7,234.15,233.9,76491,178.91,1620, 54108, 70.74,2024-03-22
BBTC,EQ, 22-Mar-2024,1575.65,1570.95,1594.85,1570.0,1574.0,1574.8,1580.88,24772,391.62,3196, 14594, 58.91,2024-03-22
BBTCL,EQ, 22-Mar-2024,271.1,272.45,296.0,255.0,264.0,264.35,278.81,124566,347.3,3410, 24729, 19.85,2024-03-22
BCG,EQ, 22-Mar-2024,14.85,14.9,15.15,14.7,14.9,14.9,14.9,22046857,3284.02,16537, 7789071, 35.33,2024-03-22
BCLIND,EQ, 22-Mar-2024,58.3,58.4,60.35,58.35,59.9,59.85,59.57,699062,416.46,5495, 451709, 64.62,2024-03-22
BDL,EQ, 22-Mar-2024,1661.9,1706.0,1719.7,1680.05,1686.0,1686.05,1694.57,1280144,21692.98,50568, 489571, 38.24,2024-03-22
BEARDSELL,EQ, 22-Mar-2024,38.7,39.5,39.5,38.0,39.0,38.8,38.74,30337,11.75,194, 23929, 78.88,2024-03-22
BECTORFOOD,EQ, 22-Mar-2024,1040.15,1050.55,1053.7,1035.0,1052.0,1051.35,1047.06,101885,1066.8,7694, 66562, 65.33,2024-03-22
BEL,EQ, 22-Mar-2024,196.85,196.5,198.95,192.75,197.75,197.5,196.02,31321524,61395.08,138929, 14842827, 47.39,2024-03-22
BEML,EQ, 22-Mar-2024,3012.4,3012.0,3111.6,2997.6,3094.0,3091.05,3058.46,283525,8671.5,25863, 82438, 29.08,2024-03-22
BEPL,EQ, 22-Mar-2024,87.25,87.8,89.0,87.25,88.6,88.15,88.47,445485,394.14,4618, 250468, 56.22,2024-03-22
BERGEPAINT,EQ, 22-Mar-2024,555.55,552.0,559.9,552.0,559.85,558.35,557.18,394757,2199.49,19107, 142930, 36.21,2024-03-22
BFINVEST,EQ, 22-Mar-2024,529.1,528.25,542.0,523.7,527.1,528.5,533.83,82502,440.42,6012, 21180, 25.67,2024-03-22
BFSI,EQ, 22-Mar-2024,21.04,21.05,21.21,21.0,21.1,21.12,21.18,509620,107.93,643, 435317, 85.42,2024-03-22
BFUTILITIE,EQ, 22-Mar-2024,729.5,729.4,771.0,721.0,757.1,759.8,755.17,577479,4360.95,28002, 151952, 26.31,2024-03-22
BHAGCHEM,EQ, 22-Mar-2024,1561.95,1575.95,1645.0,1543.6,1626.05,1622.05,1601.8,2432,38.96,488, 1428, 58.72,2024-03-22
BHAGERIA,EQ, 22-Mar-2024,154.3,156.0,156.0,151.25,153.5,152.3,153.24,43859,67.21,1730, 24534, 55.94,2024-03-22
BHAGYANGR,EQ, 22-Mar-2024,84.8,85.2,87.9,83.15,85.4,84.1,85.58,99203,84.9,1268, 51039, 51.45,2024-03-22
BHANDARI,EQ, 22-Mar-2024,8.05,8.35,8.45,7.95,8.15,8.2,8.18,1475381,120.74,1950, 669088, 45.35,2024-03-22
BHARATFORG,EQ, 22-Mar-2024,1102.0,1102.0,1133.6,1101.3,1131.75,1128.95,1123.52,1129996,12695.7,67472, 407711, 36.08,2024-03-22
BHARATGEAR,EQ, 22-Mar-2024,102.9,102.3,105.95,102.3,105.9,104.5,104.68,79966,83.71,1560, 47912, 59.92,2024-03-22
BHARATRAS,EQ, 22-Mar-2024,8796.0,8817.45,8834.35,8710.0,8710.2,8747.85,8785.28,851,74.76,243, 673, 79.08,2024-03-22
BHARTIARTL,EQ, 22-Mar-2024,1220.8,1226.95,1245.0,1222.0,1237.0,1236.1,1233.66,7840007,96718.77,276675, 4348160, 55.46,2024-03-22
BHEL,EQ, 22-Mar-2024,237.2,235.0,240.35,234.55,238.6,239.1,238.08,18998595,45231.57,109173, 4481148, 23.59,2024-03-22
BIGBLOC,EQ, 22-Mar-2024,190.0,202.0,202.0,192.35,197.5,197.4,196.81,239587,471.53,9958, 104285, 43.53,2024-03-22
BIKAJI,EQ, 22-Mar-2024,498.5,498.0,499.0,489.0,490.55,489.85,493.01,219847,1083.88,4903, 181178, 82.41,2024-03-22
BIL,EQ, 22-Mar-2024,255.65,259.25,276.9,255.3,260.0,264.7,267.05,24653,65.84,1222, 18386, 74.58,2024-03-22
BIOCON,EQ, 22-Mar-2024,248.7,250.2,254.7,248.45,252.1,252.2,252.93,5586546,14129.95,39822, 2585031, 46.27,2024-03-22
BIOFILCHEM,EQ, 22-Mar-2024,60.95,62.5,62.95,61.25,61.6,61.6,62.01,36551,22.67,441, 18602, 50.89,2024-03-22
BIRLACABLE,EQ, 22-Mar-2024,230.2,232.5,245.0,232.0,239.3,238.05,237.46,172933,410.64,12397, 63073, 36.47,2024-03-22
BIRLACORPN,EQ, 22-Mar-2024,1461.45,1465.7,1465.95,1438.2,1447.3,1448.85,1452.75,94290,1369.8,8363, 62535, 66.32,2024-03-22
BLAL,EQ, 22-Mar-2024,224.55,228.4,235.75,227.05,235.75,235.75,233.82,224825,525.68,2066, 160228, 71.27,2024-03-22
BLISSGVS,EQ, 22-Mar-2024,114.4,113.55,118.25,113.1,115.65,115.7,115.59,506169,585.09,7854, 190336, 37.60,2024-03-22
BLKASHYAP,EQ, 22-Mar-2024,65.85,65.85,67.4,65.2,66.45,66.3,66.46,556379,369.79,2312, 369766, 66.46,2024-03-22
BLS,EQ, 22-Mar-2024,324.3,323.55,329.9,318.5,324.95,324.3,324.69,3325709,10798.13,66740, 561663, 16.89,2024-03-22
BLSE,EQ, 22-Mar-2024,317.9,318.4,326.7,310.3,315.5,315.3,317.88,2803891,8913.03,48884, 191316, 6.82,2024-03-22
BLUEDART,EQ, 22-Mar-2024,5637.3,5715.0,5900.0,5681.0,5780.0,5812.15,5807.5,47473,2756.99,6850, 30001, 63.20,2024-03-22
BLUEJET,EQ, 22-Mar-2024,364.55,367.05,371.0,362.0,370.5,369.7,367.14,143144,525.54,5276, 104706, 73.15,2024-03-22
BLUESTARCO,EQ, 22-Mar-2024,1247.25,1247.0,1254.8,1225.0,1237.9,1241.3,1246.32,222397,2771.78,8951, 182533, 82.08,2024-03-22
BODALCHEM,EQ, 22-Mar-2024,78.0,78.0,81.15,78.0,79.6,80.15,79.9,1353558,1081.51,7608, 538896, 39.81,2024-03-22
BOMDYEING,EQ, 22-Mar-2024,155.45,154.05,157.55,154.05,155.25,155.15,156.06,545677,851.56,8273, 266060, 48.76,2024-03-22
BOROLTD,EQ, 22-Mar-2024,370.55,366.15,376.5,366.15,374.35,374.3,371.13,65970,244.83,5928, 31709, 48.07,2024-03-22
BORORENEW,EQ, 22-Mar-2024,503.25,503.95,528.9,497.5,522.5,523.6,519.34,1318229,6846.14,36835, 347355, 26.35,2024-03-22
BOSCHLTD,EQ, 22-Mar-2024,30066.25,30066.0,30450.0,29899.25,30100.0,30178.7,30263.32,38966,11792.41,12077, 18847, 48.37,2024-03-22
BPCL,EQ, 22-Mar-2024,587.8,589.0,604.45,584.55,592.5,592.8,596.86,10722770,63999.57,150790, 2802948, 26.14,2024-03-22
BPL,EQ, 22-Mar-2024,89.9,90.8,93.6,89.3,89.6,89.95,91.62,478538,438.42,5204, 132106, 27.61,2024-03-22
BRIGADE,EQ, 22-Mar-2024,904.25,908.9,974.9,906.05,934.4,932.0,945.91,1238932,11719.16,61474, 312169, 25.20,2024-03-22
BRITANNIA,EQ, 22-Mar-2024,4806.7,4800.0,4892.95,4784.9,4846.0,4865.0,4845.86,264787,12831.22,52125, 139222, 52.58,2024-03-22
BSE,EQ, 22-Mar-2024,2243.1,2249.0,2274.9,2190.0,2197.05,2197.8,2224.6,629614,14006.42,53894, 256655, 40.76,2024-03-22
BSE500IETF,EQ, 22-Mar-2024,33.4,33.6,33.65,32.91,33.63,33.62,33.45,209120,69.95,600, 174601, 83.49,2024-03-22
BSHSL,EQ, 22-Mar-2024,210.15,213.9,215.45,208.1,211.0,210.8,211.68,32380,68.54,618, 25530, 78.84,2024-03-22
BSL,EQ, 22-Mar-2024,165.5,167.15,170.95,165.0,165.0,166.3,168.21,13396,22.53,285, 9300, 69.42,2024-03-22
BSLGOLDETF,EQ, 22-Mar-2024,59.66,59.66,59.66,59.01,59.2,59.19,59.33,5440,3.23,234, 3529, 64.87,2024-03-22
BSLNIFTY,EQ, 22-Mar-2024,25.09,25.2,25.27,24.6,25.16,25.15,25.1,126112,31.66,2767, 43270, 34.31,2024-03-22
BSLSENETFG,EQ, 22-Mar-2024,71.04,72.7,72.7,70.59,71.47,71.42,71.31,1070,0.76,49, 789, 73.74,2024-03-22
BSOFT,EQ, 22-Mar-2024,738.95,725.05,738.95,713.1,730.55,730.9,729.23,2154342,15710.18,55951, 702274, 32.60,2024-03-22
BTML,EQ, 22-Mar-2024,174.45,175.7,179.8,167.0,167.0,169.1,172.79,83139,143.66,1743, 61137, 73.54,2024-03-22
BURNPUR,EQ, 22-Mar-2024,6.15,6.25,6.45,6.0,6.45,6.45,6.29,239899,15.1,279, 160806, 67.03,2024-03-22
BUTTERFLY,EQ, 22-Mar-2024,777.7,777.75,815.0,776.0,799.95,800.7,792.3,19755,156.52,2282, 10736, 54.35,2024-03-22
BYKE,EQ, 22-Mar-2024,57.3,57.3,59.4,57.0,58.2,57.3,58.28,93128,54.28,596, 63986, 68.71,2024-03-22
CAMLINFINE,EQ, 22-Mar-2024,100.35,100.4,101.5,97.75,99.25,98.4,99.21,2201314,2183.84,13632, 1439436, 65.39,2024-03-22
CAMPUS,EQ, 22-Mar-2024,223.05,223.0,226.55,222.6,225.15,224.85,224.99,996584,2242.2,16865, 308432, 30.95,2024-03-22
CAMS,EQ, 22-Mar-2024,2943.25,2938.8,3136.45,2922.3,3085.0,3089.1,3088.17,796076,24584.18,65534, 181571, 22.81,2024-03-22
CANBK,EQ, 22-Mar-2024,563.9,563.9,577.5,563.45,571.05,573.15,571.48,5823098,33278.13,55947, 1758620, 30.20,2024-03-22
CANFINHOME,EQ, 22-Mar-2024,738.2,739.95,751.95,736.25,746.75,747.1,746.41,496110,3703.01,29543, 160032, 32.26,2024-03-22
CANTABIL,EQ, 22-Mar-2024,225.25,225.25,231.0,221.05,224.0,224.4,227.32,237852,540.69,13012, 60868, 25.59,2024-03-22
CAPACITE,EQ, 22-Mar-2024,259.45,259.5,279.3,259.5,274.75,275.75,273.7,4132518,11310.55,47264, 1884367, 45.60,2024-03-22
CAPITALSFB,EQ, 22-Mar-2024,327.85,327.85,331.7,326.05,329.5,328.35,328.19,78193,256.62,4193, 48863, 62.49,2024-03-22
CAPLIPOINT,EQ, 22-Mar-2024,1267.0,1270.0,1289.9,1263.0,1267.0,1268.7,1273.54,125971,1604.29,8723, 78412, 62.25,2024-03-22
CAPTRUST,EQ, 22-Mar-2024,101.05,101.3,105.2,98.65,101.2,101.75,102.55,27751,28.46,1336, 15158, 54.62,2024-03-22
CARBORUNIV,EQ, 22-Mar-2024,1155.5,1168.1,1259.0,1154.9,1231.95,1248.9,1231.36,961299,11837.04,50172, 223139, 23.21,2024-03-22
CARERATING,EQ, 22-Mar-2024,1113.75,1101.85,1138.85,1097.4,1130.5,1127.4,1125.63,32986,371.3,7889, 18990, 57.57,2024-03-22
CARTRADE,EQ, 22-Mar-2024,647.1,644.9,651.95,633.6,636.9,637.4,641.17,94249,604.3,12826, 50042, 53.10,2024-03-22
CARYSIL,EQ, 22-Mar-2024,953.1,955.0,982.25,951.6,966.45,963.3,965.85,55653,537.53,4363, 33603, 60.38,2024-03-22
CASTROLIND,EQ, 22-Mar-2024,193.65,193.0,193.5,191.0,191.25,191.5,192.15,2228299,4281.79,21518, 1083634, 48.63,2024-03-22
CCL,EQ, 22-Mar-2024,596.3,599.3,611.0,590.05,605.05,604.6,602.92,110616,666.93,9173, 55526, 50.20,2024-03-22
CDSL,EQ, 22-Mar-2024,1766.1,1760.0,1798.0,1755.1,1785.0,1787.35,1781.91,677206,12067.21,44736, 216476, 31.97,2024-03-22
CEATLTD,EQ, 22-Mar-2024,2528.15,2528.0,2602.0,2503.15,2585.0,2593.0,2575.35,111440,2869.97,13435, 45720, 41.03,2024-03-22
CELLO,EQ, 22-Mar-2024,785.0,787.4,789.65,775.35,780.05,786.0,780.16,83165,648.82,3846, 54489, 65.52,2024-03-22
CENTENKA,EQ, 22-Mar-2024,406.4,406.4,413.25,405.0,408.5,409.2,409.52,30894,126.52,2319, 21904, 70.90,2024-03-22
CENTRALBK,EQ, 22-Mar-2024,57.9,58.2,59.8,57.95,59.2,59.25,59.1,14903892,8808.59,27858, 3192766, 21.42,2024-03-22
CENTRUM,EQ, 22-Mar-2024,29.2,29.3,30.15,28.7,29.05,29.4,29.55,785370,232.06,3522, 298142, 37.96,2024-03-22
CENTUM,EQ, 22-Mar-2024,1618.55,1581.6,1646.9,1570.0,1618.0,1629.9,1611.99,23683,381.77,5845, 9288, 39.22,2024-03-22
CENTURYPLY,EQ, 22-Mar-2024,637.4,637.0,650.0,633.1,640.15,638.1,642.1,103437,664.17,10036, 34062, 32.93,2024-03-22
CENTURYTEX,EQ, 22-Mar-2024,1457.05,1465.0,1487.0,1449.9,1455.0,1459.3,1464.0,156722,2294.42,13174, 51428, 32.81,2024-03-22
CERA,EQ, 22-Mar-2024,6811.15,6831.6,6950.0,6820.0,6888.9,6841.15,6846.53,43633,2987.35,7060, 34940, 80.08,2024-03-22
CESC,EQ, 22-Mar-2024,120.55,120.0,122.9,118.3,119.45,119.7,120.76,4636040,5598.36,36188, 1903211, 41.05,2024-03-22
CGCL,EQ, 22-Mar-2024,205.2,205.9,208.85,201.2,201.3,202.2,204.16,143928,293.84,4961, 86609, 60.18,2024-03-22
CGPOWER,EQ, 22-Mar-2024,541.4,541.4,541.4,520.2,534.1,535.95,530.46,8796374,46660.93,152837, 2767319, 31.46,2024-03-22
CHALET,EQ, 22-Mar-2024,823.45,815.05,831.65,809.4,820.0,819.1,817.12,612128,5001.79,29686, 377583, 61.68,2024-03-22
CHAMBLFERT,EQ, 22-Mar-2024,343.85,343.5,346.5,342.8,344.6,343.85,344.74,515830,1778.29,7395, 224046, 43.43,2024-03-22
CHEMBOND,EQ, 22-Mar-2024,470.2,470.3,504.95,464.15,496.95,494.3,480.93,35686,171.62,4352, 16802, 47.08,2024-03-22
CHEMCON,EQ, 22-Mar-2024,248.4,249.0,258.85,249.0,253.25,252.95,255.08,104898,267.57,5229, 48137, 45.89,2024-03-22
CHEMFAB,EQ, 22-Mar-2024,658.0,670.1,700.0,642.0,653.4,660.0,665.91,93746,624.26,4608, 36361, 38.79,2024-03-22
CHEMPLASTS,EQ, 22-Mar-2024,436.85,435.0,456.8,435.0,443.9,443.3,443.47,730121,3237.89,9609, 642378, 87.98,2024-03-22
CHENNPETRO,EQ, 22-Mar-2024,865.4,856.5,889.45,856.5,878.0,877.7,878.41,756727,6647.14,28215, 120239, 15.89,2024-03-22
CHEVIOT,EQ, 22-Mar-2024,1266.25,1319.95,1320.55,1274.5,1300.0,1299.0,1295.34,4100,53.11,709, 2368, 57.76,2024-03-22
CHOICEIN,EQ, 22-Mar-2024,252.35,255.95,262.55,254.15,258.0,258.5,258.6,500296,1293.75,10090, 160820, 32.14,2024-03-22
CHOLAFIN,EQ, 22-Mar-2024,1074.2,1072.05,1093.5,1066.2,1090.4,1089.4,1086.28,1861277,20218.6,49387, 1415331, 76.04,2024-03-22
CHOLAHLDNG,EQ, 22-Mar-2024,1050.8,1044.65,1098.1,1043.05,1082.0,1087.45,1069.24,186103,1989.9,13531, 137816, 74.05,2024-03-22
CIEINDIA,EQ, 22-Mar-2024,441.65,443.85,449.7,440.0,445.4,445.55,445.59,237917,1060.14,14927, 126876, 53.33,2024-03-22
CIGNITITEC,EQ, 22-Mar-2024,1252.0,1260.35,1285.0,1238.05,1280.0,1280.45,1267.24,270846,3432.28,9720, 171360, 63.27,2024-03-22
CINELINE,EQ, 22-Mar-2024,115.9,116.5,122.25,115.0,120.0,120.8,118.3,24434,28.91,373, 17786, 72.79,2024-03-22
CINEVISTA,EQ, 22-Mar-2024,18.8,18.75,20.25,18.35,19.85,19.65,19.35,45938,8.89,748, 29826, 64.93,2024-03-22
CIPLA,EQ, 22-Mar-2024,1448.7,1453.0,1489.6,1451.05,1477.6,1481.25,1473.66,1746930,25743.88,77213, 788459, 45.13,2024-03-22
CLEAN,EQ, 22-Mar-2024,1296.85,1300.0,1322.85,1298.0,1315.6,1307.3,1310.45,87200,1142.71,7968, 41016, 47.04,2024-03-22
CLEDUCATE,EQ, 22-Mar-2024,86.95,87.3,89.0,85.0,85.7,85.55,86.83,59825,51.94,1324, 32712, 54.68,2024-03-22
CLSEL,EQ, 22-Mar-2024,206.6,207.95,216.35,206.0,210.0,210.55,210.7,98704,207.97,4207, 49850, 50.50,2024-03-22
CMSINFO,EQ, 22-Mar-2024,380.35,380.2,386.8,378.55,385.7,384.65,383.51,475335,1822.95,18541, 266488, 56.06,2024-03-22
COALINDIA,EQ, 22-Mar-2024,432.05,430.9,436.2,428.3,432.2,431.95,432.33,9172888,39657.52,118348, 3795347, 41.38,2024-03-22
COASTCORP,EQ, 22-Mar-2024,249.3,249.95,255.0,247.0,248.7,249.2,248.98,14312,35.63,612, 9353, 65.35,2024-03-22
COCHINSHIP,EQ, 22-Mar-2024,895.85,898.0,930.8,897.05,905.95,902.45,912.1,3150242,28733.44,72971, 596408, 18.93,2024-03-22
COFFEEDAY,EQ, 22-Mar-2024,51.15,50.95,52.6,50.8,52.0,51.75,51.78,3293403,1705.46,8597, 1222245, 37.11,2024-03-22
COFORGE,EQ, 22-Mar-2024,5706.75,5601.15,5639.3,5462.15,5552.3,5540.1,5540.36,1055867,58498.81,104248, 461520, 43.71,2024-03-22
COLPAL,EQ, 22-Mar-2024,2679.15,2685.05,2715.0,2674.0,2707.0,2708.05,2701.62,210480,5686.37,35529, 111724, 53.08,2024-03-22
COMMOIETF,EQ, 22-Mar-2024,81.75,82.81,82.81,81.64,82.0,82.28,82.23,34083,28.03,310, 25466, 74.72,2024-03-22
COMPUSOFT,EQ, 22-Mar-2024,25.25,24.7,26.9,24.7,26.6,26.2,26.16,103785,27.15,741, 54547, 52.56,2024-03-22
COMSYN,EQ, 22-Mar-2024,66.6,68.4,68.85,64.2,65.55,65.25,66.5,32157,21.38,442, 23400, 72.77,2024-03-22
CONCOR,EQ, 22-Mar-2024,873.2,873.2,880.95,864.6,868.35,868.1,870.34,999736,8701.11,44932, 326633, 32.67,2024-03-22
CONCORDBIO,EQ, 22-Mar-2024,1466.6,1451.05,1505.0,1451.05,1494.05,1493.1,1490.34,48086,716.64,8115, 15591, 32.42,2024-03-22
CONFIPET,EQ, 22-Mar-2024,88.6,88.1,89.95,87.0,88.35,88.6,88.69,1667123,1478.64,9416, 736189, 44.16,2024-03-22
CONS,EQ, 22-Mar-2024,99.79,99.8,101.49,99.8,101.2,101.19,100.44,1320,1.33,29, 1204, 91.21,2024-03-22
CONSOFINVT,EQ, 22-Mar-2024,236.05,236.05,238.45,231.15,235.95,234.35,235.57,17037,40.13,852, 11164, 65.53,2024-03-22
CONSUMBEES,EQ, 22-Mar-2024,108.46,110.65,110.65,108.12,109.45,109.4,109.09,42002,45.82,463, 24812, 59.07,2024-03-22
CONSUMIETF,EQ, 22-Mar-2024,100.71,103.7,103.7,100.6,101.5,101.55,101.56,16841,17.1,140, 14233, 84.51,2024-03-22
CONTROLPR,EQ, 22-Mar-2024,925.2,937.55,937.55,909.05,937.05,934.6,929.82,12671,117.82,2132, 7994, 63.09,2024-03-22
COROMANDEL,EQ, 22-Mar-2024,1066.0,1063.95,1076.0,1055.2,1061.85,1065.45,1066.81,896943,9568.69,49442, 562566, 62.72,2024-03-22
COSMOFIRST,EQ, 22-Mar-2024,507.5,510.0,543.8,510.0,533.7,529.2,531.86,177993,946.68,9050, 87557, 49.19,2024-03-22
COUNCODOS,EQ, 22-Mar-2024,4.9,5.0,5.0,4.75,5.0,4.95,4.87,42223,2.06,181, 25635, 60.71,2024-03-22
CPSEETF,EQ, 22-Mar-2024,78.39,78.9,79.18,77.92,78.88,78.78,78.44,6214298,4874.29,10309, 3084145, 49.63,2024-03-22
CRAFTSMAN,EQ, 22-Mar-2024,3972.35,3988.95,4160.0,3964.8,4153.0,4149.55,4110.19,64305,2643.06,12729, 33560, 52.19,2024-03-22
CREATIVE,EQ, 22-Mar-2024,712.85,716.05,732.0,701.05,712.6,707.15,717.47,34688,248.88,961, 29790, 85.88,2024-03-22
CREDITACC,EQ, 22-Mar-2024,1399.45,1406.0,1406.5,1370.0,1378.9,1381.3,1393.68,250606,3492.65,12177, 163567, 65.27,2024-03-22
CREST,EQ, 22-Mar-2024,396.1,401.0,401.0,393.75,396.0,395.7,395.74,15620,61.81,429, 13235, 84.73,2024-03-22
CRISIL,EQ, 22-Mar-2024,4976.7,5001.55,5049.95,4985.1,5010.0,5006.0,5010.68,19970,1000.63,5632, 9398, 47.06,2024-03-22
CROMPTON,EQ, 22-Mar-2024,269.75,268.75,271.7,261.25,269.0,269.35,268.2,11215203,30078.63,30855, 9321673, 83.12,2024-03-22
CSBBANK,EQ, 22-Mar-2024,343.0,342.85,349.2,342.85,344.75,346.9,346.67,97333,337.42,5602, 46042, 47.30,2024-03-22
CSLFINANCE,EQ, 22-Mar-2024,424.9,425.0,457.05,423.0,447.0,445.35,443.52,40480,179.54,3459, 27500, 67.93,2024-03-22
CUB,EQ, 22-Mar-2024,133.2,133.05,137.6,133.05,135.4,135.45,136.0,4277665,5817.66,24621, 1759521, 41.13,2024-03-22
CUMMINSIND,EQ, 22-Mar-2024,2898.25,2907.0,2948.0,2872.55,2944.95,2930.8,2912.3,568710,16562.53,45624, 175799, 30.91,2024-03-22
CYBERTECH,EQ, 22-Mar-2024,142.3,141.0,147.45,139.95,141.4,142.5,144.08,92625,133.46,3154, 45128, 48.72,2024-03-22
CYIENT,EQ, 22-Mar-2024,1986.8,1962.05,2005.85,1942.05,1962.8,1963.0,1968.11,187131,3682.94,30837, 108368, 57.91,2024-03-22
CYIENTDLM,EQ, 22-Mar-2024,685.25,670.0,692.8,670.0,687.6,689.95,685.88,121444,832.96,9257, 38694, 31.86,2024-03-22
DABUR,EQ, 22-Mar-2024,523.95,524.0,527.35,519.0,521.0,520.8,520.96,1072318,5586.4,29627, 718259, 66.98,2024-03-22
DALBHARAT,EQ, 22-Mar-2024,1922.15,1920.0,1970.8,1907.6,1965.0,1959.25,1940.32,219824,4265.3,23925, 97919, 44.54,2024-03-22
DALMIASUG,EQ, 22-Mar-2024,357.25,357.05,364.0,357.05,360.7,361.15,360.6,45785,165.1,4465, 27864, 60.86,2024-03-22
DAMODARIND,EQ, 22-Mar-2024,45.3,45.0,46.9,45.0,45.35,46.25,46.04,31817,14.65,294, 24913, 78.30,2024-03-22
DANGEE,EQ, 22-Mar-2024,9.05,9.15,9.5,8.8,8.85,8.9,9.12,583861,53.23,679, 437872, 75.00,2024-03-22
DATAMATICS,EQ, 22-Mar-2024,531.95,530.0,555.65,526.05,552.0,550.6,543.97,259990,1414.26,13471, 75799, 29.15,2024-03-22
DATAPATTNS,EQ, 22-Mar-2024,2352.1,2371.95,2371.95,2300.0,2320.05,2328.35,2334.16,139560,3257.55,12161, 42977, 30.79,2024-03-22
DAVANGERE,EQ, 22-Mar-2024,77.05,76.0,81.0,75.2,77.55,79.2,78.65,258660,203.44,2285, 117172, 45.30,2024-03-22
DBL,EQ, 22-Mar-2024,406.0,405.2,417.7,404.75,416.2,415.8,413.09,398184,1644.87,13454, 157798, 39.63,2024-03-22
DBOL,EQ, 22-Mar-2024,121.7,121.7,123.4,121.4,122.0,122.25,122.5,247273,302.92,2499, 189123, 76.48,2024-03-22
DBREALTY,EQ, 22-Mar-2024,204.25,205.15,210.5,196.7,198.0,198.7,204.87,13487517,27632.27,32534, 8341133, 61.84,2024-03-22
DBSTOCKBRO,EQ, 22-Mar-2024,40.15,41.8,42.15,40.25,42.15,41.95,41.43,8077,3.35,134, 4758, 58.91,2024-03-22
DCAL,EQ, 22-Mar-2024,220.55,221.0,226.7,220.0,225.0,225.1,224.18,451131,1011.33,3548, 261188, 57.90,2024-03-22
DCBBANK,EQ, 22-Mar-2024,120.35,120.35,121.75,120.1,120.95,120.75,121.21,2545402,3085.22,12225, 1999647, 78.56,2024-03-22
DCI,EQ, 22-Mar-2024,179.5,184.95,184.95,179.0,183.65,180.75,181.8,6529,11.87,446, 4139, 63.39,2024-03-22
DCM,EQ, 22-Mar-2024,74.95,74.75,75.85,74.0,74.45,74.1,74.9,36461,27.31,512, 26995, 74.04,2024-03-22
DCMNVL,EQ, 22-Mar-2024,203.15,202.0,209.4,202.0,206.5,206.3,206.39,40656,83.91,3101, 19223, 47.28,2024-03-22
DCMSHRIRAM,EQ, 22-Mar-2024,894.8,898.0,899.0,885.0,888.0,887.8,892.15,30809,274.86,3743, 16640, 54.01,2024-03-22
DCMSRIND,EQ, 22-Mar-2024,183.15,184.7,193.35,184.05,189.0,190.0,189.7,274561,520.84,11821, 149662, 54.51,2024-03-22
DCW,EQ, 22-Mar-2024,50.2,50.1,53.1,50.0,51.2,51.25,51.91,5509818,2859.96,10724, 1339162, 24.31,2024-03-22
DCXINDIA,EQ, 22-Mar-2024,281.95,282.5,287.9,281.3,282.05,283.95,284.35,615778,1750.99,12173, 412022, 66.91,2024-03-22
DECCANCE,EQ, 22-Mar-2024,582.25,585.2,620.45,572.05,595.0,602.65,599.77,20019,120.07,2102, 10620, 53.05,2024-03-22
DEEPAKFERT,EQ, 22-Mar-2024,482.2,483.8,495.5,482.05,483.0,484.2,487.99,540826,2639.2,15863, 282458, 52.23,2024-03-22
DEEPAKNTR,EQ, 22-Mar-2024,2149.85,2160.0,2183.3,2148.15,2158.0,2161.15,2166.35,225223,4879.13,18504, 67166, 29.82,2024-03-22
DEEPENR,EQ, 22-Mar-2024,176.65,179.5,180.0,175.1,179.8,178.2,178.79,28372,50.73,2145, 15838, 55.82,2024-03-22
DEEPINDS,EQ, 22-Mar-2024,258.1,258.05,294.3,257.6,292.0,290.25,280.01,1941267,5435.72,53316, 821785, 42.33,2024-03-22
DELHIVERY,EQ, 22-Mar-2024,459.0,462.1,465.5,460.3,464.5,464.55,463.12,432603,2003.46,19829, 263127, 60.82,2024-03-22
DELPHIFX,EQ, 22-Mar-2024,228.65,227.05,234.95,227.05,232.7,233.7,232.33,42814,99.47,486, 37589, 87.80,2024-03-22
DELTACORP,EQ, 22-Mar-2024,121.15,121.0,122.7,120.0,120.3,120.2,121.27,2131122,2584.4,16135, 1304465, 61.21,2024-03-22
DELTAMAGNT,EQ, 22-Mar-2024,98.9,97.7,99.7,95.15,96.0,96.2,97.4,11595,11.29,338, 8615, 74.30,2024-03-22
DEN,EQ, 22-Mar-2024,49.85,49.85,51.25,49.75,50.55,50.5,50.62,1882424,952.98,5075, 892072, 47.39,2024-03-22
DENORA,EQ, 22-Mar-2024,1460.85,1460.85,1486.2,1460.85,1479.0,1474.4,1476.93,14831,219.04,1974, 9649, 65.06,2024-03-22
DEVIT,EQ, 22-Mar-2024,101.7,101.5,104.9,100.1,101.7,101.0,102.21,59869,61.19,687, 48163, 80.45,2024-03-22
DEVYANI,EQ, 22-Mar-2024,156.1,156.1,157.4,154.6,155.15,155.2,156.44,1242134,1943.23,13591, 750228, 60.40,2024-03-22
DGCONTENT,EQ, 22-Mar-2024,19.9,19.9,20.3,19.45,19.45,19.5,19.81,4464,0.88,90, 2196, 49.19,2024-03-22
DHAMPURSUG,EQ, 22-Mar-2024,220.1,220.5,221.95,215.0,216.9,217.25,219.3,268871,589.64,7448, 154427, 57.44,2024-03-22
DHANI,EQ, 22-Mar-2024,41.3,40.75,42.9,39.8,42.05,42.35,41.73,16385190,6837.37,28107, 6501950, 39.68,2024-03-22
DHANUKA,EQ, 22-Mar-2024,950.7,953.95,970.0,946.9,960.0,958.5,957.35,23442,224.42,3816, 8293, 35.38,2024-03-22
DHARMAJ,EQ, 22-Mar-2024,227.45,228.65,243.55,228.6,234.6,235.55,236.49,104066,246.1,9013, 53685, 51.59,2024-03-22
DHUNINV,EQ, 22-Mar-2024,1174.75,1168.0,1223.0,1168.0,1173.0,1200.55,1193.1,2522,30.09,467, 1443, 57.22,2024-03-22
DIAMINESQ,EQ, 22-Mar-2024,521.9,513.0,547.95,513.0,522.1,529.05,532.44,66786,355.6,4704, 18290, 27.39,2024-03-22
DIAMONDYD,EQ, 22-Mar-2024,980.45,980.4,983.85,960.0,982.0,970.8,974.83,18525,180.59,4364, 10341, 55.82,2024-03-22
DICIND,EQ, 22-Mar-2024,435.75,437.0,437.9,431.4,431.45,431.85,433.27,478,2.07,58, 271, 56.69,2024-03-22
DIGISPICE,EQ, 22-Mar-2024,25.55,25.2,26.3,25.2,25.5,25.55,25.74,325389,83.77,763, 255725, 78.59,2024-03-22
DIL,EQ, 22-Mar-2024,7.7,7.7,8.0,7.7,7.85,7.8,7.85,1129761,88.73,1478, 560080, 49.58,2024-03-22
DISHTV,EQ, 22-Mar-2024,17.3,17.2,18.05,17.0,17.9,17.85,17.71,51996542,9206.17,20896, 13148353, 25.29,2024-03-22
DIVGIITTS,EQ, 22-Mar-2024,790.5,783.5,802.7,775.0,793.4,783.95,790.63,24295,192.08,3230, 10107, 41.60,2024-03-22
DIVISLAB,EQ, 22-Mar-2024,3465.3,3463.0,3476.35,3425.0,3431.0,3431.45,3444.3,409887,14117.73,53474, 279080, 68.09,2024-03-22
DIVOPPBEES,EQ, 22-Mar-2024,72.11,74.25,74.25,71.02,72.15,72.13,71.93,43799,31.5,893, 21504, 49.10,2024-03-22
DIXON,EQ, 22-Mar-2024,7067.75,7040.0,7189.85,7027.0,7158.0,7165.15,7119.63,227094,16168.26,28959, 79942, 35.20,2024-03-22
DJML,EQ, 22-Mar-2024,160.35,161.2,169.0,157.0,169.0,167.55,164.47,81441,133.95,2544, 52093, 63.96,2024-03-22
DLF,EQ, 22-Mar-2024,857.7,861.05,869.9,855.6,867.0,865.9,862.94,2786894,24049.22,72031, 1180540, 42.36,2024-03-22
DLINKINDIA,EQ, 22-Mar-2024,277.65,278.05,286.3,278.0,282.95,282.6,282.14,101242,285.65,4834, 56369, 55.68,2024-03-22
DMART,EQ, 22-Mar-2024,4163.1,4159.8,4330.5,4151.15,4292.0,4297.6,4248.0,921652,39151.77,79173, 495386, 53.75,2024-03-22
DMCC,EQ, 22-Mar-2024,292.6,293.3,306.35,291.0,299.1,297.95,297.26,37124,110.36,1410, 27112, 73.03,2024-03-22
DODLA,EQ, 22-Mar-2024,834.15,834.15,843.9,827.0,827.0,830.95,833.26,19608,163.38,3425, 7586, 38.69,2024-03-22
DOLATALGO,EQ, 22-Mar-2024,70.0,70.85,70.95,68.15,68.3,68.35,69.36,234669,162.76,2171, 131043, 55.84,2024-03-22
DOLLAR,EQ, 22-Mar-2024,520.35,527.1,527.1,515.05,522.0,519.45,520.4,49801,259.17,3867, 23176, 46.54,2024-03-22
DOMS,EQ, 22-Mar-2024,1494.55,1495.0,1513.85,1475.0,1506.9,1500.75,1496.78,57877,866.29,6878, 28724, 49.63,2024-03-22
DONEAR,EQ, 22-Mar-2024,102.0,102.4,102.8,99.2,99.75,100.25,101.36,61522,62.36,932, 38231, 62.14,2024-03-22
DPABHUSHAN,EQ, 22-Mar-2024,859.3,869.0,869.0,826.2,860.0,858.3,850.02,22806,193.86,3467, 7827, 34.32,2024-03-22
DPSCLTD,EQ, 22-Mar-2024,14.95,15.05,15.4,14.85,15.05,15.0,15.07,2152493,324.3,3699, 1257975, 58.44,2024-03-22
DPWIRES,EQ, 22-Mar-2024,455.85,455.9,464.95,455.05,456.0,458.85,457.87,23543,107.8,2236, 11543, 49.03,2024-03-22
DREAMFOLKS,EQ, 22-Mar-2024,478.3,477.85,489.0,476.9,477.95,478.45,481.25,193381,930.64,10060, 93973, 48.59,2024-03-22
DRREDDY,EQ, 22-Mar-2024,6128.2,6129.0,6239.4,6105.05,6215.0,6203.2,6195.17,305719,18939.81,50699, 194288, 63.55,2024-03-22
DSSL,EQ, 22-Mar-2024,809.3,809.8,809.9,790.1,795.2,800.45,803.09,16411,131.79,2262, 9213, 56.14,2024-03-22
DTIL,EQ, 22-Mar-2024,197.2,196.0,199.0,194.1,195.0,195.95,197.26,8094,15.97,535, 5473, 67.62,2024-03-22
DVL,EQ, 22-Mar-2024,324.4,325.95,329.0,321.55,327.65,326.95,326.94,20052,65.56,612, 14207, 70.85,2024-03-22
DWARKESH,EQ, 22-Mar-2024,77.7,77.65,78.4,77.0,77.05,77.15,77.72,641039,498.2,4890, 390852, 60.97,2024-03-22
DYCL,EQ, 22-Mar-2024,376.5,380.0,391.45,372.35,382.6,380.55,382.09,31776,121.41,6067, 11033, 34.72,2024-03-22
DYNAMATECH,EQ, 22-Mar-2024,6662.9,6695.5,7040.0,6676.45,7030.0,6984.75,6868.35,17975,1234.59,4991, 7597, 42.26,2024-03-22
DYNPRO,EQ, 22-Mar-2024,276.05,272.5,281.8,269.6,277.6,275.55,274.8,41968,115.33,1382, 26663, 63.53,2024-03-22
EASEMYTRIP,EQ, 22-Mar-2024,44.25,44.25,44.35,43.65,43.85,43.75,43.88,16413696,7202.59,37949, 6895913, 42.01,2024-03-22
EBBETF0425,EQ, 22-Mar-2024,1193.8,1229.6,1229.6,1192.27,1194.0,1193.2,1192.68,8659,103.27,66, 8636, 99.73,2024-03-22
EBBETF0430,EQ, 22-Mar-2024,1353.23,1393.85,1393.85,1340.16,1352.56,1353.37,1351.82,14742,199.29,220, 14528, 98.55,2024-03-22
EBBETF0431,EQ, 22-Mar-2024,1213.86,1220.0,1220.0,1210.15,1213.96,1213.23,1212.9,5946,72.12,89, 5115, 86.02,2024-03-22
EBBETF0433,EQ, 22-Mar-2024,1106.28,1106.5,1108.99,1104.07,1108.58,1107.76,1107.5,3015,33.39,83, 2850, 94.53,2024-03-22
ECLERX,EQ, 22-Mar-2024,2358.0,2343.6,2428.0,2325.6,2405.0,2410.45,2375.74,39600,940.79,7551, 16169, 40.83,2024-03-22
EDELWEISS,EQ, 22-Mar-2024,65.3,65.15,65.7,64.3,64.45,64.55,65.09,1870596,1217.55,8178, 1201372, 64.22,2024-03-22
EGOLD,EQ, 22-Mar-2024,68.35,68.15,68.2,67.6,67.85,67.85,67.81,42143,28.58,28, 32459, 77.02,2024-03-22
EICHERMOT,EQ, 22-Mar-2024,3918.95,3945.0,4013.95,3863.2,3990.0,3988.4,3953.32,1033237,40847.2,75272, 441429, 42.72,2024-03-22
EIDPARRY,EQ, 22-Mar-2024,555.7,553.1,572.2,553.1,564.0,564.6,564.34,185175,1045.02,12807, 87833, 47.43,2024-03-22
EIFFL,EQ, 22-Mar-2024,129.85,128.65,135.0,127.0,131.5,130.55,130.06,62514,81.31,1588, 45848, 73.34,2024-03-22
EIHAHOTELS,EQ, 22-Mar-2024,679.35,681.0,714.0,681.0,709.0,709.2,700.43,15107,105.81,1837, 6606, 43.73,2024-03-22
EIHOTEL,EQ, 22-Mar-2024,419.15,420.0,425.0,415.95,423.0,421.75,420.17,361432,1518.63,27920, 164275, 45.45,2024-03-22
EIMCOELECO,EQ, 22-Mar-2024,1502.85,1547.5,1547.5,1482.1,1505.0,1507.7,1509.11,12877,194.33,883, 9888, 76.79,2024-03-22
EKC,EQ, 22-Mar-2024,130.1,130.75,134.35,129.4,131.5,132.65,132.25,602695,797.07,7032, 323419, 53.66,2024-03-22
ELDEHSG,EQ, 22-Mar-2024,765.55,754.15,782.25,745.0,760.3,770.05,760.14,1561,11.87,191, 959, 61.43,2024-03-22
ELECON,EQ, 22-Mar-2024,889.8,889.05,924.7,881.15,924.3,920.25,902.88,273633,2470.58,16616, 183247, 66.97,2024-03-22
ELECTCAST,EQ, 22-Mar-2024,156.05,157.6,166.6,156.75,163.95,163.75,161.84,3135126,5073.94,24984, 1912545, 61.00,2024-03-22
ELGIEQUIP,EQ, 22-Mar-2024,596.9,594.5,601.2,584.0,590.1,589.55,590.1,349159,2060.38,24535, 156328, 44.77,2024-03-22
ELGIRUBCO,EQ, 22-Mar-2024,51.35,51.55,52.5,49.4,50.5,50.55,51.15,44290,22.65,341, 32318, 72.97,2024-03-22
ELIN,EQ, 22-Mar-2024,140.2,140.0,142.7,138.0,138.25,139.15,140.77,195609,275.36,5032, 129075, 65.99,2024-03-22
EMAMILTD,EQ, 22-Mar-2024,428.1,430.0,438.35,419.6,424.5,424.25,429.03,1129009,4843.84,29757, 830062, 73.52,2024-03-22
EMAMIPAP,EQ, 22-Mar-2024,116.55,119.0,121.0,116.75,119.2,118.5,118.56,33921,40.22,1143, 20260, 59.73,2024-03-22
EMIL,EQ, 22-Mar-2024,193.5,197.45,197.45,193.0,193.2,193.7,195.02,106170,207.06,4310, 44966, 42.35,2024-03-22
EMMBI,EQ, 22-Mar-2024,96.25,96.25,96.9,94.75,95.5,95.85,95.86,30283,29.03,444, 23168, 76.50,2024-03-22
EMSLIMITED,EQ, 22-Mar-2024,394.1,395.85,405.6,390.0,394.6,395.9,399.69,291130,1163.63,5227, 190324, 65.37,2024-03-22
EMUDHRA,EQ, 22-Mar-2024,694.6,693.65,833.5,679.0,822.9,816.1,767.23,8720801,66908.46,196176, 817761, 9.38,2024-03-22
ENDURANCE,EQ, 22-Mar-2024,1779.9,1775.0,1823.9,1775.0,1786.0,1786.4,1791.16,58166,1041.85,11030, 39115, 67.25,2024-03-22
ENGINERSIN,EQ, 22-Mar-2024,195.9,195.9,198.0,192.05,196.25,196.55,194.73,12116074,23593.83,65870, 2867551, 23.67,2024-03-22
ENIL,EQ, 22-Mar-2024,278.3,279.0,288.7,273.8,285.0,282.75,280.81,123009,345.42,6390, 54051, 43.94,2024-03-22
ENTERO,EQ, 22-Mar-2024,998.35,998.8,1035.0,984.0,985.0,991.55,1005.99,121225,1219.51,14409, 68880, 56.82,2024-03-22
EPACK,EQ, 22-Mar-2024,159.9,160.0,162.5,158.5,159.5,159.7,159.98,320015,511.95,8482, 170071, 53.14,2024-03-22
EPIGRAL,EQ, 22-Mar-2024,1025.9,1032.0,1107.2,1029.8,1060.0,1059.55,1084.03,267245,2897.03,21416, 51453, 19.25,2024-03-22
EPL,EQ, 22-Mar-2024,183.5,184.0,186.9,182.6,182.9,183.05,183.93,417659,768.2,8891, 221342, 53.00,2024-03-22
EQUAL50ADD,EQ, 22-Mar-2024,282.33,287.7,287.7,280.7,286.0,285.57,285.11,1740,4.96,136, 1123, 64.54,2024-03-22
EQUITASBNK,EQ, 22-Mar-2024,93.5,93.5,94.0,91.8,92.75,92.8,92.58,3996075,3699.42,14994, 2807686, 70.26,2024-03-22
ERIS,EQ, 22-Mar-2024,843.0,843.0,845.8,837.15,843.0,842.95,842.21,26036,219.28,2512, 18740, 71.98,2024-03-22
EROSMEDIA,EQ, 22-Mar-2024,19.3,19.15,19.75,19.15,19.35,19.3,19.49,907698,176.88,2267, 478582, 52.72,2024-03-22
ESABINDIA,EQ, 22-Mar-2024,5136.4,5110.0,5248.8,5055.15,5225.0,5207.5,5150.98,5153,265.43,2026, 2679, 51.99,2024-03-22
ESAFSFB,EQ, 22-Mar-2024,57.1,57.45,57.85,57.05,57.15,57.3,57.52,1186018,682.25,3824, 896829, 75.62,2024-03-22
ESCORTS,EQ, 22-Mar-2024,2763.15,2760.0,2776.5,2741.55,2751.0,2750.65,2761.86,116383,3214.33,9929, 44378, 38.13,2024-03-22
ESG,EQ, 22-Mar-2024,36.49,36.67,36.98,36.53,36.87,36.85,36.81,14024,5.16,152, 6385, 45.53,2024-03-22
ESILVER,EQ, 22-Mar-2024,76.93,76.0,76.0,75.2,75.5,75.88,75.78,9374,7.1,51, 7898, 84.25,2024-03-22
ESSARSHPNG,EQ, 22-Mar-2024,21.45,21.45,21.7,20.7,20.85,20.75,20.97,567952,119.08,1770, 479824, 84.48,2024-03-22
ESTER,EQ, 22-Mar-2024,89.75,89.1,94.0,89.1,91.05,91.85,91.87,367052,337.22,4890, 121187, 33.02,2024-03-22
ETHOSLTD,EQ, 22-Mar-2024,2602.1,2614.8,2667.75,2614.8,2650.0,2643.05,2646.44,22747,601.99,4955, 15639, 68.75,2024-03-22
EVEREADY,EQ, 22-Mar-2024,333.15,333.15,335.45,332.75,333.3,333.1,333.31,54911,183.02,2161, 42215, 76.88,2024-03-22
EVERESTIND,EQ, 22-Mar-2024,1066.15,1070.5,1115.0,1070.5,1104.9,1094.35,1096.37,17079,187.25,3621, 8404, 49.21,2024-03-22
EXCELINDUS,EQ, 22-Mar-2024,731.7,731.75,759.7,731.75,754.0,751.35,749.93,17936,134.51,1853, 11522, 64.24,2024-03-22
EXICOM,EQ, 22-Mar-2024,224.75,220.75,222.45,212.55,214.0,214.55,217.39,1153097,2506.71,15501, 624843, 54.19,2024-03-22
EXIDEIND,EQ, 22-Mar-2024,305.8,305.8,308.75,303.4,307.3,307.2,305.98,1029834,3151.11,16153, 312320, 30.33,2024-03-22
EXPLEOSOL,EQ, 22-Mar-2024,1268.55,1274.0,1276.9,1252.1,1258.8,1260.35,1265.97,17570,222.43,2345, 12041, 68.53,2024-03-22
EXXARO,EQ, 22-Mar-2024,88.65,88.35,91.8,88.0,90.7,90.5,90.58,136616,123.75,1960, 74294, 54.38,2024-03-22
FACT,EQ, 22-Mar-2024,643.85,644.55,669.7,640.85,657.35,657.0,657.65,559705,3680.9,23328, 98746, 17.64,2024-03-22
FAIRCHEMOR,EQ, 22-Mar-2024,1219.5,1225.6,1255.55,1220.0,1255.5,1249.6,1239.8,14105,174.87,3481, 7365, 52.22,2024-03-22
FAZE3Q,EQ, 22-Mar-2024,390.95,392.0,393.95,383.0,387.0,384.4,388.31,16095,62.5,1127, 9437, 58.63,2024-03-22
FCL,EQ, 22-Mar-2024,346.3,354.9,388.0,354.4,382.0,382.95,373.16,2244715,8376.42,53383, 443139, 19.74,2024-03-22
FCSSOFT,EQ, 22-Mar-2024,3.85,3.85,3.85,3.7,3.75,3.75,3.74,12781186,478.58,9320, 5764731, 45.10,2024-03-22
FDC,EQ, 22-Mar-2024,436.2,434.9,435.05,425.25,429.8,429.75,430.7,66310,285.59,6374, 32293, 48.70,2024-03-22
FEDERALBNK,EQ, 22-Mar-2024,149.95,150.0,151.3,149.1,150.0,149.6,150.31,8409218,12639.73,46440, 2393639, 28.46,2024-03-22
FEDFINA,EQ, 22-Mar-2024,116.2,116.2,116.85,114.45,116.0,116.1,115.8,747418,865.51,11595, 505655, 67.65,2024-03-22
FIBERWEB,EQ, 22-Mar-2024,31.55,31.75,32.35,31.05,31.35,31.85,31.79,83643,26.59,610, 52030, 62.20,2024-03-22
FIEMIND,EQ, 22-Mar-2024,1035.2,1035.0,1114.0,1027.9,1109.0,1100.65,1080.0,108598,1172.86,13621, 56102, 51.66,2024-03-22
FILATEX,EQ, 22-Mar-2024,60.75,60.8,62.4,60.8,61.5,61.65,61.52,2002308,1231.82,5634, 558387, 27.89,2024-03-22
FINCABLES,EQ, 22-Mar-2024,886.55,889.9,892.85,875.5,892.85,889.8,882.78,219678,1939.26,25235, 126044, 57.38,2024-03-22
FINEORG,EQ, 22-Mar-2024,4068.6,4088.95,4185.0,4071.1,4106.0,4111.25,4130.02,26149,1079.96,7125, 11204, 42.85,2024-03-22
FINIETF,EQ, 22-Mar-2024,22.37,22.5,22.54,22.33,22.45,22.47,22.45,41283,9.27,413, 20680, 50.09,2024-03-22
FINOPB,EQ, 22-Mar-2024,293.25,291.2,293.2,290.0,290.0,290.45,290.63,69370,201.61,2205, 43231, 62.32,2024-03-22
FINPIPE,EQ, 22-Mar-2024,224.3,225.05,241.4,222.3,233.55,235.6,233.72,3030302,7082.52,43389, 1343417, 44.33,2024-03-22
FIVESTAR,EQ, 22-Mar-2024,699.65,697.05,720.0,694.0,710.0,715.75,703.25,861786,6060.47,12475, 767046, 89.01,2024-03-22
FLAIR,EQ, 22-Mar-2024,260.05,260.0,263.45,259.25,261.0,260.7,261.06,131312,342.8,3240, 71112, 54.15,2024-03-22
FLEXITUFF,EQ, 22-Mar-2024,35.1,36.35,38.6,36.25,38.6,38.6,38.21,15670,5.99,62, 13064, 83.37,2024-03-22
FLUOROCHEM,EQ, 22-Mar-2024,3099.8,3111.0,3149.0,3075.0,3128.9,3122.55,3115.87,146307,4558.74,13174, 116034, 79.31,2024-03-22
FMCGIETF,EQ, 22-Mar-2024,554.91,555.01,560.0,554.5,560.0,559.07,556.69,13845,77.07,481, 6850, 49.48,2024-03-22
FMGOETZE,EQ, 22-Mar-2024,329.05,326.4,331.95,324.95,327.8,326.65,328.14,116846,383.41,3820, 86766, 74.26,2024-03-22
FOCUS,EQ, 22-Mar-2024,164.85,164.0,166.2,157.35,158.5,158.15,161.85,247782,401.02,10313, 154258, 62.26,2024-03-22
FOODSIN,EQ, 22-Mar-2024,129.3,130.0,134.5,129.1,131.65,130.95,131.5,338416,445.01,4706, 199216, 58.87,2024-03-22
FORCEMOT,EQ, 22-Mar-2024,7066.0,7069.95,7200.0,7030.0,7165.0,7165.55,7136.17,59019,4211.69,8884, 27114, 45.94,2024-03-22
FORTIS,EQ, 22-Mar-2024,401.55,404.25,405.85,399.25,404.05,404.7,402.49,248100,998.58,9197, 115846, 46.69,2024-03-22
FOSECOIND,EQ, 22-Mar-2024,2926.9,2943.0,3042.25,2943.0,2999.0,2996.25,2998.42,2957,88.66,795, 1580, 53.43,2024-03-22
FSL,EQ, 22-Mar-2024,191.25,188.0,194.0,182.55,192.6,192.45,190.7,1164446,2220.64,16536, 335118, 28.78,2024-03-22
FUSION,EQ, 22-Mar-2024,466.05,466.05,472.7,463.2,464.4,464.95,465.72,632190,2944.22,12899, 514023, 81.31,2024-03-22
GABRIEL,EQ, 22-Mar-2024,337.1,337.1,339.3,333.1,336.5,336.7,336.42,251971,847.69,13193, 115596, 45.88,2024-03-22
GAEL,EQ, 22-Mar-2024,165.1,165.3,167.9,156.95,160.2,160.05,160.86,1541631,2479.89,28186, 696487, 45.18,2024-03-22
GAIL,EQ, 22-Mar-2024,175.05,175.0,176.0,172.8,174.35,174.1,174.84,12396239,21673.1,55766, 7038112, 56.78,2024-03-22
GALAXYSURF,EQ, 22-Mar-2024,2282.25,2282.0,2337.95,2282.0,2325.0,2322.5,2310.21,24645,569.35,6026, 12502, 50.73,2024-03-22
GANDHAR,EQ, 22-Mar-2024,215.6,217.25,219.8,212.5,214.95,214.5,216.45,578363,1251.85,13012, 307593, 53.18,2024-03-22
GANDHITUBE,EQ, 22-Mar-2024,741.5,735.0,749.0,732.85,737.0,742.55,742.98,4123,30.63,485, 2331, 56.54,2024-03-22
GANECOS,EQ, 22-Mar-2024,945.35,938.8,978.6,932.5,937.5,940.05,956.97,52454,501.97,6177, 32000, 61.01,2024-03-22
GANESHBE,EQ, 22-Mar-2024,180.45,180.05,184.85,180.05,182.6,183.85,183.35,133945,245.59,4771, 77620, 57.95,2024-03-22
GANESHHOUC,EQ, 22-Mar-2024,723.6,736.0,759.75,712.6,759.75,759.75,737.89,75591,557.77,3038, 44808, 59.28,2024-03-22
GANGESSECU,EQ, 22-Mar-2024,119.2,119.25,123.95,118.25,119.4,120.1,120.51,10328,12.45,862, 5936, 57.47,2024-03-22
GARFIBRES,EQ, 22-Mar-2024,3462.0,3504.0,3510.15,3426.0,3495.0,3482.9,3481.12,22789,793.31,9359, 11408, 50.06,2024-03-22
GATEWAY,EQ, 22-Mar-2024,100.85,100.85,103.8,100.5,102.75,102.9,102.8,432537,444.63,4958, 161804, 37.41,2024-03-22
GEECEE,EQ, 22-Mar-2024,262.45,262.45,269.5,262.0,265.0,264.9,267.33,5075,13.57,269, 3361, 66.23,2024-03-22
GEEKAYWIRE,EQ, 22-Mar-2024,101.25,103.8,103.8,96.2,96.3,96.5,99.0,300244,297.24,2892, 189402, 63.08,2024-03-22
GENCON,EQ, 22-Mar-2024,39.6,40.4,41.35,39.1,40.25,40.05,39.81,149432,59.49,644, 120126, 80.39,2024-03-22
GENESYS,EQ, 22-Mar-2024,554.2,556.95,570.95,551.55,556.0,564.65,562.16,248141,1394.96,7573, 186942, 75.34,2024-03-22
GENSOL,EQ, 22-Mar-2024,879.55,895.0,923.5,881.35,923.5,923.5,909.99,301728,2745.68,10493, 188167, 62.36,2024-03-22
GENUSPAPER,EQ, 22-Mar-2024,19.6,19.6,19.95,19.45,19.6,19.6,19.7,872093,171.8,2512, 335855, 38.51,2024-03-22
GENUSPOWER,EQ, 22-Mar-2024,225.6,226.8,229.95,222.65,226.9,226.55,226.7,399659,906.02,5788, 201591, 50.44,2024-03-22
GEOJITFSL,EQ, 22-Mar-2024,64.5,64.1,67.5,64.1,66.65,66.5,65.88,491212,323.59,3452, 286576, 58.34,2024-03-22
GEPIL,EQ, 22-Mar-2024,255.1,254.5,263.6,252.25,259.3,261.1,259.76,216796,563.15,13486, 99185, 45.75,2024-03-22
GESHIP,EQ, 22-Mar-2024,983.6,979.9,1008.8,977.0,990.95,994.95,996.82,150848,1503.68,9702, 64167, 42.54,2024-03-22
GFLLIMITED,EQ, 22-Mar-2024,73.0,74.4,74.55,71.2,71.75,71.9,72.99,124645,90.98,1384, 82267, 66.00,2024-03-22
GHCL,EQ, 22-Mar-2024,438.4,440.1,453.25,439.5,450.0,451.5,446.83,629080,2810.94,15820, 386967, 61.51,2024-03-22
GHCLTEXTIL,EQ, 22-Mar-2024,77.95,77.9,79.0,75.9,76.3,76.55,77.05,740578,570.64,8431, 477041, 64.41,2024-03-22
GICHSGFIN,EQ, 22-Mar-2024,196.3,197.5,204.9,196.0,201.05,201.6,201.17,342378,688.75,8693, 156388, 45.68,2024-03-22
GICRE,EQ, 22-Mar-2024,338.7,337.0,345.35,333.0,337.0,335.2,339.62,1562974,5308.2,28942, 484508, 31.00,2024-03-22
GILLETTE,EQ, 22-Mar-2024,6684.95,6711.25,6809.0,6642.8,6673.0,6674.8,6704.11,33220,2227.11,4231, 25682, 77.31,2024-03-22
GILT5YBEES,EQ, 22-Mar-2024,55.1,55.17,55.18,55.1,55.1,55.1,55.12,329052,181.37,362, 303640, 92.28,2024-03-22
GINNIFILA,EQ, 22-Mar-2024,31.1,31.2,32.65,30.95,32.65,32.5,32.26,156242,50.4,529, 108742, 69.60,2024-03-22
GIPCL,EQ, 22-Mar-2024,165.75,166.35,169.45,166.1,166.8,167.7,167.96,359526,603.86,12880, 173903, 48.37,2024-03-22
GKWLIMITED,EQ, 22-Mar-2024,1440.6,1385.15,1439.95,1385.15,1419.95,1412.75,1405.96,899,12.64,93, 734, 81.65,2024-03-22
GLAND,EQ, 22-Mar-2024,1753.0,1774.7,1805.0,1750.05,1793.35,1794.35,1782.03,99046,1765.03,13977, 35263, 35.60,2024-03-22
GLAXO,EQ, 22-Mar-2024,1986.3,1987.0,1995.0,1939.0,1967.0,1963.05,1956.41,267395,5231.34,26357, 172858, 64.65,2024-03-22
GLENMARK,EQ, 22-Mar-2024,946.7,943.7,954.4,940.7,952.5,951.0,946.08,792841,7500.93,29943, 531058, 66.98,2024-03-22
GLOBAL,EQ, 22-Mar-2024,238.5,238.9,248.55,238.6,243.95,240.55,242.42,53002,128.49,3475, 24805, 46.80,2024-03-22
GLOBUSSPR,EQ, 22-Mar-2024,720.15,720.15,723.95,711.05,714.05,714.3,715.39,133326,953.8,7241, 99607, 74.71,2024-03-22
GLS,EQ, 22-Mar-2024,750.25,750.0,756.25,742.0,755.0,753.7,749.9,51520,386.35,3131, 30993, 60.16,2024-03-22
GMBREW,EQ, 22-Mar-2024,632.15,628.05,660.75,628.05,657.8,657.3,651.84,87883,572.85,6054, 54230, 61.71,2024-03-22
GMDCLTD,EQ, 22-Mar-2024,362.25,362.0,363.45,356.4,359.5,359.45,359.56,1734417,6236.24,18722, 985246, 56.81,2024-03-22
GMMPFAUDLR,EQ, 22-Mar-2024,1226.15,1229.0,1269.0,1225.0,1249.9,1249.6,1243.4,269742,3353.98,22917, 140226, 51.99,2024-03-22
GMRINFRA,EQ, 22-Mar-2024,79.1,79.15,79.6,78.0,78.5,78.65,78.94,9769561,7712.33,25219, 2727852, 27.92,2024-03-22
GMRP&UI,EQ, 22-Mar-2024,47.05,47.0,48.1,46.3,46.6,46.9,47.25,2848094,1345.74,5310, 1956870, 68.71,2024-03-22
GNA,EQ, 22-Mar-2024,400.4,400.4,408.7,394.1,405.0,403.8,403.91,50174,202.66,3843, 27931, 55.67,2024-03-22
GNFC,EQ, 22-Mar-2024,621.65,622.9,632.0,621.05,625.75,624.4,626.95,684961,4294.36,22655, 225500, 32.92,2024-03-22
GOACARBON,EQ, 22-Mar-2024,717.45,719.0,777.0,717.0,749.55,747.15,756.83,280538,2123.2,24613, 51898, 18.50,2024-03-22
GOCLCORP,EQ, 22-Mar-2024,398.2,398.0,414.7,398.0,406.65,405.7,408.53,328393,1341.6,6620, 290852, 88.57,2024-03-22
GOCOLORS,EQ, 22-Mar-2024,1064.85,1065.9,1114.0,1046.05,1114.0,1091.1,1071.07,30708,328.91,4661, 15028, 48.94,2024-03-22
GODFRYPHLP,EQ, 22-Mar-2024,3054.1,3060.0,3169.0,3046.0,3120.0,3128.3,3128.95,81680,2555.72,14507, 18284, 22.38,2024-03-22
GODREJAGRO,EQ, 22-Mar-2024,501.05,505.0,509.7,494.95,495.7,495.5,499.63,333207,1664.82,11490, 236337, 70.93,2024-03-22
GODREJCP,EQ, 22-Mar-2024,1231.65,1236.95,1244.5,1210.0,1210.0,1221.65,1220.05,1242316,15156.86,33335, 951989, 76.63,2024-03-22
GODREJIND,EQ, 22-Mar-2024,755.6,755.6,761.45,752.0,757.0,755.8,756.18,39851,301.35,3683, 20811, 52.22,2024-03-22
GODREJPROP,EQ, 22-Mar-2024,2223.55,2238.9,2256.55,2210.0,2244.0,2246.45,2239.77,424688,9512.04,34969, 88013, 20.72,2024-03-22
GOKEX,EQ, 22-Mar-2024,733.45,733.0,738.65,719.0,723.0,722.15,725.36,165290,1198.94,14969, 93540, 56.59,2024-03-22
GOKULAGRO,EQ, 22-Mar-2024,108.8,109.3,112.85,109.0,111.0,111.0,111.23,302703,336.7,3583, 216171, 71.41,2024-03-22
GOLDBEES,EQ, 22-Mar-2024,56.7,57.0,57.0,55.9,56.02,55.99,56.08,6611760,3707.94,30408, 5181596, 78.37,2024-03-22
GOLDCASE,EQ, 22-Mar-2024,10.73,11.05,11.21,10.54,10.63,10.62,10.63,175051,18.61,457, 164746, 94.11,2024-03-22
GOLDETF,EQ, 22-Mar-2024,66.18,66.42,66.42,65.41,65.63,65.58,65.75,22035,14.49,789, 16486, 74.82,2024-03-22
GOLDETFADD,EQ, 22-Mar-2024,66.54,66.39,66.39,65.06,65.84,65.84,65.44,632539,413.94,128, 630503, 99.68,2024-03-22
GOLDIAM,EQ, 22-Mar-2024,181.45,179.95,182.75,177.1,178.4,178.8,179.31,244259,437.97,3595, 107854, 44.16,2024-03-22
GOLDIETF,EQ, 22-Mar-2024,58.39,57.99,58.29,57.57,57.69,57.7,57.77,385496,222.71,5797, 307476, 79.76,2024-03-22
GOLDSHARE,EQ, 22-Mar-2024,56.8,55.8,56.65,55.8,56.3,56.15,56.24,71199,40.04,551, 57830, 81.22,2024-03-22
GOLDTECH,EQ, 22-Mar-2024,137.6,137.7,144.0,134.15,137.95,137.3,139.86,41753,58.39,2763, 10949, 26.22,2024-03-22
GOODLUCK,EQ, 22-Mar-2024,827.85,834.0,889.6,830.6,857.95,859.65,859.91,140628,1209.27,11642, 76852, 54.65,2024-03-22
GOPAL,EQ, 22-Mar-2024,374.2,370.1,374.7,364.5,365.05,366.0,369.09,134790,497.5,5422, 85944, 63.76,2024-03-22
GPIL,EQ, 22-Mar-2024,674.85,675.9,692.45,672.65,682.0,682.15,685.25,247819,1698.17,10397, 141849, 57.24,2024-03-22
GPPL,EQ, 22-Mar-2024,198.55,198.55,201.5,195.65,198.25,197.9,198.9,3791688,7541.59,34790, 1395404, 36.80,2024-03-22
GPTHEALTH,EQ, 22-Mar-2024,173.0,173.0,174.6,169.8,173.85,173.65,172.3,385994,665.05,9522, 105773, 27.40,2024-03-22
GPTINFRA,EQ, 22-Mar-2024,155.25,156.95,162.2,156.0,158.3,158.9,159.78,106785,170.62,6756, 67461, 63.17,2024-03-22
GRANULES,EQ, 22-Mar-2024,427.6,429.6,435.25,424.55,429.8,430.75,431.05,526689,2270.27,12408, 173713, 32.98,2024-03-22
GRAPHITE,EQ, 22-Mar-2024,620.8,618.9,644.4,612.0,617.9,616.65,632.04,4350412,27496.31,75587, 672002, 15.45,2024-03-22
GRASIM,EQ, 22-Mar-2024,2205.55,2200.0,2234.0,2194.45,2220.0,2223.55,2214.32,551648,12215.24,37991, 361683, 65.56,2024-03-22
GRAVITA,EQ, 22-Mar-2024,871.8,874.0,894.7,865.35,883.05,883.1,881.7,144224,1271.62,11830, 56572, 39.23,2024-03-22
GREAVESCOT,EQ, 22-Mar-2024,127.35,127.55,129.5,127.45,127.6,127.9,128.48,1300399,1670.73,8927, 757383, 58.24,2024-03-22
GREENLAM,EQ, 22-Mar-2024,465.6,465.65,493.5,462.55,487.05,486.55,482.25,59319,286.07,9767, 27907, 47.05,2024-03-22
GREENPANEL,EQ, 22-Mar-2024,311.1,314.0,322.85,310.1,320.25,319.8,318.34,363900,1158.45,16698, 204492, 56.19,2024-03-22
GREENPLY,EQ, 22-Mar-2024,229.0,229.05,234.0,229.05,232.0,232.7,231.8,143566,332.79,6374, 75582, 52.65,2024-03-22
GRINDWELL,EQ, 22-Mar-2024,1947.15,1940.0,1990.0,1940.0,1981.0,1980.7,1973.33,34137,673.64,4544, 24027, 70.38,2024-03-22
GRINFRA,EQ, 22-Mar-2024,1285.65,1296.95,1322.4,1280.05,1312.0,1309.75,1307.89,82684,1081.42,5296, 37920, 45.86,2024-03-22
GRMOVER,EQ, 22-Mar-2024,124.15,126.0,126.2,122.0,124.0,123.95,124.22,113180,140.59,1565, 73672, 65.09,2024-03-22
GROBTEA,EQ, 22-Mar-2024,897.2,895.1,918.0,882.7,902.0,901.4,897.87,233,2.09,75, 168, 72.10,2024-03-22
GRPLTD,EQ, 22-Mar-2024,6429.25,6498.0,6498.0,6350.0,6351.0,6370.35,6441.49,709,45.67,286, 462, 65.16,2024-03-22
GRSE,EQ, 22-Mar-2024,762.35,762.35,793.35,757.0,777.05,780.9,781.97,707306,5530.89,29993, 169620, 23.98,2024-03-22
GRWRHITECH,EQ, 22-Mar-2024,1678.35,1640.05,1798.0,1640.05,1779.5,1774.4,1759.53,48164,847.46,8004, 26756, 55.55,2024-03-22
GSEC10IETF,EQ, 22-Mar-2024,227.2,227.8,227.8,227.4,227.8,227.8,227.79,106,0.24,5, 103, 97.17,2024-03-22
GSEC10YEAR,EQ, 22-Mar-2024,26.09,26.0,26.29,25.21,26.11,26.21,26.16,2369,0.62,29, 2115, 89.28,2024-03-22
GSEC5IETF,EQ, 22-Mar-2024,55.5,55.1,55.6,55.1,55.5,55.45,55.12,712,0.39,18, 689, 96.77,2024-03-22
GSFC,EQ, 22-Mar-2024,200.0,200.3,204.1,200.0,200.6,200.45,202.09,2535584,5124.12,20526, 1026426, 40.48,2024-03-22
GSLSU,EQ, 22-Mar-2024,227.25,230.0,230.0,220.0,220.5,222.15,225.16,117385,264.3,1637, 80480, 68.56,2024-03-22
GSPL,EQ, 22-Mar-2024,345.95,348.25,357.0,344.15,352.3,353.15,351.77,1007085,3542.61,31660, 693847, 68.90,2024-03-22
GTLINFRA,EQ, 22-Mar-2024,1.65,1.6,1.7,1.6,1.65,1.65,1.63,114010925,1859.23,18031, 50623135, 44.40,2024-03-22
GTPL,EQ, 22-Mar-2024,162.2,162.25,184.65,162.25,172.0,174.15,174.94,515850,902.41,16084, 103678, 20.10,2024-03-22
GUFICBIO,EQ, 22-Mar-2024,293.2,293.5,301.3,293.5,296.55,297.45,298.58,53869,160.84,4366, 27837, 51.68,2024-03-22
GUJALKALI,EQ, 22-Mar-2024,696.8,700.0,711.35,693.0,693.3,696.0,700.3,56622,396.53,5634, 20284, 35.82,2024-03-22
GUJGASLTD,EQ, 22-Mar-2024,529.05,528.5,532.2,524.15,529.0,528.85,529.19,317477,1680.05,13721, 104220, 32.83,2024-03-22
GULFOILLUB,EQ, 22-Mar-2024,947.5,951.95,953.1,935.0,951.7,943.65,944.37,77511,731.99,7404, 28214, 36.40,2024-03-22
GULFPETRO,EQ, 22-Mar-2024,61.95,62.5,62.65,61.1,61.8,61.7,62.05,165939,102.96,1630, 95775, 57.72,2024-03-22
GULPOLY,EQ, 22-Mar-2024,168.75,169.0,173.1,168.0,171.95,171.2,171.17,201725,345.29,5152, 106719, 52.90,2024-03-22
HAL,EQ, 22-Mar-2024,3121.35,3114.05,3209.9,3085.0,3169.0,3170.8,3152.66,2086220,65771.33,115161, 705128, 33.80,2024-03-22
HAPPSTMNDS,EQ, 22-Mar-2024,779.65,776.95,785.0,775.5,778.45,777.6,779.64,338290,2637.45,22294, 184331, 54.49,2024-03-22
HAPPYFORGE,EQ, 22-Mar-2024,867.55,874.7,897.1,860.0,882.7,887.75,879.4,80061,704.06,5052, 47490, 59.32,2024-03-22
HARDWYN,EQ, 22-Mar-2024,34.3,34.55,36.0,34.05,35.2,35.6,35.24,612440,215.85,4400, 239772, 39.15,2024-03-22
HARIOMPIPE,EQ, 22-Mar-2024,473.95,475.0,500.0,472.05,478.0,479.1,486.38,204211,993.24,17243, 55143, 27.00,2024-03-22
HARRMALAYA,EQ, 22-Mar-2024,174.5,174.0,174.6,168.5,168.5,168.75,170.77,37428,63.91,1177, 24615, 65.77,2024-03-22
HARSHA,EQ, 22-Mar-2024,383.25,383.0,385.2,379.0,380.95,381.5,381.86,53858,205.66,4398, 31004, 57.57,2024-03-22
HATHWAY,EQ, 22-Mar-2024,19.4,19.55,20.8,19.5,20.8,20.35,20.15,10005977,2016.56,10425, 2990001, 29.88,2024-03-22
HATSUN,EQ, 22-Mar-2024,1090.45,1092.0,1107.4,1079.0,1086.8,1082.95,1086.65,11549,125.5,1235, 7795, 67.50,2024-03-22
HAVELLS,EQ, 22-Mar-2024,1485.05,1485.0,1494.7,1465.05,1473.0,1469.25,1478.32,416340,6154.84,27327, 166981, 40.11,2024-03-22
HBLPOWER,EQ, 22-Mar-2024,454.85,455.0,478.55,451.05,463.75,465.0,463.96,1168347,5420.65,38814, 521285, 44.62,2024-03-22
HCC,EQ, 22-Mar-2024,32.95,32.85,34.15,32.8,33.85,33.9,33.71,11266398,3798.22,13137, 7292957, 64.73,2024-03-22
HCG,EQ, 22-Mar-2024,339.8,340.85,343.5,335.5,342.3,340.9,340.61,69422,236.46,4752, 42193, 60.78,2024-03-22
HCL-INSYS,EQ, 22-Mar-2024,17.25,17.85,18.1,17.6,18.1,18.1,18.02,654480,117.92,1248, 437891, 66.91,2024-03-22
HCLTECH,EQ, 22-Mar-2024,1595.8,1560.0,1571.45,1508.2,1556.8,1557.85,1541.3,7468824,115117.08,325010, 3265244, 43.72,2024-03-22
HDFCAMC,EQ, 22-Mar-2024,3671.25,3671.25,3819.0,3668.0,3780.0,3773.4,3769.69,843004,31778.63,78673, 244230, 28.97,2024-03-22
HDFCBANK,EQ, 22-Mar-2024,1445.75,1441.0,1450.75,1437.75,1442.55,1442.85,1443.79,22990163,331929.8,408312, 14585298, 63.44,2024-03-22
HDFCBSE500,EQ, 22-Mar-2024,31.74,32.25,32.25,31.26,31.94,31.96,31.81,7262,2.31,209, 4049, 55.76,2024-03-22
HDFCGOLD,EQ, 22-Mar-2024,58.36,58.1,58.1,57.31,57.74,57.74,57.84,1665853,963.53,1727, 1590358, 95.47,2024-03-22
HDFCGROWTH,EQ, 22-Mar-2024,110.93,110.93,110.93,109.6,110.6,110.62,110.26,1981,2.18,90, 1079, 54.47,2024-03-22
HDFCLIFE,EQ, 22-Mar-2024,622.25,623.9,628.65,616.0,623.15,623.85,623.56,3636733,22677.13,78165, 2122174, 58.35,2024-03-22
HDFCLIQUID,EQ, 22-Mar-2024,1000.01,999.99,1000.01,999.99,1000.01,1000.01,1000.01,620,6.2,4, 550, 88.71,2024-03-22
HDFCLOWVOL,EQ, 22-Mar-2024,18.02,17.66,18.23,17.66,18.17,18.17,18.11,17203,3.12,135, 9625, 55.95,2024-03-22
HDFCMID150,EQ, 22-Mar-2024,17.47,17.69,17.69,17.41,17.6,17.58,17.52,87896,15.4,876, 50966, 57.98,2024-03-22
HDFCMOMENT,EQ, 22-Mar-2024,30.11,30.69,30.69,29.96,30.38,30.33,30.27,127329,38.55,513, 96629, 75.89,2024-03-22
HDFCNEXT50,EQ, 22-Mar-2024,59.5,59.44,59.97,59.0,59.97,59.77,59.65,11966,7.14,155, 10899, 91.08,2024-03-22
HDFCNIF100,EQ, 22-Mar-2024,22.82,22.82,23.06,22.71,22.98,22.94,22.89,73602,16.85,225, 66691, 90.61,2024-03-22
HDFCNIFBAN,EQ, 22-Mar-2024,47.19,48.09,48.09,46.3,47.36,47.49,47.43,21542,10.22,101, 17463, 81.06,2024-03-22
HDFCNIFIT,EQ, 22-Mar-2024,36.77,36.77,36.77,35.46,36.29,35.9,35.91,144906,52.04,2442, 122343, 84.43,2024-03-22
HDFCNIFTY,EQ, 22-Mar-2024,241.34,243.0,244.35,239.56,242.31,242.32,241.63,19927,48.15,379, 16361, 82.10,2024-03-22
HDFCPSUBK,EQ, 22-Mar-2024,68.42,68.41,69.16,68.25,68.89,69.07,68.81,23280,16.02,97, 11411, 49.02,2024-03-22
HDFCPVTBAN,EQ, 22-Mar-2024,23.55,23.78,23.89,23.45,23.89,23.84,23.76,16537,3.93,117, 14209, 85.92,2024-03-22
HDFCQUAL,EQ, 22-Mar-2024,51.43,51.98,51.98,50.67,51.46,51.46,51.16,2833,1.45,48, 2523, 89.06,2024-03-22
HDFCSENSEX,EQ, 22-Mar-2024,80.04,82.45,82.45,79.51,80.48,80.46,80.32,8159,6.55,281, 6295, 77.15,2024-03-22
HDFCSILVER,EQ, 22-Mar-2024,73.27,72.7,72.7,71.75,72.06,72.17,72.17,219016,158.06,1046, 178163, 81.35,2024-03-22
HDFCSML250,EQ, 22-Mar-2024,141.25,141.76,142.7,140.99,142.69,142.52,141.97,195255,277.2,3365, 166174, 85.11,2024-03-22
HDFCVALUE,EQ, 22-Mar-2024,124.18,124.5,124.67,123.01,124.1,124.59,124.39,4530,5.64,113, 4300, 94.92,2024-03-22
HEADSUP,EQ, 22-Mar-2024,14.8,14.8,14.9,13.45,13.7,13.8,14.26,164461,23.45,1171, 105782, 64.32,2024-03-22
HEALTHADD,EQ, 22-Mar-2024,117.37,117.78,119.19,117.22,119.19,119.19,117.83,826,0.97,26, 751, 90.92,2024-03-22
HEALTHIETF,EQ, 22-Mar-2024,118.84,118.84,120.95,116.84,120.95,120.62,120.06,4405,5.29,204, 1990, 45.18,2024-03-22
HEALTHY,EQ, 22-Mar-2024,11.96,12.14,12.14,11.74,12.01,12.06,12.01,164105,19.71,1187, 117752, 71.75,2024-03-22
HEG,EQ, 22-Mar-2024,1913.4,1929.55,2037.85,1891.15,1896.0,1903.25,1979.71,1909294,37798.54,80946, 318458, 16.68,2024-03-22
HEIDELBERG,EQ, 22-Mar-2024,199.4,199.7,200.2,197.5,198.3,197.85,198.62,321589,638.72,4590, 264034, 82.10,2024-03-22
HEMIPROP,EQ, 22-Mar-2024,195.3,194.15,207.8,194.1,205.8,205.3,203.52,1555651,3166.04,25917, 535986, 34.45,2024-03-22
HERANBA,EQ, 22-Mar-2024,302.55,302.55,309.7,302.55,304.9,304.55,305.75,116828,357.2,5755, 70061, 59.97,2024-03-22
HERCULES,EQ, 22-Mar-2024,551.15,546.0,569.9,544.0,555.0,557.3,560.61,247494,1387.47,14336, 55511, 22.43,2024-03-22
HERITGFOOD,EQ, 22-Mar-2024,327.8,326.0,339.45,324.0,338.95,337.95,333.32,325948,1086.47,14167, 171001, 52.46,2024-03-22
HEROMOTOCO,EQ, 22-Mar-2024,4519.9,4538.8,4736.35,4517.6,4698.15,4684.0,4662.42,902115,42060.37,85775, 273776, 30.35,2024-03-22
HESTERBIO,EQ, 22-Mar-2024,1379.7,1371.05,1428.75,1371.05,1400.0,1397.95,1400.75,32498,455.22,2444, 27996, 86.15,2024-03-22
HEUBACHIND,EQ, 22-Mar-2024,434.65,435.0,448.95,435.0,444.8,444.95,443.82,60676,269.29,4520, 41068, 67.68,2024-03-22
HEXATRADEX,EQ, 22-Mar-2024,150.35,152.8,153.0,149.35,150.8,150.7,150.6,7611,11.46,260, 5957, 78.27,2024-03-22
HFCL,EQ, 22-Mar-2024,89.1,89.1,93.25,89.0,92.0,92.1,91.85,18475914,16970.87,49003, 4794829, 25.95,2024-03-22
HGINFRA,EQ, 22-Mar-2024,901.7,906.1,914.0,891.05,900.0,898.65,902.16,66953,604.02,6202, 33731, 50.38,2024-03-22
HGS,EQ, 22-Mar-2024,802.35,803.85,807.05,791.5,794.0,793.4,797.58,42495,338.93,3829, 26674, 62.77,2024-03-22
HIKAL,EQ, 22-Mar-2024,281.25,282.5,283.3,276.0,277.0,276.75,280.63,140216,393.49,7164, 74400, 53.06,2024-03-22
HIL,EQ, 22-Mar-2024,2689.75,2685.75,2761.55,2685.75,2736.65,2736.4,2733.04,14312,391.15,3401, 8007, 55.95,2024-03-22
HILTON,EQ, 22-Mar-2024,109.8,110.0,113.0,105.45,110.8,110.7,109.97,430830,473.8,2108, 128201, 29.76,2024-03-22
HIMATSEIDE,EQ, 22-Mar-2024,122.85,124.8,127.4,121.6,126.1,126.25,125.38,564858,708.19,7546, 277011, 49.04,2024-03-22
HINDALCO,EQ, 22-Mar-2024,539.7,539.7,550.65,537.35,546.2,547.75,545.6,5518261,30107.77,97129, 3126401, 56.66,2024-03-22
HINDCOMPOS,EQ, 22-Mar-2024,397.7,402.85,409.0,396.0,396.0,396.9,400.16,6135,24.55,697, 3380, 55.09,2024-03-22
HINDCOPPER,EQ, 22-Mar-2024,273.4,273.8,275.25,267.0,268.9,268.85,270.18,11447912,30929.75,76042, 2869294, 25.06,2024-03-22
HINDMOTORS,EQ, 22-Mar-2024,17.0,17.15,17.55,16.8,17.2,17.15,17.24,457529,78.88,2325, 229629, 50.19,2024-03-22
HINDOILEXP,EQ, 22-Mar-2024,165.4,165.7,169.3,165.5,168.0,167.8,167.88,622706,1045.4,9707, 275312, 44.21,2024-03-22
HINDPETRO,EQ, 22-Mar-2024,472.5,474.2,483.65,470.7,473.35,473.45,476.88,5074069,24197.22,71428, 961880, 18.96,2024-03-22
HINDUNILVR,EQ, 22-Mar-2024,2242.35,2239.05,2266.0,2232.05,2262.0,2256.55,2251.9,3507809,78992.22,168887, 2380431, 67.86,2024-03-22
HINDWAREAP,EQ, 22-Mar-2024,363.75,365.05,395.0,363.1,389.35,389.8,386.39,333237,1287.58,20503, 127548, 38.28,2024-03-22
HINDZINC,EQ, 22-Mar-2024,293.9,294.0,297.95,293.2,296.15,296.0,296.24,563796,1670.19,16047, 202694, 35.95,2024-03-22
HIRECT,EQ, 22-Mar-2024,598.8,614.0,614.0,590.0,595.9,596.15,603.13,35420,213.63,1172, 13690, 38.65,2024-03-22
HISARMETAL,EQ, 22-Mar-2024,173.5,173.5,176.6,170.85,172.8,172.35,172.86,15095,26.09,489, 9649, 63.92,2024-03-22
HITECH,EQ, 22-Mar-2024,130.05,128.0,138.5,127.6,133.3,135.05,132.59,1453658,1927.35,18502, 637600, 43.86,2024-03-22
HITECHCORP,EQ, 22-Mar-2024,204.0,206.85,207.45,204.0,205.0,204.4,205.08,18696,38.34,436, 16184, 86.56,2024-03-22
HITECHGEAR,EQ, 22-Mar-2024,594.75,600.95,686.0,600.0,663.95,664.35,652.65,1674787,10930.5,61744, 149417, 8.92,2024-03-22
HLEGLAS,EQ, 22-Mar-2024,441.85,441.05,444.9,436.9,438.5,438.65,440.18,75007,330.17,7934, 42387, 56.51,2024-03-22
HLVLTD,EQ, 22-Mar-2024,22.75,22.75,23.95,22.55,23.45,23.35,23.31,2387974,556.54,5986, 1394467, 58.40,2024-03-22
HMAAGRO,EQ, 22-Mar-2024,50.5,50.55,51.9,50.15,51.35,51.4,51.33,359219,184.38,2875, 240452, 66.94,2024-03-22
HMVL,EQ, 22-Mar-2024,89.75,90.25,94.0,90.0,92.3,92.15,92.28,84462,77.94,1162, 52886, 62.62,2024-03-22
HNDFDS,EQ, 22-Mar-2024,483.85,485.05,489.6,482.5,486.0,484.65,486.06,70413,342.25,7582, 48195, 68.45,2024-03-22
HNGSNGBEES,EQ, 22-Mar-2024,248.16,247.31,248.1,239.19,243.65,244.15,242.66,320406,777.51,3857, 190871, 59.57,2024-03-22
HOMEFIRST,EQ, 22-Mar-2024,866.55,871.9,886.0,866.55,884.0,880.55,878.9,90422,794.72,8384, 52874, 58.47,2024-03-22
HONASA,EQ, 22-Mar-2024,369.5,371.65,375.2,368.3,372.0,369.65,370.98,259888,964.14,13919, 158063, 60.82,2024-03-22
HONAUT,EQ, 22-Mar-2024,37051.65,37025.0,37449.95,36617.75,37440.0,37396.8,37029.07,2599,962.39,1154, 1296, 49.87,2024-03-22
HONDAPOWER,EQ, 22-Mar-2024,2183.45,2195.05,2220.0,2186.0,2220.0,2217.6,2208.44,4122,91.03,958, 2058, 49.93,2024-03-22
HPAL,EQ, 22-Mar-2024,96.25,96.45,98.8,96.45,97.9,97.7,97.79,180494,176.5,2707, 87681, 48.58,2024-03-22
HPL,EQ, 22-Mar-2024,309.25,309.0,317.9,302.0,314.0,311.6,311.01,368913,1147.36,7372, 152207, 41.26,2024-03-22
HTMEDIA,EQ, 22-Mar-2024,25.0,25.2,26.35,24.05,26.1,26.05,25.8,767444,197.97,2458, 375687, 48.95,2024-03-22
HUDCO,EQ, 22-Mar-2024,182.15,182.7,186.5,181.05,182.5,183.15,184.12,6769707,12464.27,31815, 2167128, 32.01,2024-03-22
HUHTAMAKI,EQ, 22-Mar-2024,309.35,306.5,313.95,306.5,309.0,308.85,310.23,45335,140.64,2780, 29396, 64.84,2024-03-22
IBREALEST,EQ, 22-Mar-2024,110.25,110.15,118.75,109.8,113.05,112.95,114.54,25527283,29237.75,70844, 7832784, 30.68,2024-03-22
IBULHSGFIN,EQ, 22-Mar-2024,166.6,166.5,169.3,164.8,165.3,165.5,166.94,7883274,13160.12,35025, 3537360, 44.87,2024-03-22
ICEMAKE,EQ, 22-Mar-2024,477.4,478.0,504.95,475.0,499.0,494.2,494.17,39419,194.8,5363, 18425, 46.74,2024-03-22
ICICIB22,EQ, 22-Mar-2024,98.26,98.9,99.93,97.22,99.46,99.45,99.11,757605,750.88,4190, 457641, 60.41,2024-03-22
ICICIBANK,EQ, 22-Mar-2024,1081.8,1081.15,1093.7,1078.7,1089.5,1090.3,1089.91,17214415,187622.41,258317, 10440853, 60.65,2024-03-22
ICICIGI,EQ, 22-Mar-2024,1673.05,1674.7,1681.4,1657.0,1665.65,1669.85,1669.4,363547,6069.04,28992, 257921, 70.95,2024-03-22
ICICIPRULI,EQ, 22-Mar-2024,580.25,578.85,588.75,573.65,578.2,581.85,582.25,1231241,7168.94,32444, 472785, 38.40,2024-03-22
ICIL,EQ, 22-Mar-2024,314.4,314.9,326.8,314.5,324.75,324.3,319.87,228854,732.04,12646, 124774, 54.52,2024-03-22
ICRA,EQ, 22-Mar-2024,5475.0,5474.2,5499.5,5420.0,5449.95,5466.75,5466.71,1009,55.16,328, 662, 65.61,2024-03-22
IDBI,EQ, 22-Mar-2024,80.6,80.15,82.5,80.05,81.8,81.35,81.28,7716788,6271.9,19468, 1888093, 24.47,2024-03-22
IDEA,EQ, 22-Mar-2024,12.8,12.8,13.6,12.75,13.45,13.3,13.28,468500920,62222.02,148291, 86607033, 18.49,2024-03-22
IDEAFORGE,EQ, 22-Mar-2024,715.15,715.0,721.8,707.9,710.0,710.35,714.41,170146,1215.55,9991, 80855, 47.52,2024-03-22
IDFC,EQ, 22-Mar-2024,109.6,109.6,111.0,109.5,110.55,110.4,110.38,6652769,7343.58,36084, 3659378, 55.01,2024-03-22
IDFCFIRSTB,EQ, 22-Mar-2024,77.9,78.0,78.95,77.75,78.0,78.05,78.26,22341514,17484.04,64725, 6459426, 28.91,2024-03-22
IDFNIFTYET,EQ, 22-Mar-2024,237.07,234.0,238.0,234.0,238.0,238.0,235.91,229,0.54,15, 123, 53.71,2024-03-22
IEL,EQ, 22-Mar-2024,10.9,11.05,11.4,10.9,11.15,11.1,11.12,282472,31.4,973, 213977, 75.75,2024-03-22
IEX,EQ, 22-Mar-2024,135.95,135.4,137.35,134.55,135.95,135.85,136.24,5944397,8098.93,32292, 2914636, 49.03,2024-03-22
IFBAGRO,EQ, 22-Mar-2024,428.45,424.05,441.25,424.05,437.0,434.6,434.0,5578,24.21,384, 4428, 79.38,2024-03-22
IFBIND,EQ, 22-Mar-2024,1320.05,1335.8,1380.0,1315.0,1349.9,1341.8,1343.59,19268,258.88,3448, 8857, 45.97,2024-03-22
IFCI,EQ, 22-Mar-2024,39.65,38.9,40.8,38.55,39.85,39.85,40.06,9518928,3813.55,26105, 4494540, 47.22,2024-03-22
IFGLEXPOR,EQ, 22-Mar-2024,524.95,525.0,545.4,515.7,539.6,539.5,531.3,14800,78.63,2391, 8657, 58.49,2024-03-22
IGARASHI,EQ, 22-Mar-2024,425.75,423.9,435.0,423.9,424.0,426.0,428.2,78486,336.08,4950, 52609, 67.03,2024-03-22
IGL,EQ, 22-Mar-2024,412.75,413.0,416.45,407.25,412.0,412.75,412.34,1812773,7474.87,29274, 753871, 41.59,2024-03-22
IGPL,EQ, 22-Mar-2024,427.4,427.4,441.0,420.8,441.0,431.65,428.09,69102,295.82,5019, 40582, 58.73,2024-03-22
IIFL,EQ, 22-Mar-2024,336.3,339.7,347.7,333.0,333.5,334.25,337.12,2037443,6868.7,30372, 1120413, 54.99,2024-03-22
IIFLSEC,EQ, 22-Mar-2024,115.8,116.3,120.0,115.3,118.0,118.5,118.33,659069,779.88,7667, 412441, 62.58,2024-03-22
IITL,EQ, 22-Mar-2024,196.55,194.05,206.0,194.05,206.0,205.65,205.05,3049,6.25,43, 2843, 93.24,2024-03-22
IKIO,EQ, 22-Mar-2024,292.85,292.65,299.45,291.65,296.5,295.25,296.17,393171,1164.46,13590, 164828, 41.92,2024-03-22
IMAGICAA,EQ, 22-Mar-2024,74.3,74.7,77.2,74.55,76.5,76.75,76.43,1702804,1301.37,8454, 713403, 41.90,2024-03-22
IMFA,EQ, 22-Mar-2024,589.3,587.9,619.75,586.75,619.0,615.25,607.38,110384,670.45,7289, 49844, 45.16,2024-03-22
IMPAL,EQ, 22-Mar-2024,979.55,980.0,987.95,951.0,951.0,963.9,972.55,840,8.17,202, 460, 54.76,2024-03-22
INDBANK,EQ, 22-Mar-2024,42.8,43.0,44.2,42.55,42.8,43.4,43.32,102013,44.19,4629, 58177, 57.03,2024-03-22
INDHOTEL,EQ, 22-Mar-2024,563.4,562.9,564.7,554.5,560.55,557.05,558.35,2340891,13070.25,56842, 784816, 33.53,2024-03-22
INDIACEM,EQ, 22-Mar-2024,203.7,203.7,209.55,202.4,207.7,207.05,206.97,2367242,4899.53,17042, 871325, 36.81,2024-03-22
INDIAGLYCO,EQ, 22-Mar-2024,789.75,789.0,798.1,769.4,783.0,785.25,787.51,77540,610.63,6818, 36931, 47.63,2024-03-22
INDIAMART,EQ, 22-Mar-2024,2678.65,2694.9,2694.9,2641.05,2670.15,2674.55,2668.9,94930,2533.59,10255, 42913, 45.20,2024-03-22
INDIANB,EQ, 22-Mar-2024,492.35,492.0,495.0,484.4,490.2,489.45,490.04,2267977,11114.06,44062, 1355134, 59.75,2024-03-22
INDIANCARD,EQ, 22-Mar-2024,240.0,239.9,262.65,239.9,262.65,259.5,252.56,12728,32.15,380, 10473, 82.28,2024-03-22
INDIANHUME,EQ, 22-Mar-2024,266.25,269.9,273.5,264.25,270.65,267.1,269.32,80158,215.88,4788, 33070, 41.26,2024-03-22
INDIASHLTR,EQ, 22-Mar-2024,552.4,548.95,572.05,545.85,570.45,570.75,562.26,40690,228.78,4428, 19310, 47.46,2024-03-22
INDIGO,EQ, 22-Mar-2024,3290.15,3300.0,3327.05,3266.8,3286.5,3286.8,3291.75,681688,22439.47,40134, 384979, 56.47,2024-03-22
INDIGOPNTS,EQ, 22-Mar-2024,1317.8,1329.8,1329.95,1316.55,1319.0,1321.2,1323.27,30041,397.52,4472, 16397, 54.58,2024-03-22
INDNIPPON,EQ, 22-Mar-2024,646.05,646.05,652.65,628.2,644.0,634.3,640.03,32684,209.19,2717, 16595, 50.77,2024-03-22
INDOAMIN,EQ, 22-Mar-2024,112.0,112.0,117.0,111.95,115.2,115.15,114.94,225194,258.83,3485, 115397, 51.24,2024-03-22
INDOBORAX,EQ, 22-Mar-2024,158.45,160.0,169.0,157.8,163.9,164.1,163.55,101542,166.08,4902, 47694, 46.97,2024-03-22
INDOCO,EQ, 22-Mar-2024,336.4,336.4,339.4,332.5,337.0,334.8,336.6,28311,95.29,3081, 13520, 47.76,2024-03-22
INDORAMA,EQ, 22-Mar-2024,40.15,40.25,41.05,39.9,40.9,40.7,40.83,386631,157.86,1464, 257579, 66.62,2024-03-22
INDOSTAR,EQ, 22-Mar-2024,196.75,198.95,202.0,186.95,191.0,191.2,194.33,120944,235.03,1606, 90201, 74.58,2024-03-22
INDOTECH,EQ, 22-Mar-2024,972.2,984.85,1014.45,949.0,991.0,993.15,990.85,32674,323.75,4639, 18043, 55.22,2024-03-22
INDRAMEDCO,EQ, 22-Mar-2024,174.7,175.9,182.0,172.05,177.0,176.35,177.51,132882,235.88,2079, 83767, 63.04,2024-03-22
INDSWFTLAB,EQ, 22-Mar-2024,103.4,104.35,105.0,99.0,99.5,100.85,100.61,7824042,7872.12,9777, 6062818, 77.49,2024-03-22
INDSWFTLTD,EQ, 22-Mar-2024,18.95,19.6,19.9,17.75,18.2,18.25,18.77,68661,12.89,422, 42107, 61.33,2024-03-22
INDTERRAIN,EQ, 22-Mar-2024,74.1,74.7,77.4,74.0,74.4,74.5,75.46,192059,144.93,1594, 48797, 25.41,2024-03-22
INDUSINDBK,EQ, 22-Mar-2024,1484.1,1477.75,1520.35,1473.0,1517.0,1512.1,1500.48,5309042,79660.98,218777, 3372049, 63.52,2024-03-22
INDUSTOWER,EQ, 22-Mar-2024,250.2,250.5,275.2,250.2,275.2,271.3,264.27,33142623,87585.19,151786, 16383368, 49.43,2024-03-22
INFIBEAM,EQ, 22-Mar-2024,35.55,35.65,36.45,34.9,35.45,35.3,35.7,52563017,18763.51,50527, 13398688, 25.49,2024-03-22
INFOBEAN,EQ, 22-Mar-2024,382.65,382.0,387.0,380.0,383.5,380.9,383.36,15508,59.45,1562, 10036, 64.71,2024-03-22
INFRABEES,EQ, 22-Mar-2024,839.28,839.28,847.0,836.36,845.01,843.76,841.73,14272,120.13,505, 9612, 67.35,2024-03-22
INFRAIETF,EQ, 22-Mar-2024,82.49,84.09,84.09,82.38,83.08,83.1,82.97,55517,46.06,1280, 36165, 65.14,2024-03-22
INFY,EQ, 22-Mar-2024,1554.7,1521.0,1528.9,1498.2,1511.45,1508.85,1513.2,14673890,222045.71,512162, 7329137, 49.95,2024-03-22
INGERRAND,EQ, 22-Mar-2024,3494.75,3501.7,3588.0,3501.7,3550.0,3552.75,3547.06,9296,329.73,2144, 4043, 43.49,2024-03-22
INNOVACAP,EQ, 22-Mar-2024,470.05,470.05,493.9,470.05,489.7,486.75,482.78,75179,362.95,5822, 43718, 58.15,2024-03-22
INOXINDIA,EQ, 22-Mar-2024,1144.3,1140.0,1159.8,1132.0,1149.0,1152.3,1146.14,276946,3174.2,16136, 110252, 39.81,2024-03-22
INOXWIND,EQ, 22-Mar-2024,468.6,472.0,492.0,468.0,486.8,480.9,486.9,1125124,5478.22,10014, 675021, 60.00,2024-03-22
INSECTICID,EQ, 22-Mar-2024,496.45,491.5,519.65,487.65,516.6,518.1,513.2,51097,262.23,4082, 34878, 68.26,2024-03-22
INTELLECT,EQ, 22-Mar-2024,1093.95,1078.25,1105.0,1060.35,1102.0,1097.45,1082.53,782042,8465.87,35022, 144104, 18.43,2024-03-22
INTLCONV,EQ, 22-Mar-2024,82.8,83.0,84.8,81.1,81.7,81.7,83.03,266634,221.4,3350, 124898, 46.84,2024-03-22
IOB,EQ, 22-Mar-2024,58.5,58.45,60.75,58.05,59.5,59.55,59.56,11844603,7054.57,27529, 3594492, 30.35,2024-03-22
IOC,EQ, 22-Mar-2024,164.5,165.7,167.15,163.55,165.5,165.15,165.81,25141774,41686.9,111312, 7614051, 30.28,2024-03-22
IOLCP,EQ, 22-Mar-2024,383.3,382.55,389.5,377.2,386.0,386.55,383.07,613644,2350.67,14989, 239758, 39.07,2024-03-22
IONEXCHANG,EQ, 22-Mar-2024,494.45,494.05,508.15,484.45,490.8,490.25,498.05,352640,1756.31,31229, 117872, 33.43,2024-03-22
IPCALAB,EQ, 22-Mar-2024,1174.15,1176.4,1209.15,1170.2,1194.6,1196.05,1196.82,748972,8963.84,44394, 129491, 17.29,2024-03-22
IPL,EQ, 22-Mar-2024,218.6,220.35,228.4,216.05,217.0,217.5,222.01,1050801,2332.86,10803, 581674, 55.36,2024-03-22
IRB,EQ, 22-Mar-2024,58.9,59.85,60.2,58.45,59.8,59.4,59.31,21976043,13033.69,49287, 7847318, 35.71,2024-03-22
IRCON,EQ, 22-Mar-2024,216.05,217.65,223.45,215.0,218.6,219.15,219.81,9343177,20537.42,54921, 2397035, 25.66,2024-03-22
IRCTC,EQ, 22-Mar-2024,934.75,938.9,940.9,926.5,929.5,928.7,933.31,1554947,14512.41,50792, 389709, 25.06,2024-03-22
IREDA,EQ, 22-Mar-2024,132.05,133.7,138.65,132.2,138.65,138.65,136.26,22898920,31202.46,78941, 8876135, 38.76,2024-03-22
IRFC,EQ, 22-Mar-2024,135.25,135.95,145.2,135.0,141.0,140.95,140.91,112209659,158114.09,360041, 17125201, 15.26,2024-03-22
IRIS,EQ, 22-Mar-2024,131.55,133.0,133.05,127.5,127.5,127.7,129.55,20782,26.92,582, 13640, 65.63,2024-03-22
IRISDOREME,EQ, 22-Mar-2024,73.1,73.3,75.35,72.65,74.0,74.95,74.39,86230,64.15,833, 40644, 47.13,2024-03-22
IRMENERGY,EQ, 22-Mar-2024,497.6,504.0,504.0,489.15,492.1,493.05,496.52,28547,141.74,2694, 13912, 48.73,2024-03-22
ISEC,EQ, 22-Mar-2024,761.55,762.0,764.25,741.6,751.0,751.2,751.63,752518,5656.16,18187, 544845, 72.40,2024-03-22
ISFT,EQ, 22-Mar-2024,127.6,128.45,128.45,122.8,125.85,124.5,125.81,60023,75.51,1334, 40592, 67.63,2024-03-22
ISGEC,EQ, 22-Mar-2024,868.05,869.25,904.55,866.35,890.0,894.15,890.64,120178,1070.36,8890, 67265, 55.97,2024-03-22
ISMTLTD,EQ, 22-Mar-2024,87.35,87.25,90.95,86.6,88.75,88.85,89.25,484746,432.62,3972, 206754, 42.65,2024-03-22
IT,EQ, 22-Mar-2024,37.93,37.9,37.9,36.76,37.8,37.29,37.16,172869,64.24,1324, 130904, 75.72,2024-03-22
ITBEES,EQ, 22-Mar-2024,38.2,39.35,39.35,36.87,37.6,37.41,37.27,14130955,5266.76,48615, 10583986, 74.90,2024-03-22
ITC,EQ, 22-Mar-2024,421.25,421.25,429.65,421.25,428.3,428.6,427.27,38861818,166046.5,285729, 26750823, 68.84,2024-03-22
ITDC,EQ, 22-Mar-2024,604.7,605.0,634.9,599.55,634.9,627.65,623.03,114578,713.86,4662, 49014, 42.78,2024-03-22
ITDCEM,EQ, 22-Mar-2024,304.5,305.7,321.0,303.3,320.65,319.3,314.29,648171,2037.14,23813, 350238, 54.03,2024-03-22
ITETF,EQ, 22-Mar-2024,36.39,36.77,36.9,34.96,36.0,35.65,35.61,343091,122.18,2149, 284992, 83.07,2024-03-22
ITETFADD,EQ, 22-Mar-2024,36.46,36.7,36.7,35.06,35.98,35.67,35.64,87043,31.02,533, 71301, 81.91,2024-03-22
ITI,EQ, 22-Mar-2024,256.1,252.3,264.85,252.3,260.5,261.0,260.2,1939846,5047.5,33137, 348215, 17.95,2024-03-22
ITIETF,EQ, 22-Mar-2024,38.16,38.0,38.0,36.78,37.46,37.33,37.23,757492,282.03,3829, 553907, 73.12,2024-03-22
IVZINGOLD,EQ, 22-Mar-2024,5958.5,5936.95,5936.95,5830.05,5860.0,5854.2,5865.56,107,6.28,31, 45, 42.06,2024-03-22
IVZINNIFTY,EQ, 22-Mar-2024,2464.85,2464.0,2479.0,2453.0,2453.0,2459.66,2472.96,36,0.89,6, 33, 91.67,2024-03-22
J&KBANK,EQ, 22-Mar-2024,130.05,130.15,132.5,130.0,130.6,130.6,131.33,2335360,3067.02,15603, 1100575, 47.13,2024-03-22
JAGRAN,EQ, 22-Mar-2024,102.05,102.95,104.5,100.5,103.0,101.3,102.48,301378,308.84,3723, 180997, 60.06,2024-03-22
JAGSNPHARM,EQ, 22-Mar-2024,283.75,280.3,289.0,280.3,286.0,286.95,287.0,20320,58.32,837, 13780, 67.81,2024-03-22
JAICORPLTD,EQ, 22-Mar-2024,284.75,285.8,291.4,282.4,284.4,284.1,285.94,633595,1811.69,7261, 350553, 55.33,2024-03-22
JAIPURKURT,EQ, 22-Mar-2024,58.9,65.7,67.5,58.9,59.6,60.15,63.56,889796,565.55,6268, 281556, 31.64,2024-03-22
JAMNAAUTO,EQ, 22-Mar-2024,127.3,126.95,130.9,126.4,128.4,128.45,129.39,6912825,8944.55,39465, 1910806, 27.64,2024-03-22
JASH,EQ, 22-Mar-2024,1700.3,1700.35,1730.0,1700.35,1725.0,1722.65,1718.66,4383,75.33,686, 2757, 62.90,2024-03-22
JAYAGROGN,EQ, 22-Mar-2024,215.5,215.35,230.0,212.65,226.8,227.3,224.33,36011,80.78,1907, 21646, 60.11,2024-03-22
JAYBARMARU,EQ, 22-Mar-2024,109.2,109.3,119.95,109.3,119.7,117.05,115.91,332037,384.85,4243, 168629, 50.79,2024-03-22
JAYNECOIND,EQ, 22-Mar-2024,53.45,52.5,53.8,52.2,53.0,52.8,52.9,291845,154.37,1206, 184138, 63.09,2024-03-22
JAYSREETEA,EQ, 22-Mar-2024,97.45,97.05,100.0,96.65,97.2,97.6,98.09,70785,69.43,706, 46110, 65.14,2024-03-22
JBCHEPHARM,EQ, 22-Mar-2024,1619.2,1627.0,1636.0,1588.2,1622.0,1624.7,1622.68,75585,1226.5,7380, 55738, 73.74,2024-03-22
JBMA,EQ, 22-Mar-2024,1869.25,1873.85,1904.9,1865.05,1869.05,1869.85,1875.01,148116,2777.18,14017, 79758, 53.85,2024-03-22
JCHAC,EQ, 22-Mar-2024,993.9,1005.0,1013.85,980.0,990.0,990.55,996.96,52774,526.14,3346, 35416, 67.11,2024-03-22
JETFREIGHT,EQ, 22-Mar-2024,12.9,12.95,14.0,12.9,13.35,13.25,13.51,326702,44.14,1385, 207222, 63.43,2024-03-22
JGCHEM,EQ, 22-Mar-2024,186.8,186.25,190.0,185.8,186.9,186.55,187.42,238824,447.6,6726, 96335, 40.34,2024-03-22
JINDALPHOT,EQ, 22-Mar-2024,561.6,572.75,572.85,561.0,567.15,567.85,566.57,6530,37.0,761, 3974, 60.86,2024-03-22
JINDALPOLY,EQ, 22-Mar-2024,515.85,517.0,524.0,501.1,505.0,505.45,510.15,93048,474.69,8847, 41793, 44.92,2024-03-22
JINDALSAW,EQ, 22-Mar-2024,431.5,435.0,437.1,422.55,437.0,435.3,431.85,540493,2334.14,17647, 293570, 54.32,2024-03-22
JINDALSTEL,EQ, 22-Mar-2024,821.55,818.95,835.8,813.4,834.5,832.9,827.63,2059744,17047.05,67210, 535633, 26.00,2024-03-22
JINDRILL,EQ, 22-Mar-2024,637.9,640.75,699.15,636.55,683.5,681.45,666.48,120712,804.52,10982, 55578, 46.04,2024-03-22
JINDWORLD,EQ, 22-Mar-2024,330.95,330.0,338.85,329.1,331.0,332.2,334.42,900110,3010.17,7497, 850613, 94.50,2024-03-22
JIOFIN,EQ, 22-Mar-2024,338.7,338.0,346.9,336.7,346.2,344.65,343.25,20548126,70531.27,148880, 6337443, 30.84,2024-03-22
JISLDVREQS,EQ, 22-Mar-2024,31.0,30.5,31.5,30.5,30.9,31.0,31.16,17803,5.55,245, 12715, 71.42,2024-03-22
JISLJALEQS,EQ, 22-Mar-2024,52.3,52.45,53.25,50.8,51.3,51.1,52.12,6244768,3254.48,14756, 2959461, 47.39,2024-03-22
JKCEMENT,EQ, 22-Mar-2024,4107.25,4127.0,4142.0,4083.05,4100.0,4103.6,4105.36,89162,3660.42,10869, 60308, 67.64,2024-03-22
JKIL,EQ, 22-Mar-2024,603.2,603.2,629.55,601.0,624.95,624.25,617.29,137182,846.81,6994, 73666, 53.70,2024-03-22
JKLAKSHMI,EQ, 22-Mar-2024,839.75,835.75,858.4,832.0,857.7,855.9,849.28,169334,1438.12,19593, 93639, 55.30,2024-03-22
JKPAPER,EQ, 22-Mar-2024,328.7,332.3,333.95,327.0,329.45,328.15,329.9,1367194,4510.39,20473, 885420, 64.76,2024-03-22
JKTYRE,EQ, 22-Mar-2024,413.9,414.7,420.95,411.5,413.9,415.3,416.23,528524,2199.88,26732, 340614, 64.45,2024-03-22
JLHL,EQ, 22-Mar-2024,1153.75,1154.05,1178.8,1149.85,1165.5,1163.1,1161.27,19273,223.81,3265, 11785, 61.15,2024-03-22
JMFINANCIL,EQ, 22-Mar-2024,73.8,74.2,75.75,73.8,74.0,74.1,74.43,6203990,4617.62,11180, 4597243, 74.10,2024-03-22
JOCIL,EQ, 22-Mar-2024,177.0,181.3,184.0,175.0,180.5,179.3,180.07,18978,34.17,631, 11179, 58.91,2024-03-22
JPASSOCIAT,EQ, 22-Mar-2024,17.65,17.6,17.9,17.4,17.55,17.5,17.6,25004237,4400.93,8454, 12433320, 49.72,2024-03-22
JPOLYINVST,EQ, 22-Mar-2024,646.95,659.5,666.7,630.0,640.0,635.0,640.25,19317,123.68,1954, 9505, 49.21,2024-03-22
JSFB,EQ, 22-Mar-2024,387.15,380.0,394.0,380.0,393.0,390.5,388.53,116543,452.8,4623, 74979, 64.34,2024-03-22
JSL,EQ, 22-Mar-2024,680.7,680.2,695.0,678.0,692.95,693.05,687.27,1064038,7312.83,23748, 765365, 71.93,2024-03-22
JSWENERGY,EQ, 22-Mar-2024,504.55,504.8,517.5,500.05,514.95,515.45,510.61,2676903,13668.51,33870, 1261005, 47.11,2024-03-22
JSWHL,EQ, 22-Mar-2024,6209.9,6228.35,7319.95,6228.35,7150.0,7221.95,6846.24,115435,7902.96,21891, 44172, 38.27,2024-03-22
JSWINFRA,EQ, 22-Mar-2024,236.45,237.0,244.4,236.5,239.5,239.05,240.84,4311445,10383.76,30544, 2011235, 46.65,2024-03-22
JSWSTEEL,EQ, 22-Mar-2024,812.35,808.0,832.95,806.75,820.0,824.8,823.97,3983433,32822.29,171309, 2028123, 50.91,2024-03-22
JTEKTINDIA,EQ, 22-Mar-2024,159.95,158.0,160.25,155.05,156.55,156.7,157.35,187581,295.16,6673, 102311, 54.54,2024-03-22
JTLIND,EQ, 22-Mar-2024,197.45,198.5,203.5,196.2,202.0,201.3,199.02,1164732,2318.06,8284, 676795, 58.11,2024-03-22
JUBLFOOD,EQ, 22-Mar-2024,450.3,451.55,456.25,447.25,455.25,452.45,451.66,2726739,12315.56,41246, 1881013, 68.98,2024-03-22
JUBLINDS,EQ, 22-Mar-2024,1274.25,1279.0,1280.0,1211.25,1215.05,1219.35,1230.47,21679,266.75,1435, 11502, 53.06,2024-03-22
JUBLINGREA,EQ, 22-Mar-2024,453.65,450.0,462.0,450.0,458.1,459.9,456.29,201449,919.19,9210, 105022, 52.13,2024-03-22
JUBLPHARMA,EQ, 22-Mar-2024,570.6,568.4,576.8,563.1,565.0,564.85,569.46,98372,560.19,5887, 53268, 54.15,2024-03-22
JUNIORBEES,EQ, 22-Mar-2024,625.73,644.5,644.5,610.1,627.73,628.47,626.85,100472,629.81,4054, 36669, 36.50,2024-03-22
JUNIPER,EQ, 22-Mar-2024,508.9,511.1,525.5,492.2,492.2,505.45,508.68,520838,2649.39,14025, 153270, 29.43,2024-03-22
JUSTDIAL,EQ, 22-Mar-2024,806.55,805.8,809.45,795.3,799.45,797.45,801.82,136704,1096.12,8111, 58020, 42.44,2024-03-22
JWL,EQ, 22-Mar-2024,344.15,345.0,357.2,344.5,355.0,355.3,352.56,883582,3115.16,14674, 525267, 59.45,2024-03-22
JYOTHYLAB,EQ, 22-Mar-2024,418.6,418.6,426.0,415.7,424.6,424.25,422.52,216321,913.99,12507, 71036, 32.84,2024-03-22
JYOTICNC,EQ, 22-Mar-2024,633.05,629.8,696.35,625.0,696.35,696.35,678.53,551309,3740.77,13671, 297427, 53.95,2024-03-22
KABRAEXTRU,EQ, 22-Mar-2024,307.15,308.0,315.0,304.7,313.0,312.8,310.63,68191,211.82,5732, 42244, 61.95,2024-03-22
KAJARIACER,EQ, 22-Mar-2024,1194.45,1194.45,1200.0,1184.5,1189.0,1188.8,1189.12,63322,752.97,7498, 38331, 60.53,2024-03-22
KAKATCEM,EQ, 22-Mar-2024,200.5,196.05,204.95,191.15,202.25,200.5,200.33,18774,37.61,1244, 10497, 55.91,2024-03-22
KALAMANDIR,EQ, 22-Mar-2024,189.7,189.0,199.0,186.95,193.5,195.0,193.15,731016,1411.95,19385, 500713, 68.50,2024-03-22
KALYANIFRG,EQ, 22-Mar-2024,439.65,438.2,459.95,434.1,445.0,444.05,444.57,2865,12.74,241, 698, 24.36,2024-03-22
KALYANKJIL,EQ, 22-Mar-2024,378.25,383.75,387.85,378.25,385.0,385.2,385.05,870215,3350.8,22962, 387692, 44.55,2024-03-22
KAMATHOTEL,EQ, 22-Mar-2024,258.75,261.9,264.0,252.95,255.5,255.0,259.59,55488,144.04,1444, 37171, 66.99,2024-03-22
KAMDHENU,EQ, 22-Mar-2024,523.1,523.6,548.8,520.0,526.25,527.5,535.6,325985,1745.97,3910, 79602, 24.42,2024-03-22
KAMOPAINTS,EQ, 22-Mar-2024,175.35,171.35,178.0,168.45,172.0,172.65,174.73,559256,977.19,16622, 110745, 19.80,2024-03-22
KANORICHEM,EQ, 22-Mar-2024,106.95,105.15,109.45,104.6,109.45,107.75,107.66,42992,46.28,848, 26589, 61.85,2024-03-22
KANPRPLA,EQ, 22-Mar-2024,98.05,98.15,100.9,97.15,99.0,98.8,98.96,19564,19.36,893, 8630, 44.11,2024-03-22
KANSAINER,EQ, 22-Mar-2024,267.85,269.0,272.2,267.4,269.0,268.65,269.42,321871,867.17,9189, 215393, 66.92,2024-03-22
KAPSTON,EQ, 22-Mar-2024,242.8,247.5,247.5,240.15,244.0,243.55,243.43,2308,5.62,167, 1060, 45.93,2024-03-22
KARURVYSYA,EQ, 22-Mar-2024,176.05,176.95,183.0,176.1,182.0,182.35,180.78,1922053,3474.68,20249, 920719, 47.90,2024-03-22
KAUSHALYA,EQ, 22-Mar-2024,598.45,624.0,624.0,594.3,608.0,605.8,608.87,936,5.7,200, 705, 75.32,2024-03-22
KAYA,EQ, 22-Mar-2024,315.5,315.7,321.95,314.0,317.55,320.05,318.27,6294,20.03,347, 4675, 74.28,2024-03-22
KAYNES,EQ, 22-Mar-2024,2712.2,2695.0,2814.0,2675.3,2795.0,2798.95,2736.13,208195,5696.49,22237, 149970, 72.03,2024-03-22
KBCGLOBAL,EQ, 22-Mar-2024,1.85,1.85,1.9,1.8,1.85,1.8,1.84,6946129,127.52,2034, 4662672, 67.13,2024-03-22
KCP,EQ, 22-Mar-2024,171.85,171.8,175.0,169.9,172.5,173.3,172.68,481725,831.83,11779, 231524, 48.06,2024-03-22
KCPSUGIND,EQ, 22-Mar-2024,35.1,35.3,36.1,34.5,35.6,35.4,35.57,292033,103.87,1861, 155651, 53.30,2024-03-22
KDDL,EQ, 22-Mar-2024,2480.15,2500.0,2501.6,2455.9,2465.15,2472.1,2487.78,10372,258.03,1989, 7225, 69.66,2024-03-22
KEC,EQ, 22-Mar-2024,663.25,666.6,680.0,661.0,665.9,672.25,671.97,575299,3865.86,29199, 152498, 26.51,2024-03-22
KECL,EQ, 22-Mar-2024,105.2,106.0,110.75,106.0,109.5,109.1,108.49,344146,373.35,5687, 141887, 41.23,2024-03-22
KEEPLEARN,EQ, 22-Mar-2024,3.75,3.9,3.9,3.65,3.7,3.75,3.85,53780,2.07,80, 52655, 97.91,2024-03-22
KEI,EQ, 22-Mar-2024,3405.1,3405.1,3472.75,3367.35,3422.0,3422.95,3428.68,143188,4909.46,17375, 45090, 31.49,2024-03-22
KELLTONTEC,EQ, 22-Mar-2024,100.55,99.75,102.75,99.0,101.0,100.85,100.91,1098040,1108.09,7438, 346017, 31.51,2024-03-22
KERNEX,EQ, 22-Mar-2024,577.25,583.75,597.95,580.0,592.0,588.3,584.53,10358,60.55,341, 8076, 77.97,2024-03-22
KESORAMIND,EQ, 22-Mar-2024,166.55,167.5,168.65,166.0,167.0,167.25,166.89,482211,804.75,3222, 352032, 73.00,2024-03-22
KEYFINSERV,EQ, 22-Mar-2024,148.5,148.95,152.05,139.05,148.05,147.45,143.72,22749,32.7,811, 4676, 20.55,2024-03-22
KFINTECH,EQ, 22-Mar-2024,598.9,594.7,610.35,590.65,601.15,607.35,600.63,251286,1509.29,11733, 134691, 53.60,2024-03-22
KHADIM,EQ, 22-Mar-2024,330.8,332.05,340.0,325.0,327.0,328.5,330.41,25564,84.47,962, 15828, 61.92,2024-03-22
KHAICHEM,EQ, 22-Mar-2024,67.95,68.25,69.8,67.75,68.45,68.3,68.97,139046,95.91,1627, 79778, 57.38,2024-03-22
KHAITANLTD,EQ, 22-Mar-2024,61.95,64.0,64.0,61.6,62.3,62.25,62.22,2266,1.41,97, 1211, 53.44,2024-03-22
KHANDSE,EQ, 22-Mar-2024,30.2,31.4,31.6,30.6,31.0,31.25,31.24,66811,20.87,156, 56975, 85.28,2024-03-22
KICL,EQ, 22-Mar-2024,3565.3,3574.0,3685.35,3505.3,3617.0,3631.85,3619.2,3020,109.3,989, 1595, 52.81,2024-03-22
KILITCH,EQ, 22-Mar-2024,365.55,371.25,375.35,362.7,363.3,366.6,369.38,2498,9.23,185, 1588, 63.57,2024-03-22
KIMS,EQ, 22-Mar-2024,2002.75,2020.65,2058.95,2005.0,2019.9,2021.7,2030.86,60521,1229.1,7279, 34861, 57.60,2024-03-22
KINGFA,EQ, 22-Mar-2024,1799.8,1808.0,1849.0,1756.0,1844.5,1842.0,1831.82,3791,69.44,669, 2632, 69.43,2024-03-22
KIOCL,EQ, 22-Mar-2024,402.95,403.9,429.7,399.3,411.15,412.55,416.08,581093,2417.83,15975, 133544, 22.98,2024-03-22
KIRIINDUS,EQ, 22-Mar-2024,329.15,329.15,331.15,321.0,321.15,322.35,325.9,234154,763.12,15931, 97827, 41.78,2024-03-22
KIRLOSBROS,EQ, 22-Mar-2024,1031.7,1034.8,1097.95,1034.8,1055.1,1065.65,1072.17,136620,1464.8,16791, 52207, 38.21,2024-03-22
KIRLOSENG,EQ, 22-Mar-2024,855.35,859.95,874.95,848.9,860.5,866.15,858.96,85628,735.51,12293, 46600, 54.42,2024-03-22
KIRLOSIND,EQ, 22-Mar-2024,4118.1,4073.15,4136.0,4050.0,4050.0,4062.2,4084.87,958,39.13,295, 588, 61.38,2024-03-22
KIRLPNU,EQ, 22-Mar-2024,685.15,688.65,705.5,680.0,705.0,702.25,698.42,39390,275.11,4876, 25013, 63.50,2024-03-22
KITEX,EQ, 22-Mar-2024,188.95,187.0,196.3,186.6,192.1,192.65,193.05,215145,415.34,7823, 101476, 47.17,2024-03-22
KKCL,EQ, 22-Mar-2024,680.35,680.35,700.0,665.0,699.0,698.5,685.93,27589,189.24,2942, 13351, 48.39,2024-03-22
KMSUGAR,EQ, 22-Mar-2024,28.7,28.7,29.9,28.7,29.55,29.5,29.33,174132,51.07,2378, 101104, 58.06,2024-03-22
KNRCON,EQ, 22-Mar-2024,255.35,255.2,259.9,253.35,255.25,255.3,256.98,346087,889.37,9394, 179092, 51.75,2024-03-22
KOHINOOR,EQ, 22-Mar-2024,43.65,43.6,43.8,42.0,42.25,42.4,42.68,228033,97.34,2051, 102280, 44.85,2024-03-22
KOKUYOCMLN,EQ, 22-Mar-2024,115.3,113.15,118.5,113.15,115.35,115.65,116.14,70559,81.95,1264, 47659, 67.54,2024-03-22
KOLTEPATIL,EQ, 22-Mar-2024,440.95,444.2,461.7,435.0,457.6,457.4,453.0,143952,652.1,9192, 58588, 40.70,2024-03-22
KOPRAN,EQ, 22-Mar-2024,257.5,256.5,260.75,251.3,252.25,253.25,255.73,173963,444.88,6389, 93708, 53.87,2024-03-22
KOTAKBANK,EQ, 22-Mar-2024,1772.15,1769.9,1782.5,1765.0,1774.95,1776.4,1773.49,7061283,125231.27,167350, 5295399, 74.99,2024-03-22
KOTAKGOLD,EQ, 22-Mar-2024,57.02,56.64,56.7,56.22,56.3,56.37,56.4,416314,234.79,1178, 385946, 92.71,2024-03-22
KOTAKSILVE,EQ, 22-Mar-2024,74.11,73.58,73.58,72.77,73.3,73.27,73.13,7631,5.58,95, 5671, 74.32,2024-03-22
KOTARISUG,EQ, 22-Mar-2024,53.2,53.3,54.95,53.0,54.4,54.25,54.17,163146,88.38,2224, 83674, 51.29,2024-03-22
KOTHARIPET,EQ, 22-Mar-2024,122.3,124.0,125.4,122.15,123.0,123.1,124.0,46109,57.17,837, 28146, 61.04,2024-03-22
KOTHARIPRO,EQ, 22-Mar-2024,117.2,117.2,122.0,117.2,121.95,120.8,119.36,11127,13.28,384, 7091, 63.73,2024-03-22
KPIGREEN,EQ, 22-Mar-2024,1562.45,1550.0,1615.95,1514.95,1540.0,1536.1,1559.77,472443,7369.0,26295, 190192, 40.26,2024-03-22
KPIL,EQ, 22-Mar-2024,1084.3,1080.0,1112.05,1060.0,1066.95,1064.9,1084.34,417003,4521.75,37410, 193022, 46.29,2024-03-22
KPITTECH,EQ, 22-Mar-2024,1358.2,1359.0,1397.45,1328.4,1393.0,1385.7,1361.52,1426909,19427.58,112469, 644697, 45.18,2024-03-22
KPRMILL,EQ, 22-Mar-2024,801.2,804.8,804.8,789.35,792.7,794.0,797.06,83101,662.36,7250, 36725, 44.19,2024-03-22
KRBL,EQ, 22-Mar-2024,291.45,292.3,295.0,287.8,289.25,288.8,291.19,546650,1591.8,16982, 324683, 59.40,2024-03-22
KREBSBIO,EQ, 22-Mar-2024,66.4,65.6,68.4,65.6,66.45,66.65,66.61,8419,5.61,116, 6634, 78.80,2024-03-22
KRISHANA,EQ, 22-Mar-2024,253.4,255.45,258.9,245.7,253.0,251.15,253.94,102836,261.14,2707, 71334, 69.37,2024-03-22
KRITI,EQ, 22-Mar-2024,137.1,136.4,141.0,134.8,140.95,139.85,138.16,72758,100.52,2840, 33031, 45.40,2024-03-22
KRITINUT,EQ, 22-Mar-2024,91.7,93.6,95.0,93.05,94.8,94.35,94.23,21523,20.28,469, 14909, 69.27,2024-03-22
KRSNAA,EQ, 22-Mar-2024,646.85,639.9,639.9,626.0,629.0,629.65,633.24,58412,369.89,4043, 33993, 58.20,2024-03-22
KRYSTAL,EQ, 22-Mar-2024,712.85,723.0,733.75,701.9,708.0,710.75,717.3,930366,6673.54,22260, 233435, 25.09,2024-03-22
KSB,EQ, 22-Mar-2024,3741.7,3764.9,3799.0,3702.7,3716.0,3724.25,3738.42,15696,586.78,5969, 7180, 45.74,2024-03-22
KSCL,EQ, 22-Mar-2024,622.2,622.0,642.4,621.95,632.05,631.4,633.56,43543,275.87,5434, 19702, 45.25,2024-03-22
KSL,EQ, 22-Mar-2024,840.45,847.4,894.0,837.8,886.0,882.55,876.97,183511,1609.33,18956, 62887, 34.27,2024-03-22
KSOLVES,EQ, 22-Mar-2024,1159.9,1158.9,1165.95,1143.0,1153.5,1155.95,1156.12,12035,139.14,1610, 8839, 73.44,2024-03-22
KTKBANK,EQ, 22-Mar-2024,232.6,233.9,236.7,230.0,231.05,231.7,233.45,1331952,3109.45,15330, 662919, 49.77,2024-03-22
KUANTUM,EQ, 22-Mar-2024,155.25,155.65,161.0,155.3,156.55,156.45,157.97,144468,228.21,5478, 78908, 54.62,2024-03-22
L&TFH,EQ, 22-Mar-2024,156.0,155.95,156.1,154.1,155.1,155.0,155.2,4140139,6425.58,25761, 2455644, 59.31,2024-03-22
LALPATHLAB,EQ, 22-Mar-2024,2076.8,2115.0,2132.7,2065.2,2130.0,2128.75,2098.33,310959,6524.96,29137, 134749, 43.33,2024-03-22
LAMBODHARA,EQ, 22-Mar-2024,142.15,143.75,147.0,141.0,143.1,144.4,145.06,27672,40.14,783, 16393, 59.24,2024-03-22
LANDMARK,EQ, 22-Mar-2024,722.8,729.2,729.2,705.0,709.0,709.7,715.15,111329,796.17,5670, 85889, 77.15,2024-03-22
LAOPALA,EQ, 22-Mar-2024,312.45,313.1,314.45,310.0,314.4,313.9,312.65,94576,295.69,6711, 54897, 58.05,2024-03-22
LASA,EQ, 22-Mar-2024,23.0,23.45,23.45,22.75,22.95,22.9,23.03,98049,22.58,543, 70757, 72.16,2024-03-22
LATENTVIEW,EQ, 22-Mar-2024,465.25,460.3,470.7,458.25,467.55,467.8,464.88,469020,2180.37,19493, 260920, 55.63,2024-03-22
LAURUSLABS,EQ, 22-Mar-2024,383.9,381.75,400.95,381.65,397.95,397.8,396.26,2124198,8417.33,35897, 745979, 35.12,2024-03-22
LAXMICOT,EQ, 22-Mar-2024,28.3,28.25,29.0,27.15,27.45,27.65,28.09,150132,42.17,701, 61288, 40.82,2024-03-22
LAXMIMACH,EQ, 22-Mar-2024,14371.2,14439.0,14700.0,14364.55,14405.5,14468.65,14523.01,3554,516.15,1682, 1873, 52.70,2024-03-22
LEMONTREE,EQ, 22-Mar-2024,133.65,134.5,135.65,132.05,133.5,132.6,133.75,2103033,2812.82,17118, 771080, 36.67,2024-03-22
LEXUS,EQ, 22-Mar-2024,36.2,36.0,37.45,36.0,37.0,37.0,36.72,18380,6.75,93, 16973, 92.34,2024-03-22
LGBBROSLTD,EQ, 22-Mar-2024,1183.1,1190.0,1209.95,1181.5,1195.0,1201.15,1197.63,17429,208.73,2937, 9589, 55.02,2024-03-22
LGBFORGE,EQ, 22-Mar-2024,9.4,9.5,9.85,9.45,9.85,9.85,9.7,258046,25.03,1197, 150230, 58.22,2024-03-22
LGHL,EQ, 22-Mar-2024,323.6,307.45,307.45,307.45,307.45,307.45,307.45,1732,5.33,87, 1732, 100.00,2024-03-22
LIBAS,EQ, 22-Mar-2024,19.05,19.25,19.3,18.85,19.15,19.15,19.1,75208,14.36,323, 46930, 62.40,2024-03-22
LICHSGFIN,EQ, 22-Mar-2024,591.35,588.0,599.0,588.0,595.0,595.5,595.61,1290405,7685.77,38792, 706796, 54.77,2024-03-22
LICI,EQ, 22-Mar-2024,901.8,905.0,909.0,888.5,906.0,906.35,899.64,4895634,44043.02,78287, 2051573, 41.91,2024-03-22
LICMFGOLD,EQ, 22-Mar-2024,6102.25,6079.9,6083.85,6000.1,6029.0,6016.15,6042.14,114,6.89,60, 63, 55.26,2024-03-22
LICNETFGSC,EQ, 22-Mar-2024,25.04,25.45,25.45,24.9,25.05,25.04,24.97,59531,14.86,183, 52606, 88.37,2024-03-22
LICNETFN50,EQ, 22-Mar-2024,239.24,239.24,240.99,239.24,240.99,240.89,240.53,125,0.3,21, 76, 60.80,2024-03-22
LICNETFSEN,EQ, 22-Mar-2024,796.67,796.67,800.0,796.67,800.0,800.0,797.15,7,0.06,6, 7, 100.00,2024-03-22
LICNFNHGP,EQ, 22-Mar-2024,241.56,241.12,242.75,240.0,242.75,242.75,241.55,448,1.08,11, 439, 97.99,2024-03-22
LICNMID100,EQ, 22-Mar-2024,46.62,46.62,47.32,46.4,47.25,47.25,46.86,1823,0.85,78, 1374, 75.37,2024-03-22
LIKHITHA,EQ, 22-Mar-2024,247.45,250.0,252.4,246.0,246.5,247.4,249.2,119331,297.37,4854, 66416, 55.66,2024-03-22
LINC,EQ, 22-Mar-2024,528.35,525.2,534.75,520.0,530.15,521.85,527.13,20977,110.58,1529, 15409, 73.46,2024-03-22
LINCOLN,EQ, 22-Mar-2024,610.45,611.0,614.95,599.65,600.2,601.8,604.57,30853,186.53,3385, 15735, 51.00,2024-03-22
LINDEINDIA,EQ, 22-Mar-2024,6517.6,6549.0,6734.4,6485.5,6510.0,6527.1,6601.39,121202,8001.01,20287, 31808, 26.24,2024-03-22
LIQUID,EQ, 22-Mar-2024,999.99,999.99,1000.0,999.99,1000.0,999.99,999.99,102934,1029.33,131, 67251, 65.33,2024-03-22
LIQUID1,EQ, 22-Mar-2024,1000.0,1000.0,1000.01,999.99,1000.01,1000.0,1000.0,116191,1161.91,24, 58169, 50.06,2024-03-22
LIQUIDBEES,EQ, 22-Mar-2024,1000.0,1000.0,1001.0,999.99,1000.01,1000.0,1000.0,3372838,33728.33,9693, 2476385, 73.42,2024-03-22
LIQUIDCASE,EQ, 22-Mar-2024,101.21,101.29,101.29,101.27,101.29,101.28,101.29,4038444,4090.44,4649, 3756971, 93.03,2024-03-22
LIQUIDETF,EQ, 22-Mar-2024,999.99,1000.0,1000.01,999.99,1000.0,999.99,1000.0,1254344,12543.43,649, 1052239, 83.89,2024-03-22
LIQUIDIETF,EQ, 22-Mar-2024,999.99,999.99,1000.01,999.99,1000.0,999.99,1000.0,1570000,15700.0,3024, 1141400, 72.70,2024-03-22
LIQUIDSBI,EQ, 22-Mar-2024,1000.0,1000.0,1000.01,1000.0,1000.01,1000.01,1000.01,1941,19.41,10, 1941, 100.00,2024-03-22
LLOYDSENGG,EQ, 22-Mar-2024,47.6,47.6,49.4,46.6,47.85,47.9,47.95,3812967,1828.41,11326, 1659049, 43.51,2024-03-22
LLOYDSME,EQ, 22-Mar-2024,589.05,590.0,596.95,575.1,579.0,579.15,585.7,99948,585.39,5451, 60931, 60.96,2024-03-22
LODHA,EQ, 22-Mar-2024,1130.5,1130.9,1170.0,1130.8,1162.0,1158.2,1151.5,641678,7388.92,38603, 456437, 71.13,2024-03-22
LOKESHMACH,EQ, 22-Mar-2024,304.7,307.0,324.8,301.5,321.0,320.6,318.14,128904,410.09,5911, 92578, 71.82,2024-03-22
LOVABLE,EQ, 22-Mar-2024,114.95,114.95,120.55,114.85,116.45,116.2,116.87,49240,57.54,914, 36063, 73.24,2024-03-22
LOWVOL,EQ, 22-Mar-2024,179.58,181.26,182.32,181.21,182.26,182.29,181.48,14,0.03,12, 14, 100.00,2024-03-22
LOWVOL1,EQ, 22-Mar-2024,18.31,18.32,18.72,18.14,18.45,18.46,18.39,17774,3.27,179, 7087, 39.87,2024-03-22
LOWVOLIETF,EQ, 22-Mar-2024,19.4,20.0,20.0,19.02,19.55,19.58,19.58,1289660,252.47,1356, 1212927, 94.05,2024-03-22
LOYALTEX,EQ, 22-Mar-2024,606.3,609.0,614.95,572.0,572.0,575.6,586.17,6861,40.22,877, 3079, 44.88,2024-03-22
LPDC,EQ, 22-Mar-2024,8.8,9.25,9.25,8.35,8.5,8.65,8.85,119927,10.61,591, 80704, 67.29,2024-03-22
LT,EQ, 22-Mar-2024,3560.0,3546.2,3647.3,3546.2,3610.0,3617.8,3609.22,3020545,109018.01,216381, 1493155, 49.43,2024-03-22
LTFOODS,EQ, 22-Mar-2024,189.95,189.55,196.7,186.0,194.5,194.4,193.08,3876764,7485.39,36850, 865859, 22.33,2024-03-22
LTGILTBEES,EQ, 22-Mar-2024,25.41,26.15,26.15,24.96,25.51,25.48,25.48,3880429,988.55,981, 3435888, 88.54,2024-03-22
LTIM,EQ, 22-Mar-2024,5159.9,5044.95,5078.0,4945.05,5008.0,5005.0,5017.09,846359,42462.56,82907, 434963, 51.39,2024-03-22
LTTS,EQ, 22-Mar-2024,5457.5,5301.0,5400.0,5228.1,5361.1,5369.85,5327.53,212489,11320.42,24165, 51348, 24.17,2024-03-22
LUMAXIND,EQ, 22-Mar-2024,2331.45,2345.0,2361.0,2294.0,2312.0,2312.1,2320.11,8543,198.21,1528, 5052, 59.14,2024-03-22
LUMAXTECH,EQ, 22-Mar-2024,461.65,461.0,476.7,458.85,471.75,471.95,470.25,220540,1037.09,12238, 104834, 47.54,2024-03-22
LUPIN,EQ, 22-Mar-2024,1611.65,1611.0,1622.45,1599.0,1608.0,1608.25,1607.85,566433,9107.41,36662, 264130, 46.63,2024-03-22
LUXIND,EQ, 22-Mar-2024,1114.9,1128.0,1128.0,1111.0,1114.5,1115.55,1117.1,62079,693.49,5194, 40572, 65.36,2024-03-22
LXCHEM,EQ, 22-Mar-2024,227.7,227.9,249.9,227.7,245.0,246.45,245.27,14835979,36388.69,145242, 989742, 6.67,2024-03-22
LYKALABS,EQ, 22-Mar-2024,110.05,110.75,112.7,110.1,112.6,111.85,111.79,88185,98.58,707, 74037, 83.96,2024-03-22
LYPSAGEMS,EQ, 22-Mar-2024,6.45,6.7,6.75,6.15,6.15,6.2,6.48,181170,11.75,484, 92913, 51.28,2024-03-22
M&M,EQ, 22-Mar-2024,1865.85,1865.85,1905.45,1847.25,1875.0,1878.8,1880.49,3786990,71214.01,188135, 2129210, 56.22,2024-03-22
M&MFIN,EQ, 22-Mar-2024,268.2,267.7,275.6,266.45,273.35,273.6,272.92,2011220,5489.03,19855, 771203, 38.35,2024-03-22
MAANALU,EQ, 22-Mar-2024,142.0,143.0,149.4,140.3,145.1,146.35,144.96,87268,126.51,2106, 45447, 52.08,2024-03-22
MADRASFERT,EQ, 22-Mar-2024,81.9,81.75,84.2,81.3,82.0,82.5,83.02,352965,293.04,4288, 134240, 38.03,2024-03-22
MAFANG,EQ, 22-Mar-2024,84.92,84.91,84.99,84.02,84.5,84.48,84.43,350643,296.06,5167, 268954, 76.70,2024-03-22
MAGADSUGAR,EQ, 22-Mar-2024,529.5,530.15,555.0,522.65,547.05,547.85,544.9,15521,84.57,2040, 7137, 45.98,2024-03-22
MAGNUM,EQ, 22-Mar-2024,47.05,48.4,48.9,45.75,46.4,46.25,47.68,202626,96.61,1126, 155185, 76.59,2024-03-22
MAHABANK,EQ, 22-Mar-2024,58.9,59.0,60.65,58.5,59.8,59.85,59.89,15830308,9480.53,25231, 3813655, 24.09,2024-03-22
MAHAPEXLTD,EQ, 22-Mar-2024,143.25,139.15,143.4,134.1,135.0,135.7,137.43,32978,45.32,1197, 19613, 59.47,2024-03-22
MAHEPC,EQ, 22-Mar-2024,122.3,122.95,124.7,121.0,121.55,121.85,122.43,41906,51.3,1691, 23503, 56.09,2024-03-22
MAHESHWARI,EQ, 22-Mar-2024,64.4,64.0,66.75,64.0,64.8,65.4,64.9,132467,85.97,311, 120598, 91.04,2024-03-22
MAHKTECH,EQ, 22-Mar-2024,12.62,12.6,12.62,12.26,12.44,12.38,12.45,2938899,365.95,3533, 2181608, 74.23,2024-03-22
MAHLIFE,EQ, 22-Mar-2024,543.65,550.0,564.1,545.0,546.0,545.95,550.94,958405,5280.24,28858, 413318, 43.13,2024-03-22
MAHLOG,EQ, 22-Mar-2024,410.3,412.4,412.8,405.5,407.0,407.2,409.03,111910,457.74,6574, 67006, 59.87,2024-03-22
MAHSCOOTER,EQ, 22-Mar-2024,6903.8,6938.35,7100.4,6880.1,7079.95,7060.2,7002.8,4476,313.45,1456, 2716, 60.68,2024-03-22
MAHSEAMLES,EQ, 22-Mar-2024,854.75,864.8,867.0,855.1,858.0,857.35,860.32,76150,655.13,6010, 58332, 76.60,2024-03-22
MAITHANALL,EQ, 22-Mar-2024,965.05,972.0,1014.0,969.0,998.0,1002.6,998.44,53504,534.2,7133, 27745, 51.86,2024-03-22
MAKEINDIA,EQ, 22-Mar-2024,120.17,123.8,123.8,119.85,121.53,121.37,121.06,13589,16.45,318, 10068, 74.09,2024-03-22
MALLCOM,EQ, 22-Mar-2024,906.8,914.9,1070.0,906.55,1050.0,1038.0,999.62,42022,420.06,5941, 19893, 47.34,2024-03-22
MANAKCOAT,EQ, 22-Mar-2024,30.45,30.45,30.7,28.95,28.95,29.05,29.51,153798,45.38,702, 113878, 74.04,2024-03-22
MANAKSIA,EQ, 22-Mar-2024,102.35,102.6,105.5,101.55,101.55,102.75,103.65,140711,145.85,2036, 90471, 64.30,2024-03-22
MANALIPETC,EQ, 22-Mar-2024,59.35,59.65,60.55,59.25,59.55,59.55,59.82,698983,418.13,4264, 423527, 60.59,2024-03-22
MANAPPURAM,EQ, 22-Mar-2024,172.6,173.0,173.8,170.75,172.85,172.9,172.41,4884795,8421.74,29177, 2207331, 45.19,2024-03-22
MANGALAM,EQ, 22-Mar-2024,98.0,100.8,101.3,99.0,101.0,100.3,100.38,34499,34.63,798, 16335, 47.35,2024-03-22
MANGCHEFER,EQ, 22-Mar-2024,101.85,101.9,104.0,101.9,103.25,103.05,103.48,267386,276.7,2932, 189083, 70.72,2024-03-22
MANGLMCEM,EQ, 22-Mar-2024,678.7,678.7,713.55,668.0,711.45,706.35,698.96,120549,842.59,10711, 79190, 65.69,2024-03-22
MANINFRA,EQ, 22-Mar-2024,203.6,204.5,211.25,202.5,209.05,209.0,208.57,1494731,3117.6,27640, 553694, 37.04,2024-03-22
MANKIND,EQ, 22-Mar-2024,2132.75,2160.0,2270.0,2155.0,2201.0,2213.9,2200.37,470034,10342.49,37955, 254311, 54.10,2024-03-22
MANORAMA,EQ, 22-Mar-2024,336.8,340.0,354.1,339.65,342.4,347.55,348.17,84522,294.28,6262, 56760, 67.15,2024-03-22
MANORG,EQ, 22-Mar-2024,309.65,302.65,313.9,302.65,305.0,305.1,307.85,9710,29.89,749, 7255, 74.72,2024-03-22
MANYAVAR,EQ, 22-Mar-2024,896.55,900.0,939.0,900.0,931.6,933.0,913.75,416516,3805.93,19650, 215747, 51.80,2024-03-22
MAPMYINDIA,EQ, 22-Mar-2024,1805.4,1805.4,1873.0,1800.0,1848.85,1846.85,1849.97,93647,1732.44,12347, 45283, 48.35,2024-03-22
MARALOVER,EQ, 22-Mar-2024,63.65,63.3,67.9,63.1,67.0,66.15,66.07,57801,38.19,1031, 23841, 41.25,2024-03-22
MARATHON,EQ, 22-Mar-2024,477.2,475.15,500.75,475.15,487.5,489.95,487.07,96492,469.98,13244, 28619, 29.66,2024-03-22
MARICO,EQ, 22-Mar-2024,500.7,501.0,504.0,495.0,498.0,497.75,498.03,1090354,5430.31,35806, 731908, 67.13,2024-03-22
MARINE,EQ, 22-Mar-2024,91.15,92.3,92.3,89.8,90.45,90.45,90.44,172559,156.06,1101, 131499, 76.21,2024-03-22
MARKSANS,EQ, 22-Mar-2024,144.9,145.0,147.95,143.2,145.1,145.45,146.24,907758,1327.53,8395, 571189, 62.92,2024-03-22
MARUTI,EQ, 22-Mar-2024,11908.15,11890.05,12427.3,11890.05,12304.0,12337.7,12231.52,1062263,129930.9,158758, 448499, 42.22,2024-03-22
MASFIN,EQ, 22-Mar-2024,289.05,289.0,294.0,288.0,289.05,290.3,290.99,116411,338.75,7017, 51047, 43.85,2024-03-22
MASPTOP50,EQ, 22-Mar-2024,39.41,39.42,39.79,39.2,39.4,39.28,39.45,213152,84.08,1151, 147910, 69.39,2024-03-22
MASTEK,EQ, 22-Mar-2024,2653.7,2635.0,2668.45,2616.15,2657.0,2634.5,2640.29,27581,728.22,6228, 9706, 35.19,2024-03-22
MATRIMONY,EQ, 22-Mar-2024,507.95,506.95,510.5,506.9,510.0,509.8,509.68,56453,287.73,981, 51521, 91.26,2024-03-22
MAWANASUG,EQ, 22-Mar-2024,87.0,87.0,88.5,86.55,87.0,87.15,87.61,92526,81.06,1361, 47287, 51.11,2024-03-22
MAXESTATES,EQ, 22-Mar-2024,258.1,263.45,269.0,262.35,263.95,264.4,265.11,131527,348.69,4977, 68272, 51.91,2024-03-22
MAXHEALTH,EQ, 22-Mar-2024,748.8,749.95,749.95,730.2,741.7,739.05,737.68,3277615,24178.28,63818, 2406490, 73.42,2024-03-22
MAYURUNIQ,EQ, 22-Mar-2024,482.45,480.0,483.9,473.0,477.0,475.8,479.42,82756,396.75,4444, 59299, 71.66,2024-03-22
MAZDA,EQ, 22-Mar-2024,1281.2,1283.0,1367.0,1255.25,1333.0,1328.95,1324.99,26407,349.89,2999, 3862, 14.62,2024-03-22
MAZDOCK,EQ, 22-Mar-2024,1878.4,1891.0,1948.95,1890.1,1901.65,1898.45,1913.6,999489,19126.27,52705, 234616, 23.47,2024-03-22
MBAPL,EQ, 22-Mar-2024,242.6,243.8,255.95,241.0,243.6,241.95,247.51,33102,81.93,841, 19556, 59.08,2024-03-22
MCDOWELL-N,EQ, 22-Mar-2024,1109.9,1107.9,1144.45,1106.0,1133.1,1134.5,1129.64,916955,10358.28,30770, 520813, 56.80,2024-03-22
MCX,EQ, 22-Mar-2024,3279.55,3277.0,3360.85,3260.05,3335.0,3336.85,3321.9,419006,13918.97,40832, 127060, 30.32,2024-03-22
MEDANTA,EQ, 22-Mar-2024,1230.5,1239.0,1290.0,1230.0,1281.0,1280.55,1263.14,186874,2360.48,18305, 125248, 67.02,2024-03-22
MEDIASSIST,EQ, 22-Mar-2024,464.8,458.0,484.05,458.0,480.1,480.05,478.53,168586,806.73,15310, 101118, 59.98,2024-03-22
MEDICAMEQ,EQ, 22-Mar-2024,406.05,408.1,435.9,407.25,411.2,413.5,421.68,276593,1166.34,7138, 246991, 89.30,2024-03-22
MEDICO,EQ, 22-Mar-2024,57.75,57.45,59.85,46.2,47.9,48.75,48.25,8247435,3979.14,19210, 3259725, 39.52,2024-03-22
MEDPLUS,EQ, 22-Mar-2024,682.95,679.45,693.0,679.45,685.0,687.2,686.79,75314,517.25,6039, 52001, 69.05,2024-03-22
MEGASOFT,EQ, 22-Mar-2024,74.95,76.95,78.3,73.85,78.1,77.3,76.41,361179,275.98,1709, 258574, 71.59,2024-03-22
MEGASTAR,EQ, 22-Mar-2024,287.95,281.0,291.65,281.0,288.0,289.3,289.01,14867,42.97,524, 11000, 73.99,2024-03-22
MENONBE,EQ, 22-Mar-2024,116.4,114.2,118.5,114.2,116.7,116.9,117.03,58063,67.95,1333, 34132, 58.78,2024-03-22
METROBRAND,EQ, 22-Mar-2024,1130.15,1163.0,1199.9,1108.05,1128.0,1122.05,1156.94,1670161,19322.74,59810, 172249, 10.31,2024-03-22
METROPOLIS,EQ, 22-Mar-2024,1627.25,1612.55,1651.2,1598.4,1608.0,1601.95,1624.41,208142,3381.08,18801, 82450, 39.61,2024-03-22
MFSL,EQ, 22-Mar-2024,952.0,956.75,956.75,932.0,944.2,944.05,944.82,691009,6528.78,29735, 430811, 62.35,2024-03-22
MGEL,EQ, 22-Mar-2024,20.9,21.1,21.25,19.8,20.1,20.15,20.78,370720,77.02,609, 157209, 42.41,2024-03-22
MGL,EQ, 22-Mar-2024,1321.75,1310.0,1342.7,1302.75,1342.0,1339.5,1332.28,724555,9653.11,52165, 362287, 50.00,2024-03-22
MHRIL,EQ, 22-Mar-2024,393.95,393.05,399.8,390.05,392.4,393.75,394.99,58125,229.59,5098, 24132, 41.52,2024-03-22
MICEL,EQ, 22-Mar-2024,40.7,41.2,42.7,40.45,41.55,41.85,41.57,319228,132.69,2421, 177488, 55.60,2024-03-22
MID150BEES,EQ, 22-Mar-2024,177.92,179.83,180.14,172.6,179.21,179.54,179.47,1416046,2541.43,3211, 1279006, 90.32,2024-03-22
MIDCAP,EQ, 22-Mar-2024,135.23,136.7,136.7,134.1,135.9,135.79,135.09,18663,25.21,357, 10338, 55.39,2024-03-22
MIDCAPETF,EQ, 22-Mar-2024,17.57,17.71,17.78,17.4,17.74,17.7,17.65,528469,93.29,2260, 384079, 72.68,2024-03-22
MIDCAPIETF,EQ, 22-Mar-2024,178.05,178.0,179.72,177.06,179.5,179.34,178.64,18008,32.17,678, 9687, 53.79,2024-03-22
MIDHANI,EQ, 22-Mar-2024,368.05,367.0,379.5,365.95,372.0,370.85,373.7,707147,2642.64,17776, 327715, 46.34,2024-03-22
MIDQ50ADD,EQ, 22-Mar-2024,204.63,204.63,205.59,203.17,205.59,205.49,205.02,5738,11.76,117, 4847, 84.47,2024-03-22
MIDSELIETF,EQ, 22-Mar-2024,146.76,144.59,148.45,144.59,147.33,147.3,147.1,10145,14.92,194, 5879, 57.95,2024-03-22
MINDACORP,EQ, 22-Mar-2024,401.5,400.35,408.0,398.4,406.9,404.9,402.74,185090,745.44,8056, 98722, 53.34,2024-03-22
MINDTECK,EQ, 22-Mar-2024,179.75,177.05,183.6,177.05,180.3,179.35,180.27,38451,69.31,1656, 20733, 53.92,2024-03-22
MIRCELECTR,EQ, 22-Mar-2024,19.65,19.65,20.6,19.65,20.6,20.6,20.27,578592,117.26,1195, 413577, 71.48,2024-03-22
MMFL,EQ, 22-Mar-2024,881.15,882.9,890.0,875.25,884.0,882.85,882.48,25042,220.99,2864, 16079, 64.21,2024-03-22
MMP,EQ, 22-Mar-2024,271.55,271.55,275.8,262.0,262.05,262.85,269.87,30738,82.95,3054, 11322, 36.83,2024-03-22
MMTC,EQ, 22-Mar-2024,66.05,66.4,67.45,64.6,66.2,66.3,66.37,2417006,1604.14,11129, 1229703, 50.88,2024-03-22
MNC,EQ, 22-Mar-2024,25.75,25.75,25.75,25.37,25.74,25.71,25.61,13276,3.4,79, 10030, 75.55,2024-03-22
MODIRUBBER,EQ, 22-Mar-2024,83.2,85.2,85.2,80.85,82.95,81.6,82.19,4935,4.06,139, 3938, 79.80,2024-03-22
MODISONLTD,EQ, 22-Mar-2024,107.65,107.85,110.85,106.65,108.5,108.1,109.09,86754,94.64,2226, 33423, 38.53,2024-03-22
MOGSEC,EQ, 22-Mar-2024,54.75,54.86,54.87,54.71,54.85,54.85,54.76,6986,3.83,25, 4031, 57.70,2024-03-22
MOHEALTH,EQ, 22-Mar-2024,34.47,34.9,35.5,33.83,34.79,34.76,34.57,20086,6.94,237, 13477, 67.10,2024-03-22
MOHITIND,EQ, 22-Mar-2024,19.6,19.6,20.4,19.5,20.4,19.9,19.97,18654,3.73,214, 12970, 69.53,2024-03-22
MOIL,EQ, 22-Mar-2024,288.3,285.35,288.25,282.05,285.2,285.2,285.5,1650318,4711.6,28684, 431676, 26.16,2024-03-22
MOL,EQ, 22-Mar-2024,79.65,79.6,83.45,79.45,82.3,81.85,81.68,2084719,1702.81,8788, 763044, 36.60,2024-03-22
MOLDTECH,EQ, 22-Mar-2024,185.9,187.45,191.65,186.85,186.85,187.9,188.84,287051,542.07,7152, 162570, 56.63,2024-03-22
MOLDTKPAC,EQ, 22-Mar-2024,813.35,811.9,813.0,796.1,800.6,801.0,803.42,27942,224.49,3361, 14520, 51.96,2024-03-22
MOLOWVOL,EQ, 22-Mar-2024,34.59,34.6,34.91,33.83,34.91,34.79,34.77,30148,10.48,98, 29499, 97.85,2024-03-22
MOM100,EQ, 22-Mar-2024,50.15,50.57,50.79,49.91,50.73,50.63,50.45,205420,103.63,1921, 130758, 63.65,2024-03-22
MOM30IETF,EQ, 22-Mar-2024,30.45,30.41,30.87,30.16,30.85,30.69,30.57,312281,95.46,1257, 222124, 71.13,2024-03-22
MOM50,EQ, 22-Mar-2024,224.08,224.0,226.05,222.7,225.0,224.99,224.28,4630,10.38,39, 4296, 92.79,2024-03-22
MOMENTUM,EQ, 22-Mar-2024,30.24,30.45,30.67,29.66,30.63,30.57,30.5,80809,24.65,391, 60921, 75.39,2024-03-22
MOMOMENTUM,EQ, 22-Mar-2024,60.7,61.91,61.91,60.2,61.2,61.15,61.05,82187,50.17,416, 65519, 79.72,2024-03-22
MON100,EQ, 22-Mar-2024,148.27,148.27,149.25,148.27,149.15,149.04,148.89,321816,479.16,4240, 238517, 74.12,2024-03-22
MONARCH,EQ, 22-Mar-2024,537.75,547.0,566.7,536.95,551.0,545.15,548.17,24249,132.92,1856, 10696, 44.11,2024-03-22
MONIFTY500,EQ, 22-Mar-2024,19.94,19.94,20.03,19.7,20.02,20.0,19.98,61618,12.31,468, 56858, 92.27,2024-03-22
MONQ50,EQ, 22-Mar-2024,60.62,59.41,62.49,59.41,61.01,62.27,61.53,26035,16.02,408, 15279, 58.69,2024-03-22
MONTECARLO,EQ, 22-Mar-2024,627.85,624.75,628.2,615.0,617.0,618.3,622.23,16139,100.42,1408, 10759, 66.66,2024-03-22
MOQUALITY,EQ, 22-Mar-2024,171.4,170.23,173.23,170.23,173.02,173.12,171.71,884,1.52,18, 293, 33.14,2024-03-22
MOREALTY,EQ, 22-Mar-2024,86.22,86.8,88.05,86.8,88.05,87.78,87.61,13397,11.74,153, 10520, 78.53,2024-03-22
MOREPENLAB,EQ, 22-Mar-2024,42.2,42.2,43.8,42.2,43.05,43.1,43.11,2997911,1292.45,10229, 1005388, 33.54,2024-03-22
MOSMALL250,EQ, 22-Mar-2024,14.05,14.11,14.22,14.1,14.22,14.22,14.17,26270,3.72,72, 26219, 99.81,2024-03-22
MOTHERSON,EQ, 22-Mar-2024,115.25,116.5,116.8,114.7,116.35,116.3,115.72,15070589,17439.42,70707, 8450745, 56.07,2024-03-22
MOTILALOFS,EQ, 22-Mar-2024,1605.8,1613.6,1682.9,1613.5,1675.0,1672.2,1658.95,123537,2049.42,12563, 76976, 62.31,2024-03-22
MOTISONS,EQ, 22-Mar-2024,137.9,144.75,144.75,144.75,144.75,144.75,144.75,62083,89.87,284, 62083, 100.00,2024-03-22
MOVALUE,EQ, 22-Mar-2024,89.36,89.62,90.15,88.77,90.12,90.07,89.86,103425,92.93,1096, 73636, 71.20,2024-03-22
MPHASIS,EQ, 22-Mar-2024,2436.85,2367.0,2408.0,2306.0,2388.0,2389.4,2377.36,885281,21046.31,70346, 357266, 40.36,2024-03-22
MPSLTD,EQ, 22-Mar-2024,1607.35,1610.25,1631.95,1585.45,1611.0,1611.55,1612.56,13061,210.62,2870, 8398, 64.30,2024-03-22
MRF,EQ, 22-Mar-2024,131583.6,131700.0,132749.9,130500.0,131400.0,131302.95,131251.68,11040,14490.19,7831, 4584, 41.52,2024-03-22
MRO-TEK,EQ, 22-Mar-2024,71.55,77.4,84.5,73.5,76.95,77.95,80.12,951210,762.15,10673, 163016, 17.14,2024-03-22
MRPL,EQ, 22-Mar-2024,217.95,218.5,225.7,216.4,220.6,221.45,221.96,4627479,10271.36,30280, 1096123, 23.69,2024-03-22
MSTCLTD,EQ, 22-Mar-2024,855.3,853.7,869.2,847.25,859.05,859.8,858.93,194380,1669.59,10139, 80588, 41.46,2024-03-22
MSUMI,EQ, 22-Mar-2024,62.75,62.85,64.1,62.6,63.95,63.95,63.48,4906880,3114.71,27315, 2486504, 50.67,2024-03-22
MTARTECH,EQ, 22-Mar-2024,1697.2,1708.5,1722.0,1697.2,1706.5,1704.8,1709.34,137699,2353.74,12282, 77067, 55.97,2024-03-22
MTNL,EQ, 22-Mar-2024,33.75,33.75,34.4,33.2,33.4,33.45,33.85,2535053,858.01,5006, 1433478, 56.55,2024-03-22
MUFIN,EQ, 22-Mar-2024,151.3,150.0,157.3,145.0,153.0,152.7,151.43,539769,817.4,5642, 331179, 61.36,2024-03-22
MUFTI,EQ, 22-Mar-2024,179.5,179.0,183.35,174.7,178.9,179.65,178.57,729510,1302.67,23007, 348350, 47.75,2024-03-22
MUKANDLTD,EQ, 22-Mar-2024,148.1,148.1,152.85,147.8,150.0,149.85,150.37,206174,310.02,5527, 114158, 55.37,2024-03-22
MUKKA,EQ, 22-Mar-2024,36.75,38.45,42.15,37.55,40.5,40.85,40.2,14411836,5792.85,41550, 5877356, 40.78,2024-03-22
MUNJALAU,EQ, 22-Mar-2024,76.55,76.55,80.35,76.55,79.1,78.8,78.78,175666,138.39,1672, 119685, 68.13,2024-03-22
MUNJALSHOW,EQ, 22-Mar-2024,163.8,163.85,171.9,162.45,166.7,166.65,167.34,140015,234.3,7257, 68596, 48.99,2024-03-22
MURUDCERA,EQ, 22-Mar-2024,46.35,45.1,48.5,45.1,46.15,46.45,46.61,87994,41.01,1154, 53157, 60.41,2024-03-22
MUTHOOTCAP,EQ, 22-Mar-2024,283.05,288.75,298.0,282.35,290.0,287.4,289.91,39736,115.2,2728, 14581, 36.69,2024-03-22
MUTHOOTFIN,EQ, 22-Mar-2024,1434.45,1434.45,1434.45,1416.0,1423.1,1424.35,1425.02,401210,5717.33,30239, 106716, 26.60,2024-03-22
MUTHOOTMF,EQ, 22-Mar-2024,198.6,199.3,202.2,198.0,200.9,200.35,199.98,639045,1277.98,17377, 381123, 59.64,2024-03-22
MVGJL,EQ, 22-Mar-2024,235.35,238.0,282.4,234.8,265.0,262.75,268.46,1187429,3187.77,41165, 323367, 27.23,2024-03-22
NACLIND,EQ, 22-Mar-2024,58.4,58.6,60.2,58.2,60.0,59.6,59.26,224732,133.17,1613, 150913, 67.15,2024-03-22
NAGAFERT,EQ, 22-Mar-2024,10.2,10.3,10.3,9.8,9.9,9.9,9.96,1929776,192.25,2505, 1178885, 61.09,2024-03-22
NAGREEKEXP,EQ, 22-Mar-2024,41.9,37.75,37.75,37.75,37.75,37.75,37.75,64381,24.3,309, 64381, 100.00,2024-03-22
NAHARCAP,EQ, 22-Mar-2024,281.4,281.4,290.0,281.4,284.55,284.95,285.41,5663,16.16,307, 4139, 73.09,2024-03-22
NAHARINDUS,EQ, 22-Mar-2024,116.75,115.4,119.7,115.05,118.0,118.0,118.43,61317,72.62,849, 47755, 77.88,2024-03-22
NAHARPOLY,EQ, 22-Mar-2024,186.35,188.95,189.1,186.0,188.0,187.2,187.95,16273,30.58,670, 12120, 74.48,2024-03-22
NAHARSPING,EQ, 22-Mar-2024,277.15,277.95,285.95,275.9,278.7,278.8,281.63,50831,143.15,3419, 25715, 50.59,2024-03-22
NAM-INDIA,EQ, 22-Mar-2024,446.05,449.05,455.1,444.25,447.95,448.65,449.91,504860,2271.42,30913, 276434, 54.75,2024-03-22
NATCOPHARM,EQ, 22-Mar-2024,952.75,957.0,966.5,949.0,950.0,952.05,955.98,376364,3597.97,27196, 190371, 50.58,2024-03-22
NATHBIOGEN,EQ, 22-Mar-2024,180.05,181.85,183.8,179.35,182.1,182.7,182.12,35765,65.14,1362, 23772, 66.47,2024-03-22
NATIONALUM,EQ, 22-Mar-2024,145.75,146.45,150.75,144.25,148.35,148.75,148.08,21509647,31852.51,65874, 6392436, 29.72,2024-03-22
NAUKRI,EQ, 22-Mar-2024,5302.55,5292.3,5292.3,5068.05,5237.65,5243.1,5202.95,383811,19969.5,55583, 156670, 40.82,2024-03-22
NAVA,EQ, 22-Mar-2024,477.45,477.95,484.75,469.95,481.0,480.8,478.56,298578,1428.87,10971, 167145, 55.98,2024-03-22
NAVINFLUOR,EQ, 22-Mar-2024,3086.05,3094.95,3125.0,3074.0,3096.0,3092.95,3098.87,118363,3667.91,16851, 46341, 39.15,2024-03-22
NAVINIFTY,EQ, 22-Mar-2024,221.6,220.84,223.51,220.42,223.51,223.51,221.42,129,0.29,17, 57, 44.19,2024-03-22
NAVKARCORP,EQ, 22-Mar-2024,99.9,99.85,100.0,96.95,97.1,97.3,98.35,582301,572.66,4136, 313650, 53.86,2024-03-22
NAVNETEDUL,EQ, 22-Mar-2024,140.55,141.0,143.65,138.8,139.6,139.5,140.46,188438,264.68,2266, 123065, 65.31,2024-03-22
NAZARA,EQ, 22-Mar-2024,686.7,685.9,695.6,680.2,691.0,692.45,690.9,155575,1074.87,10727, 81774, 52.56,2024-03-22
NBCC,EQ, 22-Mar-2024,114.8,114.2,117.3,112.7,115.0,115.05,115.11,11557186,13303.65,50797, 4380121, 37.90,2024-03-22
NBIFIN,EQ, 22-Mar-2024,1752.1,1793.0,1806.95,1776.85,1799.0,1799.25,1793.25,103,1.85,55, 87, 84.47,2024-03-22
NCC,EQ, 22-Mar-2024,237.35,236.0,238.75,231.5,236.45,236.8,234.68,5473274,12844.41,43032, 1064940, 19.46,2024-03-22
NCLIND,EQ, 22-Mar-2024,187.75,187.0,194.25,187.0,192.2,191.95,191.48,179865,344.4,5113, 100780, 56.03,2024-03-22
NDL,EQ, 22-Mar-2024,35.6,35.5,35.65,33.85,34.0,33.9,34.49,254252,87.69,1228, 168479, 66.26,2024-03-22
NDLVENTURE,EQ, 22-Mar-2024,98.15,99.75,100.4,97.15,98.85,99.25,98.25,19134,18.8,291, 14946, 78.11,2024-03-22
NDRAUTO,EQ, 22-Mar-2024,807.5,822.0,822.0,760.05,790.6,775.85,784.57,12247,96.09,1320, 6695, 54.67,2024-03-22
NDTV,EQ, 22-Mar-2024,214.15,215.25,220.95,214.5,217.0,217.4,217.73,225616,491.23,6321, 100439, 44.52,2024-03-22
NECCLTD,EQ, 22-Mar-2024,24.1,24.45,24.8,24.0,24.2,24.15,24.34,199187,48.48,811, 147107, 73.85,2024-03-22
NECLIFE,EQ, 22-Mar-2024,31.0,31.05,32.0,30.85,31.5,31.45,31.45,346491,108.97,1759, 194077, 56.01,2024-03-22
NELCAST,EQ, 22-Mar-2024,130.75,131.4,133.0,130.5,131.5,131.65,131.44,101317,133.17,1978, 62492, 61.68,2024-03-22
NELCO,EQ, 22-Mar-2024,703.2,703.95,715.75,702.25,708.5,706.85,710.04,75999,539.63,5900, 30399, 40.00,2024-03-22
NEOGEN,EQ, 22-Mar-2024,1251.1,1250.5,1264.5,1246.65,1250.0,1253.65,1254.12,20396,255.79,3747, 13631, 66.83,2024-03-22
NESCO,EQ, 22-Mar-2024,808.15,808.8,822.4,805.0,807.5,811.55,814.82,29544,240.73,3112, 15371, 52.03,2024-03-22
NESTLEIND,EQ, 22-Mar-2024,2553.65,2540.2,2592.0,2537.0,2566.0,2573.4,2562.57,1013563,25973.27,119033, 472043, 46.57,2024-03-22
NETF,EQ, 22-Mar-2024,233.12,228.46,236.25,228.46,236.25,235.28,233.65,1060,2.48,90, 863, 81.42,2024-03-22
NETWEB,EQ, 22-Mar-2024,1593.05,1640.0,1665.0,1571.0,1640.0,1631.1,1620.81,156199,2531.69,9822, 99824, 63.91,2024-03-22
NEULANDLAB,EQ, 22-Mar-2024,6041.6,6080.0,6463.95,6050.0,6400.0,6384.75,6323.91,33954,2147.22,7205, 15020, 44.24,2024-03-22
NEWGEN,EQ, 22-Mar-2024,738.6,742.15,765.0,731.1,763.0,762.95,755.13,87307,659.28,8131, 53932, 61.77,2024-03-22
NEXT50,EQ, 22-Mar-2024,597.78,624.69,624.69,594.05,600.2,600.39,600.2,5437,32.63,87, 5061, 93.08,2024-03-22
NEXT50IETF,EQ, 22-Mar-2024,61.03,61.48,61.73,60.81,61.5,61.35,61.3,65865,40.37,1056, 31615, 48.00,2024-03-22
NEXTMEDIA,EQ, 22-Mar-2024,6.2,6.35,6.45,6.0,6.0,6.0,6.17,19553,1.21,60, 15405, 78.79,2024-03-22
NFL,EQ, 22-Mar-2024,88.3,88.05,90.05,88.0,88.85,88.9,89.19,1957546,1745.98,10383, 593444, 30.32,2024-03-22
NGIL,EQ, 22-Mar-2024,52.4,53.8,60.0,51.45,53.95,54.35,56.2,109963,61.79,1005, 59101, 53.75,2024-03-22
NGLFINE,EQ, 22-Mar-2024,2013.2,2026.1,2257.85,2010.0,2170.0,2167.4,2196.09,29787,654.15,5486, 9783, 32.84,2024-03-22
NH,EQ, 22-Mar-2024,1226.2,1229.95,1240.25,1224.8,1230.0,1232.5,1232.35,103177,1271.5,14088, 58241, 56.45,2024-03-22
NHPC,EQ, 22-Mar-2024,84.1,83.55,86.55,83.55,85.2,85.05,85.11,76449026,65067.23,190983, 14880359, 19.46,2024-03-22
NIACL,EQ, 22-Mar-2024,229.8,227.5,235.95,227.5,233.0,232.35,232.85,1279967,2980.41,20334, 354912, 27.73,2024-03-22
NIF100BEES,EQ, 22-Mar-2024,235.9,235.91,237.45,234.21,236.61,236.91,236.26,21747,51.38,396, 14185, 65.23,2024-03-22
NIF100IETF,EQ, 22-Mar-2024,247.53,247.5,249.29,243.82,249.15,249.03,248.25,3834,9.52,480, 2462, 64.21,2024-03-22
NIF10GETF,EQ, 22-Mar-2024,22.91,22.85,22.9,22.51,22.77,22.77,22.7,860,0.2,15, 448, 52.09,2024-03-22
NIF5GETF,EQ, 22-Mar-2024,55.46,55.0,55.4,55.0,55.0,55.0,55.01,601,0.33,8, 601, 100.00,2024-03-22
NIFITETF,EQ, 22-Mar-2024,360.26,356.72,386.32,349.46,386.32,359.96,356.38,1221,4.35,109, 998, 81.74,2024-03-22
NIFMID150,EQ, 22-Mar-2024,173.66,177.13,177.13,173.69,174.59,174.83,174.77,649,1.13,30, 337, 51.93,2024-03-22
NIFTY1,EQ, 22-Mar-2024,237.36,236.38,238.99,235.88,238.25,238.1,237.97,15074,35.87,471, 9605, 63.72,2024-03-22
NIFTY50ADD,EQ, 22-Mar-2024,226.83,225.31,227.57,223.82,226.77,226.57,226.25,4462,10.1,187, 2646, 59.30,2024-03-22
NIFTYBEES,EQ, 22-Mar-2024,243.99,244.78,245.4,242.5,244.54,244.74,244.28,2791975,6820.11,23646, 2008670, 71.94,2024-03-22
NIFTYBETF,EQ, 22-Mar-2024,219.97,219.29,221.8,219.29,221.78,220.77,221.16,920,2.03,18, 701, 76.20,2024-03-22
NIFTYETF,EQ, 22-Mar-2024,233.07,233.05,234.29,231.15,233.6,233.58,233.59,39270,91.73,366, 29909, 76.16,2024-03-22
NIFTYIETF,EQ, 22-Mar-2024,242.48,242.48,244.29,241.16,243.35,243.23,243.08,109765,266.81,4880, 73657, 67.10,2024-03-22
NIFTYQLITY,EQ, 22-Mar-2024,18.74,18.8,18.8,18.55,18.77,18.78,18.75,18299,3.43,312, 14832, 81.05,2024-03-22
NIITLTD,EQ, 22-Mar-2024,105.8,104.65,107.65,104.65,105.8,105.55,106.22,573923,609.63,8180, 289099, 50.37,2024-03-22
NIITMTS,EQ, 22-Mar-2024,488.4,485.0,493.0,482.7,490.0,490.0,489.13,129600,633.91,10963, 76506, 59.03,2024-03-22
NILKAMAL,EQ, 22-Mar-2024,1760.8,1775.0,1783.35,1753.0,1755.05,1755.0,1762.19,8999,158.58,1738, 6463, 71.82,2024-03-22
NINSYS,EQ, 22-Mar-2024,480.75,490.0,498.9,476.1,488.0,493.95,488.09,3163,15.44,686, 1292, 40.85,2024-03-22
NIPPOBATRY,EQ, 22-Mar-2024,558.25,561.25,588.9,561.2,584.0,582.1,577.74,17246,99.64,1336, 10962, 63.56,2024-03-22
NITINSPIN,EQ, 22-Mar-2024,337.6,336.0,342.0,335.2,340.0,340.4,338.84,56875,192.71,4205, 35993, 63.28,2024-03-22
NITIRAJ,EQ, 22-Mar-2024,165.9,168.9,169.9,167.35,169.9,169.8,168.51,2933,4.94,63, 2785, 94.95,2024-03-22
NLCINDIA,EQ, 22-Mar-2024,212.3,212.45,216.0,210.6,214.4,214.1,213.64,3655554,7809.85,28431, 939449, 25.70,2024-03-22
NMDC,EQ, 22-Mar-2024,207.8,206.0,206.7,202.0,203.95,203.7,204.05,17870784,36464.47,72286, 8586425, 48.05,2024-03-22
NOCIL,EQ, 22-Mar-2024,247.8,247.0,253.45,246.75,248.5,248.6,250.63,498824,1250.22,13662, 242259, 48.57,2024-03-22
NORBTEAEXP,EQ, 22-Mar-2024,14.95,14.65,14.85,14.2,14.45,14.45,14.37,24716,3.55,152, 18616, 75.32,2024-03-22
NOVAAGRI,EQ, 22-Mar-2024,52.85,52.95,53.05,52.2,52.7,52.55,52.79,421821,222.66,4728, 264452, 62.69,2024-03-22
NPBET,EQ, 22-Mar-2024,238.74,238.98,240.86,238.75,238.75,238.89,239.34,7098,16.99,27, 6796, 95.75,2024-03-22
NRAIL,EQ, 22-Mar-2024,468.35,468.35,470.15,452.0,456.05,456.3,457.5,7948,36.36,817, 4517, 56.83,2024-03-22
NRBBEARING,EQ, 22-Mar-2024,270.35,273.45,277.9,270.15,274.45,271.9,273.59,187614,513.29,6801, 127231, 67.82,2024-03-22
NRL,EQ, 22-Mar-2024,69.15,70.5,82.95,70.35,82.95,82.95,79.51,1040233,827.14,6379, 267575, 25.72,2024-03-22
NSIL,EQ, 22-Mar-2024,3290.4,3293.4,3422.95,3260.7,3355.1,3375.05,3363.44,8227,276.71,1815, 5129, 62.34,2024-03-22
NSLNISP,EQ, 22-Mar-2024,55.2,55.0,56.7,54.6,56.55,56.4,55.97,8282261,4635.91,15558, 3674653, 44.37,2024-03-22
NTPC,EQ, 22-Mar-2024,325.0,324.5,327.25,321.15,324.0,324.75,324.84,14709219,47781.09,168504, 7885246, 53.61,2024-03-22
NUCLEUS,EQ, 22-Mar-2024,1219.5,1215.0,1228.0,1191.25,1224.8,1219.5,1209.53,31404,379.84,2220, 25047, 79.76,2024-03-22
NURECA,EQ, 22-Mar-2024,295.2,298.0,303.95,290.85,294.5,293.9,296.39,33064,98.0,1710, 22375, 67.67,2024-03-22
NUVAMA,EQ, 22-Mar-2024,4259.55,4287.9,4289.2,4182.2,4182.25,4229.45,4228.18,27703,1171.33,6279, 15177, 54.78,2024-03-22
NUVOCO,EQ, 22-Mar-2024,310.65,310.65,311.6,303.95,305.95,306.45,308.28,733776,2262.1,13124, 538213, 73.35,2024-03-22
NV20,EQ, 22-Mar-2024,137.65,139.73,139.73,135.55,137.5,137.24,137.1,23749,32.56,325, 18851, 79.38,2024-03-22
NV20BEES,EQ, 22-Mar-2024,139.29,142.1,142.1,137.18,139.45,139.27,138.45,17710,24.52,311, 13121, 74.09,2024-03-22
NV20IETF,EQ, 22-Mar-2024,13.53,13.95,13.95,13.2,13.5,13.49,13.48,423997,57.13,1862, 274029, 64.63,2024-03-22
NYKAA,EQ, 22-Mar-2024,159.2,158.55,164.0,157.95,163.2,163.55,162.05,6416978,10399.03,42869, 3293900, 51.33,2024-03-22
OAL,EQ, 22-Mar-2024,312.5,312.5,326.7,293.0,322.0,324.5,318.16,25546,81.28,1801, 16535, 64.73,2024-03-22
OBCL,EQ, 22-Mar-2024,53.25,53.55,53.95,51.5,52.2,52.2,52.9,79067,41.83,1710, 49836, 63.03,2024-03-22
OBEROIRLTY,EQ, 22-Mar-2024,1424.75,1424.95,1458.65,1421.5,1447.0,1446.85,1443.21,936505,13515.71,47250, 583236, 62.28,2024-03-22
OCCL,EQ, 22-Mar-2024,699.15,706.75,706.75,690.0,701.0,700.85,700.08,8664,60.66,844, 5730, 66.14,2024-03-22
OFSS,EQ, 22-Mar-2024,8410.2,8292.1,8448.0,8140.0,8375.0,8378.95,8335.93,288085,24014.58,44764, 59221, 20.56,2024-03-22
OIL,EQ, 22-Mar-2024,590.95,592.15,595.95,578.75,582.05,581.75,589.34,3230740,19039.89,63249, 667709, 20.67,2024-03-22
OLECTRA,EQ, 22-Mar-2024,1772.0,1769.0,1803.75,1755.15,1787.0,1785.65,1782.57,1127037,20090.25,45478, 213703, 18.96,2024-03-22
OMAXE,EQ, 22-Mar-2024,89.85,90.25,91.9,88.95,89.45,89.4,90.13,169965,153.19,1637, 111723, 65.73,2024-03-22
OMINFRAL,EQ, 22-Mar-2024,131.0,132.75,133.9,129.2,130.6,130.75,131.22,277298,363.88,4268, 189553, 68.36,2024-03-22
ONELIFECAP,EQ, 22-Mar-2024,17.4,20.75,20.85,20.0,20.85,20.85,20.74,1182317,245.23,1973, 565018, 47.79,2024-03-22
ONGC,EQ, 22-Mar-2024,262.95,262.95,265.25,258.45,263.35,263.25,262.27,13025089,34160.99,134260, 5771347, 44.31,2024-03-22
ONMOBILE,EQ, 22-Mar-2024,65.75,65.7,68.7,65.4,66.7,66.7,66.64,1093194,728.49,6866, 576934, 52.78,2024-03-22
ONWARDTEC,EQ, 22-Mar-2024,450.75,456.9,456.9,443.95,450.05,450.6,449.3,173799,780.87,8352, 123902, 71.29,2024-03-22
OPTIEMUS,EQ, 22-Mar-2024,265.25,264.4,275.9,263.1,268.3,268.7,268.58,191887,515.36,9002, 84273, 43.92,2024-03-22
ORBTEXP,EQ, 22-Mar-2024,153.9,153.9,155.8,151.0,152.95,152.7,153.36,16888,25.9,519, 10585, 62.68,2024-03-22
ORCHPHARMA,EQ, 22-Mar-2024,1061.6,1069.0,1098.5,1045.05,1050.0,1056.4,1074.67,76844,825.82,9378, 35895, 46.71,2024-03-22
ORICONENT,EQ, 22-Mar-2024,34.85,34.9,36.2,34.1,36.0,35.4,35.26,349297,123.16,1582, 219338, 62.79,2024-03-22
ORIENTBELL,EQ, 22-Mar-2024,325.9,329.6,369.0,329.0,351.9,353.55,356.33,266283,948.85,10308, 46576, 17.49,2024-03-22
ORIENTCEM,EQ, 22-Mar-2024,200.0,199.9,206.7,199.85,202.3,204.15,203.87,773561,1577.02,10826, 583006, 75.37,2024-03-22
ORIENTCER,EQ, 22-Mar-2024,50.65,51.1,53.15,50.9,53.15,53.15,52.92,184192,97.48,1320, 111544, 60.56,2024-03-22
ORIENTELEC,EQ, 22-Mar-2024,197.4,197.0,199.45,194.9,196.35,196.4,197.25,146875,289.71,5845, 80529, 54.83,2024-03-22
ORIENTHOT,EQ, 22-Mar-2024,117.95,118.0,120.5,116.85,117.0,117.4,118.38,316868,375.1,4238, 168240, 53.09,2024-03-22
ORIENTLTD,EQ, 22-Mar-2024,82.4,83.5,85.2,82.0,85.0,83.6,83.72,8695,7.28,315, 2780, 31.97,2024-03-22
ORIENTPPR,EQ, 22-Mar-2024,42.85,43.2,43.75,42.7,42.95,42.9,43.1,755833,325.77,2903, 370945, 49.08,2024-03-22
ORISSAMINE,EQ, 22-Mar-2024,5875.7,5887.4,6039.0,5737.0,5874.0,5939.45,5964.42,8975,535.31,2613, 4750, 52.92,2024-03-22
ORTINLAB,EQ, 22-Mar-2024,18.0,18.45,18.45,17.45,17.75,17.85,17.85,24083,4.3,234, 18282, 75.91,2024-03-22
OSWALAGRO,EQ, 22-Mar-2024,40.55,40.05,40.8,39.5,40.4,40.05,40.54,146569,59.41,2071, 131213, 89.52,2024-03-22
OSWALGREEN,EQ, 22-Mar-2024,31.05,31.15,31.15,30.0,30.1,30.05,30.48,264308,80.56,1755, 163303, 61.79,2024-03-22
OSWALSEEDS,EQ, 22-Mar-2024,36.4,36.5,36.95,34.95,35.4,35.4,35.54,82278,29.24,481, 71381, 86.76,2024-03-22
PAGEIND,EQ, 22-Mar-2024,34092.85,34030.0,34522.6,33910.0,34475.0,34449.85,34313.93,21285,7303.72,9328, 11385, 53.49,2024-03-22
PAISALO,EQ, 22-Mar-2024,64.3,64.55,65.0,60.8,61.5,61.45,62.83,3174121,1994.3,10604, 1869237, 58.89,2024-03-22
PAKKA,EQ, 22-Mar-2024,307.25,304.0,315.15,298.8,300.9,301.3,305.63,194660,594.93,12103, 64347, 33.06,2024-03-22
PALASHSECU,EQ, 22-Mar-2024,116.7,119.45,122.3,115.3,118.55,120.55,119.8,5222,6.26,135, 3904, 74.76,2024-03-22
PALREDTEC,EQ, 22-Mar-2024,127.6,128.9,132.7,128.15,129.7,129.95,130.67,39395,51.48,694, 26723, 67.83,2024-03-22
PANACEABIO,EQ, 22-Mar-2024,134.5,135.0,136.05,132.35,133.8,133.3,134.62,165154,222.34,3347, 104062, 63.01,2024-03-22
PANACHE,EQ, 22-Mar-2024,71.25,71.9,74.35,71.9,73.85,73.65,73.4,3092,2.27,38, 2316, 74.90,2024-03-22
PANAMAPET,EQ, 22-Mar-2024,321.75,320.8,325.35,320.8,322.5,323.35,323.44,88399,285.91,3222, 49598, 56.11,2024-03-22
PANSARI,EQ, 22-Mar-2024,84.0,89.95,89.95,83.5,83.5,83.55,85.0,1250,1.06,58, 607, 48.56,2024-03-22
PAR,EQ, 22-Mar-2024,209.3,211.9,219.5,206.05,217.0,215.65,213.52,30223,64.53,785, 15743, 52.09,2024-03-22
PARACABLES,EQ, 22-Mar-2024,66.25,67.6,69.55,66.5,69.55,69.55,68.76,738099,507.55,2818, 471646, 63.90,2024-03-22
PARADEEP,EQ, 22-Mar-2024,67.6,67.6,68.5,67.25,68.0,68.05,68.14,1335838,910.18,5031, 678787, 50.81,2024-03-22
PARAGMILK,EQ, 22-Mar-2024,199.9,203.65,212.7,201.3,202.9,202.6,205.84,2484947,5115.05,28537, 1193793, 48.04,2024-03-22
PARAS,EQ, 22-Mar-2024,647.05,644.85,660.9,636.0,650.0,649.65,651.27,148237,965.43,10329, 73209, 49.39,2024-03-22
PARKHOTELS,EQ, 22-Mar-2024,188.75,186.2,203.7,186.2,198.0,198.25,197.28,1182390,2332.61,30239, 313062, 26.48,2024-03-22
PASUPTAC,EQ, 22-Mar-2024,38.45,38.65,38.9,37.9,38.7,38.5,38.36,106553,40.87,1195, 57038, 53.53,2024-03-22
PATANJALI,EQ, 22-Mar-2024,1369.85,1369.85,1398.95,1365.2,1380.9,1380.6,1379.06,516756,7126.37,13062, 379100, 73.36,2024-03-22
PATELENG,EQ, 22-Mar-2024,56.55,56.8,57.45,55.75,57.0,56.85,56.62,5979173,3385.6,15816, 2973010, 49.72,2024-03-22
PATINTLOG,EQ, 22-Mar-2024,20.7,20.85,22.2,20.7,20.8,20.8,20.96,849121,177.95,2278, 470025, 55.35,2024-03-22
PAYTM,EQ, 22-Mar-2024,410.85,412.85,417.45,398.15,403.5,402.35,407.96,2574779,10504.03,49882, 1563097, 60.71,2024-03-22
PCBL,EQ, 22-Mar-2024,249.95,251.9,264.6,251.7,262.0,262.55,259.83,4380747,11382.67,47318, 1370378, 31.28,2024-03-22
PCJEWELLER,EQ, 22-Mar-2024,55.7,55.7,57.5,55.55,56.3,56.35,56.59,1503736,850.96,5605, 833305, 55.42,2024-03-22
PDMJEPAPER,EQ, 22-Mar-2024,68.0,68.5,70.75,67.25,67.25,68.0,68.64,228114,156.57,1631, 94963, 41.63,2024-03-22
PDSL,EQ, 22-Mar-2024,463.5,467.0,485.9,462.55,475.25,478.6,476.35,63039,300.29,9116, 34721, 55.08,2024-03-22
PEARLPOLY,EQ, 22-Mar-2024,35.6,34.1,36.6,33.1,33.9,34.1,34.78,561160,195.19,2831, 231285, 41.22,2024-03-22
PEL,EQ, 22-Mar-2024,841.6,848.0,868.7,840.45,863.95,861.5,859.4,1618543,13909.75,36252, 764019, 47.20,2024-03-22
PENIND,EQ, 22-Mar-2024,123.3,123.3,125.8,122.65,124.5,124.05,124.55,390790,486.74,6192, 186072, 47.61,2024-03-22
PENINLAND,EQ, 22-Mar-2024,48.0,49.0,49.8,47.25,48.35,48.5,48.54,967162,469.5,4290, 482511, 49.89,2024-03-22
PERSISTENT,EQ, 22-Mar-2024,8204.85,7979.95,8085.0,7862.0,7995.0,7971.4,7978.25,516790,41230.8,62626, 187814, 36.34,2024-03-22
PETRONET,EQ, 22-Mar-2024,258.65,258.65,261.25,256.3,261.1,259.35,258.82,4162593,10773.7,48062, 2440862, 58.64,2024-03-22
PFC,EQ, 22-Mar-2024,386.75,384.35,394.8,379.0,391.3,391.65,388.01,13733411,53286.93,130836, 4101372, 29.86,2024-03-22
PFIZER,EQ, 22-Mar-2024,4346.65,4359.65,4363.5,4312.5,4359.95,4348.9,4334.42,14023,607.82,2183, 10719, 76.44,2024-03-22
PFOCUS,EQ, 22-Mar-2024,102.65,102.1,105.1,98.55,101.15,100.25,101.47,190232,193.03,2623, 125491, 65.97,2024-03-22
PGEL,EQ, 22-Mar-2024,1662.55,1660.9,1678.0,1623.0,1637.55,1646.95,1649.98,67410,1112.25,7991, 36906, 54.75,2024-03-22
PGHH,EQ, 22-Mar-2024,16441.65,16474.55,16777.0,16442.3,16601.0,16634.35,16610.5,16082,2671.3,2176, 13413, 83.40,2024-03-22
PGHL,EQ, 22-Mar-2024,4872.7,4886.0,4928.95,4845.2,4886.0,4881.8,4889.6,4352,212.8,1418, 2389, 54.89,2024-03-22
PGIL,EQ, 22-Mar-2024,539.75,544.6,577.7,544.6,561.0,564.7,564.35,32562,183.76,1659, 25450, 78.16,2024-03-22
PHARMABEES,EQ, 22-Mar-2024,18.87,19.25,19.25,18.86,19.12,19.1,19.06,2282644,435.09,5764, 1507060, 66.02,2024-03-22
PHOENIXLTD,EQ, 22-Mar-2024,2558.1,2575.8,2603.1,2533.7,2550.5,2547.8,2559.9,388213,9937.86,41297, 191863, 49.42,2024-03-22
PIDILITIND,EQ, 22-Mar-2024,2901.4,2907.45,2969.35,2904.45,2969.35,2960.1,2936.31,623393,18304.75,32692, 384751, 61.72,2024-03-22
PIIND,EQ, 22-Mar-2024,3751.1,3731.0,3802.45,3731.0,3798.0,3791.15,3783.31,166913,6314.83,19363, 98352, 58.92,2024-03-22
PILANIINVS,EQ, 22-Mar-2024,3237.5,3212.3,3347.9,3212.3,3295.0,3302.4,3279.85,6232,204.4,1335, 3144, 50.45,2024-03-22
PITTIENG,EQ, 22-Mar-2024,754.2,761.75,767.15,739.95,746.5,746.2,753.93,98798,744.87,8495, 55910, 56.59,2024-03-22
PIXTRANS,EQ, 22-Mar-2024,1321.4,1321.45,1321.45,1281.05,1300.0,1300.6,1301.15,8154,106.1,1095, 5422, 66.49,2024-03-22
PKTEA,EQ, 22-Mar-2024,330.45,330.5,346.95,325.0,345.0,345.05,338.27,852,2.88,25, 734, 86.15,2024-03-22
PLASTIBLEN,EQ, 22-Mar-2024,239.9,240.05,248.0,239.0,242.55,244.25,244.41,27098,66.23,1592, 15913, 58.72,2024-03-22
PLATIND,EQ, 22-Mar-2024,184.85,182.9,186.2,176.4,181.4,180.05,180.62,376126,679.37,6501, 166242, 44.20,2024-03-22
PLAZACABLE,EQ, 22-Mar-2024,85.5,86.6,89.0,85.0,85.95,86.0,87.14,196754,171.45,2769, 111630, 56.74,2024-03-22
PNB,EQ, 22-Mar-2024,121.05,121.0,123.3,120.1,122.75,122.75,122.19,35001868,42768.34,83334, 11767993, 33.62,2024-03-22
PNBGILTS,EQ, 22-Mar-2024,108.7,108.7,111.05,108.0,108.35,108.75,109.61,544293,596.61,5001, 178814, 32.85,2024-03-22
PNBHOUSING,EQ, 22-Mar-2024,642.5,639.5,653.5,635.3,638.0,640.15,642.69,318661,2048.01,19744, 124500, 39.07,2024-03-22
PNC,EQ, 22-Mar-2024,56.25,56.95,58.1,56.0,56.15,56.45,56.83,22314,12.68,376, 13003, 58.27,2024-03-22
PNCINFRA,EQ, 22-Mar-2024,424.2,424.5,434.9,423.5,428.6,429.9,430.47,390293,1680.09,20828, 140456, 35.99,2024-03-22
POCL,EQ, 22-Mar-2024,627.7,635.0,636.95,618.0,625.0,621.3,625.59,67996,425.37,1309, 59581, 87.62,2024-03-22
PODDARMENT,EQ, 22-Mar-2024,324.65,326.3,364.6,326.0,361.0,360.7,351.74,163037,573.47,5045, 41569, 25.50,2024-03-22
POKARNA,EQ, 22-Mar-2024,440.9,438.0,440.85,432.05,433.0,432.85,434.9,38670,168.18,2821, 27054, 69.96,2024-03-22
POLICYBZR,EQ, 22-Mar-2024,1139.4,1135.0,1166.85,1118.05,1164.75,1152.1,1135.72,1322362,15018.35,57218, 865323, 65.44,2024-03-22
POLYCAB,EQ, 22-Mar-2024,4986.55,4996.95,5037.65,4850.0,4909.0,4909.9,4943.23,594108,29368.15,58093, 140157, 23.59,2024-03-22
POLYMED,EQ, 22-Mar-2024,1529.7,1518.45,1563.95,1516.9,1543.0,1555.55,1548.47,21239,328.88,4651, 10728, 50.51,2024-03-22
POLYPLEX,EQ, 22-Mar-2024,796.8,799.5,818.55,795.0,807.35,810.25,806.76,209446,1689.72,11587, 122263, 58.37,2024-03-22
PONNIERODE,EQ, 22-Mar-2024,411.95,415.45,416.95,410.1,413.0,412.7,413.33,21743,89.87,1920, 12614, 58.01,2024-03-22
POONAWALLA,EQ, 22-Mar-2024,469.05,464.0,469.9,460.5,464.75,463.0,465.07,909462,4229.66,15203, 541106, 59.50,2024-03-22
POWERGRID,EQ, 22-Mar-2024,273.75,273.75,278.25,271.35,276.25,275.75,276.11,22097588,61012.71,175129, 13233591, 59.89,2024-03-22
POWERINDIA,EQ, 22-Mar-2024,7242.0,7240.0,7376.5,7094.9,7150.05,7178.75,7250.97,71744,5202.13,15882, 23337, 32.53,2024-03-22
POWERMECH,EQ, 22-Mar-2024,4703.05,4720.0,4792.15,4670.05,4750.0,4764.45,4738.29,24873,1178.56,7271, 10224, 41.10,2024-03-22
PPAP,EQ, 22-Mar-2024,183.1,182.95,187.95,182.0,182.0,183.2,184.88,20332,37.59,784, 14193, 69.81,2024-03-22
PPL,EQ, 22-Mar-2024,365.6,366.0,378.3,357.4,372.5,371.55,368.82,87970,324.45,3031, 52567, 59.76,2024-03-22
PPLPHARMA,EQ, 22-Mar-2024,123.5,123.55,123.65,121.0,121.75,121.25,121.96,3422379,4173.96,19519, 1806116, 52.77,2024-03-22
PRAJIND,EQ, 22-Mar-2024,527.0,526.0,537.75,521.6,532.6,531.95,532.08,1155526,6148.37,34349, 376200, 32.56,2024-03-22
PRAKASH,EQ, 22-Mar-2024,146.75,146.0,170.3,146.0,165.0,165.45,162.51,2236073,3633.83,37835, 886337, 39.64,2024-03-22
PRECAM,EQ, 22-Mar-2024,196.65,197.2,203.0,196.0,198.9,198.05,199.36,175410,349.69,10303, 88070, 50.21,2024-03-22
PRECWIRE,EQ, 22-Mar-2024,118.5,118.2,122.05,116.65,120.0,119.75,119.62,400251,478.77,4645, 229797, 57.41,2024-03-22
PREMEXPLN,EQ, 22-Mar-2024,1462.5,1480.0,1509.55,1465.0,1480.0,1481.15,1484.96,25273,375.29,3541, 13183, 52.16,2024-03-22
PREMIERPOL,EQ, 22-Mar-2024,183.25,185.9,191.2,183.0,186.25,186.9,187.2,25015,46.83,2464, 8584, 34.32,2024-03-22
PRESTIGE,EQ, 22-Mar-2024,1048.65,1065.5,1119.4,1065.0,1100.0,1100.5,1098.36,1096113,12039.25,57622, 619244, 56.49,2024-03-22
PRICOLLTD,EQ, 22-Mar-2024,361.0,360.0,371.05,360.0,371.0,369.7,366.51,219726,805.31,11717, 121036, 55.08,2024-03-22
PRIMESECU,EQ, 22-Mar-2024,183.2,183.25,183.8,180.1,180.1,181.25,182.72,41754,76.29,869, 38220, 91.54,2024-03-22
PRINCEPIPE,EQ, 22-Mar-2024,544.25,549.0,565.6,547.15,561.0,562.8,557.29,286123,1594.53,16239, 119449, 41.75,2024-03-22
PRITI,EQ, 22-Mar-2024,165.9,167.8,174.15,165.1,171.65,170.55,171.14,66541,113.88,701, 53637, 80.61,2024-03-22
PRIVISCL,EQ, 22-Mar-2024,1040.4,1047.0,1048.5,1032.2,1040.0,1041.85,1044.85,13508,141.14,1034, 10664, 78.95,2024-03-22
PROZONER,EQ, 22-Mar-2024,30.0,30.1,31.0,29.85,30.2,30.05,30.42,663262,201.76,2723, 372010, 56.09,2024-03-22
PRSMJOHNSN,EQ, 22-Mar-2024,169.35,169.4,172.0,168.5,171.05,171.45,170.47,98461,167.85,3361, 59456, 60.39,2024-03-22
PRUDENT,EQ, 22-Mar-2024,1255.65,1260.6,1270.0,1245.0,1265.05,1265.45,1258.08,7484,94.15,1482, 4074, 54.44,2024-03-22
PSB,EQ, 22-Mar-2024,56.65,56.85,60.1,56.85,59.2,59.45,58.83,2912210,1713.28,9032, 907339, 31.16,2024-03-22
PSPPROJECT,EQ, 22-Mar-2024,632.45,632.45,661.55,624.0,654.3,655.85,650.93,101148,658.4,9603, 49962, 49.39,2024-03-22
PSUBANK,EQ, 22-Mar-2024,675.93,679.96,687.12,676.94,681.35,685.94,684.31,11483,78.58,466, 6236, 54.31,2024-03-22
PSUBANKADD,EQ, 22-Mar-2024,68.21,68.22,70.6,67.82,69.66,68.44,68.5,4743,3.25,114, 3650, 76.96,2024-03-22
PSUBNKBEES,EQ, 22-Mar-2024,75.66,75.75,76.39,75.52,76.2,76.16,76.13,4297399,3271.8,6970, 3537614, 82.32,2024-03-22
PSUBNKIETF,EQ, 22-Mar-2024,68.61,69.98,70.99,67.83,69.99,69.61,69.12,275744,190.6,1014, 97445, 35.34,2024-03-22
PTC,EQ, 22-Mar-2024,180.9,180.0,184.8,179.45,184.8,184.4,182.72,1319105,2410.29,20833, 670549, 50.83,2024-03-22
PTCIL,EQ, 22-Mar-2024,7648.25,7688.75,7777.4,7560.0,7650.0,7630.35,7648.98,2366,180.97,970, 1338, 56.55,2024-03-22
PTL,EQ, 22-Mar-2024,39.85,39.9,40.25,39.8,40.0,40.0,39.98,63454,25.37,881, 48189, 75.94,2024-03-22
PUNJABCHEM,EQ, 22-Mar-2024,973.8,980.8,981.75,954.0,962.0,958.85,972.89,55731,542.2,1497, 52928, 94.97,2024-03-22
PURVA,EQ, 22-Mar-2024,205.45,203.45,220.95,200.55,214.2,215.3,214.36,674984,1446.87,28352, 274983, 40.74,2024-03-22
PVP,EQ, 22-Mar-2024,38.25,40.15,40.15,40.15,40.15,40.15,40.15,541501,217.41,342, 541501, 100.00,2024-03-22
PVRINOX,EQ, 22-Mar-2024,1320.35,1315.05,1337.8,1312.1,1330.9,1329.7,1329.53,595348,7915.31,32926, 305005, 51.23,2024-03-22
PVSL,EQ, 22-Mar-2024,289.25,289.2,289.2,278.0,280.45,280.3,281.07,325177,913.98,15846, 129639, 39.87,2024-03-22
PVTBANIETF,EQ, 22-Mar-2024,23.31,23.3,23.5,23.24,23.48,23.45,23.42,1142967,267.67,2713, 846107, 74.03,2024-03-22
PVTBANKADD,EQ, 22-Mar-2024,23.39,23.4,23.55,23.39,23.55,23.45,23.48,9462,2.22,114, 7197, 76.06,2024-03-22
PYRAMID,EQ, 22-Mar-2024,144.95,145.7,152.0,145.7,148.9,148.85,149.33,109523,163.55,3964, 50847, 46.43,2024-03-22
QGOLDHALF,EQ, 22-Mar-2024,56.27,56.2,56.2,55.43,55.66,55.65,55.73,14972,8.34,303, 6045, 40.38,2024-03-22
QNIFTY,EQ, 22-Mar-2024,2359.99,2343.99,2370.0,2343.99,2366.0,2366.05,2364.49,148,3.5,27, 132, 89.19,2024-03-22
QUAL30IETF,EQ, 22-Mar-2024,185.75,183.91,186.82,183.9,186.45,186.44,186.24,11441,21.31,63, 10251, 89.60,2024-03-22
QUESS,EQ, 22-Mar-2024,500.35,499.0,505.95,498.0,500.0,500.25,502.0,668375,3355.23,6175, 591962, 88.57,2024-03-22
QUICKHEAL,EQ, 22-Mar-2024,483.55,478.65,497.5,475.0,482.65,482.95,487.27,234283,1141.58,31276, 66089, 28.21,2024-03-22
RACE,EQ, 22-Mar-2024,340.65,337.7,341.7,330.25,340.0,339.9,337.06,6463,21.78,399, 3496, 54.09,2024-03-22
RADHIKAJWE,EQ, 22-Mar-2024,64.9,65.3,67.65,63.05,65.5,65.3,65.72,1487899,977.82,9784, 387836, 26.07,2024-03-22
RADIANTCMS,EQ, 22-Mar-2024,78.2,77.4,80.6,77.4,79.0,79.25,79.54,427807,340.28,3600, 203494, 47.57,2024-03-22
RADICO,EQ, 22-Mar-2024,1610.65,1619.0,1666.6,1600.75,1660.0,1643.3,1626.68,120504,1960.22,11230, 57285, 47.54,2024-03-22
RADIOCITY,EQ, 22-Mar-2024,16.95,17.15,17.4,16.7,17.0,16.95,17.06,1586301,270.61,3197, 937206, 59.08,2024-03-22
RAILTEL,EQ, 22-Mar-2024,358.05,358.0,365.8,356.15,359.55,360.25,361.1,2689947,9713.52,22984, 816668, 30.36,2024-03-22
RAIN,EQ, 22-Mar-2024,158.65,158.6,161.45,158.25,160.1,160.0,159.82,2762903,4415.72,26455, 1344519, 48.66,2024-03-22
RAINBOW,EQ, 22-Mar-2024,1241.65,1240.55,1273.95,1221.05,1239.2,1248.35,1249.78,198537,2481.27,20655, 67621, 34.06,2024-03-22
RAJESHEXPO,EQ, 22-Mar-2024,286.55,286.7,288.95,282.0,284.95,284.75,286.19,539931,1545.25,13742, 288215, 53.38,2024-03-22
RAJRATAN,EQ, 22-Mar-2024,621.4,612.05,628.85,612.05,616.0,618.5,619.23,46398,287.31,5274, 24452, 52.70,2024-03-22
RAJSREESUG,EQ, 22-Mar-2024,60.1,60.2,61.1,57.15,58.3,58.1,59.29,225965,133.99,1532, 123202, 54.52,2024-03-22
RALLIS,EQ, 22-Mar-2024,256.0,257.0,263.7,255.55,260.0,259.9,260.02,804136,2090.92,17330, 252208, 31.36,2024-03-22
RAMANEWS,EQ, 22-Mar-2024,16.05,16.05,16.15,15.6,15.9,15.75,15.9,155728,24.76,1037, 96808, 62.16,2024-03-22
RAMAPHO,EQ, 22-Mar-2024,170.35,171.95,172.7,167.0,169.0,167.65,169.72,18321,31.1,871, 13305, 72.62,2024-03-22
RAMASTEEL,EQ, 22-Mar-2024,14.1,14.05,14.35,13.25,13.3,13.25,13.63,43209274,5887.72,23675, 9289784, 21.50,2024-03-22
RAMCOCEM,EQ, 22-Mar-2024,813.85,813.85,821.6,798.3,802.5,806.45,810.18,2114154,17128.55,34829, 1640859, 77.61,2024-03-22
RAMCOIND,EQ, 22-Mar-2024,206.9,207.0,211.95,206.1,211.7,210.45,209.04,104113,217.64,3170, 65748, 63.15,2024-03-22
RAMCOSYS,EQ, 22-Mar-2024,279.05,279.0,282.4,274.85,280.6,280.45,279.14,34333,95.84,2347, 19285, 56.17,2024-03-22
RAMKY,EQ, 22-Mar-2024,456.85,457.95,467.9,451.05,459.5,461.95,459.96,188203,865.66,10513, 109183, 58.01,2024-03-22
RAMRAT,EQ, 22-Mar-2024,251.85,254.85,266.05,252.35,259.05,261.4,259.75,38211,99.25,1447, 26021, 68.10,2024-03-22
RANASUG,EQ, 22-Mar-2024,20.9,21.0,21.3,20.9,21.05,21.05,21.12,881589,186.2,2448, 484688, 54.98,2024-03-22
RANEENGINE,EQ, 22-Mar-2024,326.05,327.0,342.35,326.1,341.9,340.95,336.77,6132,20.65,454, 3756, 61.25,2024-03-22
RANEHOLDIN,EQ, 22-Mar-2024,1071.6,1080.95,1088.0,1037.0,1084.6,1081.8,1067.0,5427,57.91,774, 3192, 58.82,2024-03-22
RATEGAIN,EQ, 22-Mar-2024,758.7,759.0,777.5,758.7,763.9,765.2,768.53,152304,1170.5,9887, 71553, 46.98,2024-03-22
RATNAMANI,EQ, 22-Mar-2024,2773.35,2796.0,2870.0,2767.2,2868.9,2864.25,2841.19,41497,1179.01,9615, 24371, 58.73,2024-03-22
RATNAVEER,EQ, 22-Mar-2024,118.35,118.95,120.45,117.6,119.8,119.45,119.28,199729,238.23,3186, 113763, 56.96,2024-03-22
RAYMOND,EQ, 22-Mar-2024,1779.05,1789.0,1798.0,1751.0,1775.0,1784.3,1779.47,238265,4239.85,12043, 172870, 72.55,2024-03-22
RBA,EQ, 22-Mar-2024,105.45,105.8,106.6,105.0,105.7,105.45,105.52,894930,944.29,7039, 563093, 62.92,2024-03-22
RBL,EQ, 22-Mar-2024,738.15,731.55,756.0,731.55,753.45,751.45,748.62,11738,87.87,1338, 5601, 47.72,2024-03-22
RBLBANK,EQ, 22-Mar-2024,242.5,243.4,246.5,240.6,241.7,242.4,243.68,8362026,20376.8,37594, 2495496, 29.84,2024-03-22
RBZJEWEL,EQ, 22-Mar-2024,154.75,157.0,157.0,151.05,153.75,153.3,154.52,90003,139.07,1949, 48894, 54.32,2024-03-22
RCF,EQ, 22-Mar-2024,129.1,129.0,132.3,128.75,130.45,130.5,131.0,2154717,2822.64,14333, 694892, 32.25,2024-03-22
RECLTD,EQ, 22-Mar-2024,450.25,447.95,464.75,444.0,460.15,460.1,455.55,12531582,57087.05,167594, 4488631, 35.82,2024-03-22
REDINGTON,EQ, 22-Mar-2024,202.05,202.95,207.8,202.05,204.8,205.4,204.79,1384030,2834.41,19829, 825875, 59.67,2024-03-22
REDTAPE,EQ, 22-Mar-2024,616.3,618.0,630.0,611.05,624.05,625.0,623.25,78067,486.55,7194, 32575, 41.73,2024-03-22
REFEX,EQ, 22-Mar-2024,694.3,139.7,145.75,138.35,145.75,145.75,143.84,424358,610.4,3000, 243569, 57.40,2024-03-22
RELAXO,EQ, 22-Mar-2024,831.2,832.0,837.45,828.5,831.0,830.8,831.29,59148,491.69,8530, 35792, 60.51,2024-03-22
RELIANCE,EQ, 22-Mar-2024,2901.95,2899.95,2920.0,2894.7,2906.55,2910.05,2909.59,9763804,284086.78,286746, 5930597, 60.74,2024-03-22
RELIGARE,EQ, 22-Mar-2024,216.0,216.0,220.75,214.25,217.5,219.85,217.7,723489,1575.06,12247, 473485, 65.44,2024-03-22
RELINFRA,EQ, 22-Mar-2024,271.2,277.0,286.65,272.8,275.5,277.35,278.99,13000530,36269.63,80414, 4373182, 33.64,2024-03-22
RENUKA,EQ, 22-Mar-2024,41.05,41.1,42.5,41.1,41.5,41.6,41.88,6581154,2756.1,15380, 2495324, 37.92,2024-03-22
REPCOHOME,EQ, 22-Mar-2024,400.7,402.0,410.15,391.45,405.9,405.1,402.91,113526,457.4,7419, 52065, 45.86,2024-03-22
REPL,EQ, 22-Mar-2024,180.05,178.8,183.55,178.25,181.55,180.7,180.24,20488,36.93,564, 15878, 77.50,2024-03-22
REPRO,EQ, 22-Mar-2024,803.3,803.55,819.35,770.05,781.2,784.85,788.68,9611,75.8,1578, 4430, 46.09,2024-03-22
RESPONIND,EQ, 22-Mar-2024,281.7,281.85,296.95,281.65,292.4,293.3,287.88,439567,1265.42,15381, 58876, 13.39,2024-03-22
RGL,EQ, 22-Mar-2024,108.5,109.05,111.15,106.55,107.0,107.5,108.55,208531,226.36,3075, 102497, 49.15,2024-03-22
RHIM,EQ, 22-Mar-2024,555.05,555.0,583.5,549.5,564.85,570.7,569.38,731439,4164.69,31937, 416259, 56.91,2024-03-22
RICOAUTO,EQ, 22-Mar-2024,147.1,146.0,149.0,143.0,143.0,143.9,145.4,3803309,5530.01,21384, 1359327, 35.74,2024-03-22
RIIL,EQ, 22-Mar-2024,1240.05,1239.0,1274.9,1239.0,1246.8,1248.95,1257.69,376101,4730.19,16364, 73484, 19.54,2024-03-22
RISHABH,EQ, 22-Mar-2024,424.2,432.75,440.0,425.6,429.95,428.9,432.36,118194,511.03,9921, 72539, 61.37,2024-03-22
RITCO,EQ, 22-Mar-2024,223.25,224.4,225.75,213.55,217.0,217.85,221.27,27295,60.4,1191, 18164, 66.55,2024-03-22
RITES,EQ, 22-Mar-2024,643.15,645.8,660.0,636.0,654.0,654.75,652.05,2086699,13606.38,46149, 346222, 16.59,2024-03-22
RKEC,EQ, 22-Mar-2024,97.05,101.0,101.9,97.05,101.5,101.45,100.61,354850,357.02,1968, 178098, 50.19,2024-03-22
RKFORGE,EQ, 22-Mar-2024,665.25,665.0,684.0,662.95,680.0,681.85,677.8,246235,1668.98,14910, 151292, 61.44,2024-03-22
RKSWAMY,EQ, 22-Mar-2024,273.75,276.9,283.85,273.0,275.0,276.6,278.05,523454,1455.44,15118, 172394, 32.93,2024-03-22
RML,EQ, 22-Mar-2024,694.95,690.1,707.65,680.1,695.7,690.85,693.65,11883,82.43,1303, 6516, 54.83,2024-03-22
ROHLTD,EQ, 22-Mar-2024,349.0,348.05,365.0,347.5,353.0,357.25,358.87,137174,492.27,7795, 74603, 54.39,2024-03-22
ROLEXRINGS,EQ, 22-Mar-2024,1872.55,1873.0,1877.75,1833.75,1848.0,1847.05,1857.11,18778,348.73,4268, 10591, 56.40,2024-03-22
ROLLT,EQ, 22-Mar-2024,1.55,1.55,1.6,1.5,1.6,1.6,1.56,703992,10.99,520, 523980, 74.43,2024-03-22
ROML,EQ, 22-Mar-2024,43.75,44.0,48.1,44.0,46.55,45.85,47.24,73338,34.65,716, 31493, 42.94,2024-03-22
ROSSARI,EQ, 22-Mar-2024,684.85,688.3,691.9,683.0,688.0,686.35,688.76,77155,531.42,4965, 58747, 76.14,2024-03-22
ROSSELLIND,EQ, 22-Mar-2024,374.2,371.75,389.9,365.0,388.0,385.6,384.19,44330,170.31,3433, 31270, 70.54,2024-03-22
ROTO,EQ, 22-Mar-2024,351.05,349.8,363.0,349.0,359.4,358.95,357.27,73447,262.4,5707, 43422, 59.12,2024-03-22
ROUTE,EQ, 22-Mar-2024,1603.45,1600.0,1606.9,1595.05,1600.1,1600.55,1600.77,265822,4255.19,4225, 200011, 75.24,2024-03-22
RPGLIFE,EQ, 22-Mar-2024,1502.95,1505.85,1536.0,1499.45,1524.0,1518.9,1517.11,10083,152.97,1152, 4976, 49.35,2024-03-22
RPSGVENT,EQ, 22-Mar-2024,638.4,641.95,684.9,637.05,670.0,667.05,667.29,106055,707.69,9445, 49779, 46.94,2024-03-22
RPTECH,EQ, 22-Mar-2024,308.7,306.0,315.5,306.0,315.5,313.95,312.8,250493,783.55,8029, 181211, 72.34,2024-03-22
RRKABEL,EQ, 22-Mar-2024,1423.4,1423.4,1429.85,1414.0,1415.0,1423.4,1420.81,67800,963.31,6815, 40955, 60.41,2024-03-22
RSWM,EQ, 22-Mar-2024,181.6,182.6,183.35,180.0,180.75,180.95,181.18,96558,174.94,3960, 65182, 67.51,2024-03-22
RSYSTEMS,EQ, 22-Mar-2024,450.25,450.25,462.25,447.65,451.1,451.55,453.46,154325,699.8,6566, 104595, 67.78,2024-03-22
RTNINDIA,EQ, 22-Mar-2024,69.4,69.2,72.6,68.3,70.65,70.85,71.49,8882263,6350.14,17512, 5054424, 56.90,2024-03-22
RUBYMILLS,EQ, 22-Mar-2024,184.8,186.3,191.45,186.0,187.35,187.55,188.75,18636,35.17,1392, 10030, 53.82,2024-03-22
RUCHIRA,EQ, 22-Mar-2024,118.4,118.95,123.4,118.95,121.0,121.25,121.54,82090,99.77,1118, 47133, 57.42,2024-03-22
RUPA,EQ, 22-Mar-2024,242.3,243.8,248.6,243.35,243.35,244.85,245.91,263087,646.95,9430, 146460, 55.67,2024-03-22
RUSHIL,EQ, 22-Mar-2024,294.75,307.95,325.0,306.0,314.85,313.4,316.66,408893,1294.81,20902, 137231, 33.56,2024-03-22
RUSTOMJEE,EQ, 22-Mar-2024,624.85,628.05,642.5,620.0,625.75,622.35,624.93,103571,647.24,2172, 30202, 29.16,2024-03-22
RVNL,EQ, 22-Mar-2024,244.5,244.7,253.0,243.0,249.7,249.85,249.12,14803746,36878.88,96243, 3912241, 26.43,2024-03-22
SADBHAV,EQ, 22-Mar-2024,28.4,28.35,29.8,27.0,27.0,27.0,28.32,5932732,1680.25,12157, 2722511, 45.89,2024-03-22
SADHNANIQ,EQ, 22-Mar-2024,65.85,65.9,68.8,65.6,68.0,67.05,67.23,834671,561.17,5388, 376528, 45.11,2024-03-22
SAFARI,EQ, 22-Mar-2024,1777.65,1759.8,1868.95,1755.0,1795.1,1807.85,1830.32,57491,1052.27,13385, 17184, 29.89,2024-03-22
SAGCEM,EQ, 22-Mar-2024,208.9,208.9,213.7,204.15,211.95,212.1,209.33,642002,1343.92,23375, 406256, 63.28,2024-03-22
SAH,EQ, 22-Mar-2024,90.9,90.9,92.95,90.1,91.8,90.9,91.38,73265,66.95,510, 32242, 44.01,2024-03-22
SAHYADRI,EQ, 22-Mar-2024,356.4,357.65,366.4,356.15,363.2,359.3,360.5,9938,35.83,665, 6923, 69.66,2024-03-22
SAIL,EQ, 22-Mar-2024,129.0,127.9,132.1,126.2,129.7,130.0,129.75,35650313,46257.52,87655, 7896647, 22.15,2024-03-22
SAKAR,EQ, 22-Mar-2024,363.4,360.95,368.95,359.6,365.25,365.7,364.93,8104,29.57,511, 6012, 74.19,2024-03-22
SAKHTISUG,EQ, 22-Mar-2024,31.0,30.6,32.0,30.6,31.2,31.45,31.57,563834,177.99,2407, 263026, 46.65,2024-03-22
SAKSOFT,EQ, 22-Mar-2024,264.65,260.0,263.45,253.1,256.65,256.5,257.02,229167,589.01,4990, 126915, 55.38,2024-03-22
SAKUMA,EQ, 22-Mar-2024,26.25,26.45,26.85,26.0,26.1,26.15,26.21,675392,177.04,2881, 470777, 69.70,2024-03-22
SALASAR,EQ, 22-Mar-2024,21.15,21.2,22.05,21.15,21.7,21.55,21.67,10152911,2200.21,15624, 4445821, 43.79,2024-03-22
SALONA,EQ, 22-Mar-2024,287.65,287.95,309.0,283.3,299.0,293.9,300.3,6056,18.19,214, 2131, 35.19,2024-03-22
SALZERELEC,EQ, 22-Mar-2024,816.7,821.0,879.0,810.05,872.25,866.95,847.64,376448,3190.93,17105, 161470, 42.89,2024-03-22
SAMHI,EQ, 22-Mar-2024,204.8,205.5,209.0,202.0,207.1,207.55,205.54,437348,898.94,11181, 171007, 39.10,2024-03-22
SANDESH,EQ, 22-Mar-2024,1163.65,1172.0,1180.75,1161.0,1161.05,1170.05,1172.9,1529,17.93,342, 885, 57.88,2024-03-22
SANDHAR,EQ, 22-Mar-2024,491.65,490.8,506.0,485.05,495.9,498.1,496.85,75626,375.75,10924, 34391, 45.48,2024-03-22
SANDUMA,EQ, 22-Mar-2024,363.2,364.9,381.35,364.9,381.35,381.35,375.96,138758,521.67,3059, 108695, 78.33,2024-03-22
SANGAMIND,EQ, 22-Mar-2024,405.55,406.0,421.8,405.0,416.5,411.0,411.62,43624,179.57,3362, 19196, 44.00,2024-03-22
SANGHIIND,EQ, 22-Mar-2024,87.95,89.0,90.2,86.55,88.5,88.45,88.16,1378234,1215.1,4565, 913587, 66.29,2024-03-22
SANGHVIMOV,EQ, 22-Mar-2024,1171.55,1168.05,1185.7,1143.5,1158.0,1152.4,1165.72,124643,1452.98,13191, 57353, 46.01,2024-03-22
SANOFI,EQ, 22-Mar-2024,7535.75,7601.1,7655.0,7512.2,7615.0,7609.05,7589.65,13878,1053.29,4546, 7822, 56.36,2024-03-22
SANSERA,EQ, 22-Mar-2024,986.7,988.95,1005.45,974.8,996.0,999.2,993.3,43136,428.47,5786, 25192, 58.40,2024-03-22
SAPPHIRE,EQ, 22-Mar-2024,1583.2,1590.0,1680.0,1573.5,1590.0,1588.5,1623.67,751630,12203.98,52040, 208306, 27.71,2024-03-22
SARDAEN,EQ, 22-Mar-2024,195.6,206.0,225.6,201.6,216.5,217.1,219.01,6470067,14170.15,88453, 799828, 12.36,2024-03-22
SAREGAMA,EQ, 22-Mar-2024,371.25,371.25,373.4,362.2,364.0,365.05,368.49,210178,774.49,10520, 83045, 39.51,2024-03-22
SARLAPOLY,EQ, 22-Mar-2024,52.55,52.55,54.45,52.55,54.45,53.5,53.47,194299,103.89,1439, 125347, 64.51,2024-03-22
SASKEN,EQ, 22-Mar-2024,1585.1,1588.0,1620.95,1535.05,1552.0,1548.9,1574.57,32046,504.59,5628, 14156, 44.17,2024-03-22
SASTASUNDR,EQ, 22-Mar-2024,301.4,301.55,305.9,296.1,297.0,298.7,300.23,34565,103.78,2317, 22261, 64.40,2024-03-22
SATIA,EQ, 22-Mar-2024,109.55,109.55,112.6,109.5,109.85,109.95,111.27,497013,553.02,4309, 295718, 59.50,2024-03-22
SATIN,EQ, 22-Mar-2024,205.65,205.65,214.4,205.65,211.45,211.05,211.03,558599,1178.83,15543, 300216, 53.74,2024-03-22
SATINDLTD,EQ, 22-Mar-2024,92.05,91.7,93.6,91.3,93.3,92.5,92.51,1449182,1340.6,4840, 513731, 35.45,2024-03-22
SAURASHCEM,EQ, 22-Mar-2024,104.8,104.95,105.95,102.25,104.0,104.15,104.09,74387,77.43,1737, 41481, 55.76,2024-03-22
SBC,EQ, 22-Mar-2024,20.5,20.4,20.55,20.05,20.2,20.15,20.29,1162827,235.94,3520, 512436, 44.07,2024-03-22
SBCL,EQ, 22-Mar-2024,536.45,537.0,541.0,533.0,538.0,536.35,536.98,37042,198.91,4431, 21894, 59.11,2024-03-22
SBFC,EQ, 22-Mar-2024,81.1,80.95,83.6,80.4,83.25,83.3,82.52,1482446,1223.29,12421, 804857, 54.29,2024-03-22
SBGLP,EQ, 22-Mar-2024,818.3,821.7,906.2,805.05,855.0,857.6,847.09,322875,2735.04,19968, 70766, 21.92,2024-03-22
SBICARD,EQ, 22-Mar-2024,702.65,702.0,710.6,701.65,702.2,704.1,706.18,811372,5729.71,24953, 385111, 47.46,2024-03-22
SBIETFCON,EQ, 22-Mar-2024,100.77,98.75,102.11,98.0,102.04,101.9,100.85,4401,4.44,116, 3407, 77.41,2024-03-22
SBIETFIT,EQ, 22-Mar-2024,381.46,381.46,381.46,367.37,373.6,374.43,372.71,45115,168.15,1696, 34508, 76.49,2024-03-22
SBIETFPB,EQ, 22-Mar-2024,235.62,235.62,238.01,235.55,238.0,237.58,237.4,43378,102.98,145, 42700, 98.44,2024-03-22
SBIETFQLTY,EQ, 22-Mar-2024,196.27,196.28,196.8,194.21,196.8,196.46,195.92,8388,16.43,83, 7231, 86.21,2024-03-22
SBILIFE,EQ, 22-Mar-2024,1468.05,1474.0,1511.0,1458.1,1495.3,1501.1,1489.22,563028,8384.74,44463, 248305, 44.10,2024-03-22
SBIN,EQ, 22-Mar-2024,744.3,743.85,748.8,741.4,746.5,746.7,746.09,15535921,115911.96,261750, 7143052, 45.98,2024-03-22
SCHAEFFLER,EQ, 22-Mar-2024,2960.6,2977.9,2988.05,2918.2,2936.15,2944.5,2945.25,16878,497.1,4444, 8885, 52.64,2024-03-22
SCHAND,EQ, 22-Mar-2024,240.85,240.95,248.95,240.95,246.0,244.55,244.6,32762,80.14,3763, 20679, 63.12,2024-03-22
SCI,EQ, 22-Mar-2024,200.45,201.0,204.0,196.5,196.65,196.95,198.4,1591460,3157.4,14661, 918921, 57.74,2024-03-22
SCPL,EQ, 22-Mar-2024,357.5,359.3,372.2,355.75,368.0,367.85,364.51,17683,64.46,1459, 10065, 56.92,2024-03-22
SDBL,EQ, 22-Mar-2024,247.6,251.7,274.5,249.0,271.4,272.0,266.14,1101093,2930.5,34267, 428220, 38.89,2024-03-22
SDL24BEES,EQ, 22-Mar-2024,120.02,120.02,120.05,119.85,120.05,120.05,120.04,908,1.09,30, 860, 94.71,2024-03-22
SDL26BEES,EQ, 22-Mar-2024,119.72,119.53,119.73,119.53,119.73,119.73,119.71,1161,1.39,23, 1160, 99.91,2024-03-22
SECURCRED,EQ, 22-Mar-2024,17.95,18.3,18.3,17.5,17.6,17.75,17.78,240938,42.83,682, 130899, 54.33,2024-03-22
SELAN,EQ, 22-Mar-2024,453.0,445.8,453.0,440.95,442.2,445.05,446.9,30507,136.34,2324, 18314, 60.03,2024-03-22
SELMC,EQ, 22-Mar-2024,74.35,73.05,75.1,72.9,72.9,72.9,73.09,12659,9.25,286, 12435, 98.23,2024-03-22
SEMAC,EQ, 22-Mar-2024,2799.5,2834.85,2839.1,2700.45,2820.0,2752.35,2740.26,806,22.09,183, 410, 50.87,2024-03-22
SENCO,EQ, 22-Mar-2024,757.3,757.3,782.0,755.55,774.0,774.85,771.22,159674,1231.44,11945, 61081, 38.25,2024-03-22
SENSEXADD,EQ, 22-Mar-2024,72.88,71.42,73.63,71.42,72.84,72.92,73.04,2898,2.12,61, 266, 9.18,2024-03-22
SENSEXETF,EQ, 22-Mar-2024,73.23,73.0,73.83,72.61,73.83,73.32,73.17,5379,3.94,120, 4315, 80.22,2024-03-22
SENSEXIETF,EQ, 22-Mar-2024,811.03,811.42,817.12,806.04,816.0,815.07,815.4,13454,109.7,124, 8809, 65.47,2024-03-22
SEPC,EQ, 22-Mar-2024,17.3,17.95,18.15,17.7,18.15,18.15,18.02,2262631,407.64,943, 1766484, 78.07,2024-03-22
SEQUENT,EQ, 22-Mar-2024,115.25,115.4,119.8,115.35,116.7,116.4,117.76,1672999,1970.05,14080, 773292, 46.22,2024-03-22
SESHAPAPER,EQ, 22-Mar-2024,310.45,311.85,315.0,308.4,313.9,312.15,312.31,18511,57.81,1535, 9429, 50.94,2024-03-22
SETCO,EQ, 22-Mar-2024,6.75,6.95,7.05,6.8,7.05,7.0,6.95,256851,17.86,473, 209852, 81.70,2024-03-22
SETF10GILT,EQ, 22-Mar-2024,227.89,227.99,227.99,226.1,227.2,227.53,226.98,35034,79.52,59, 26351, 75.22,2024-03-22
SETFGOLD,EQ, 22-Mar-2024,58.26,58.26,58.26,57.5,57.69,57.7,57.68,874332,504.34,2008, 755162, 86.37,2024-03-22
SETFNIF50,EQ, 22-Mar-2024,230.41,230.44,232.0,229.02,231.3,231.11,230.89,1534939,3543.98,5933, 1473231, 95.98,2024-03-22
SETFNIFBK,EQ, 22-Mar-2024,471.39,471.0,473.77,469.87,472.35,472.66,472.91,607233,2871.66,2858, 591102, 97.34,2024-03-22
SETFNN50,EQ, 22-Mar-2024,619.59,623.31,628.3,618.06,624.17,624.67,623.31,19100,119.05,648, 16233, 84.99,2024-03-22
SFL,EQ, 22-Mar-2024,940.25,940.25,954.9,940.25,949.8,947.2,951.41,192425,1830.75,11598, 154480, 80.28,2024-03-22
SGIL,EQ, 22-Mar-2024,331.5,330.1,345.0,321.75,345.0,339.85,335.35,17839,59.82,835, 10500, 58.86,2024-03-22
SGL,EQ, 22-Mar-2024,14.85,15.35,16.3,14.5,14.7,14.7,15.19,89866,13.65,445, 54084, 60.18,2024-03-22
SHAILY,EQ, 22-Mar-2024,483.6,483.6,490.8,480.0,483.0,483.3,484.18,112695,545.65,8894, 70027, 62.14,2024-03-22
SHALBY,EQ, 22-Mar-2024,239.0,238.75,245.4,238.4,242.3,242.95,242.49,154274,374.1,5162, 80985, 52.49,2024-03-22
SHALPAINTS,EQ, 22-Mar-2024,161.65,161.7,171.0,161.35,165.5,165.0,167.2,598939,1001.44,13298, 268785, 44.88,2024-03-22
SHANKARA,EQ, 22-Mar-2024,633.55,634.95,649.4,634.9,640.0,641.55,640.37,100727,645.03,5786, 58962, 58.54,2024-03-22
SHANTIGEAR,EQ, 22-Mar-2024,507.35,512.9,559.4,512.9,551.0,553.85,545.59,418038,2280.77,21096, 93923, 22.47,2024-03-22
SHARDACROP,EQ, 22-Mar-2024,332.85,334.0,336.45,328.95,332.0,331.1,332.55,151985,505.42,7603, 87551, 57.61,2024-03-22
SHARDAMOTR,EQ, 22-Mar-2024,1234.9,1240.0,1272.45,1225.0,1260.05,1263.65,1250.55,56448,705.91,6855, 34819, 61.68,2024-03-22
SHAREINDIA,EQ, 22-Mar-2024,1600.5,1612.0,1638.0,1594.5,1629.5,1625.2,1608.44,229005,3683.42,14293, 85487, 37.33,2024-03-22
SHARIABEES,EQ, 22-Mar-2024,494.12,490.0,497.32,485.06,491.7,491.6,490.71,2214,10.86,169, 1566, 70.73,2024-03-22
SHEMAROO,EQ, 22-Mar-2024,155.9,156.95,156.95,149.15,152.25,150.8,151.52,116013,175.78,3832, 53424, 46.05,2024-03-22
SHILPAMED,EQ, 22-Mar-2024,457.15,457.15,463.05,445.2,449.0,450.2,455.52,1111421,5062.69,18457, 851362, 76.60,2024-03-22
SHIVALIK,EQ, 22-Mar-2024,551.0,546.0,595.0,545.5,585.0,580.75,567.19,38170,216.5,2271, 24772, 64.90,2024-03-22
SHIVAMAUTO,EQ, 22-Mar-2024,36.55,37.55,38.35,37.55,38.35,38.35,38.11,88427,33.7,238, 58771, 66.46,2024-03-22
SHIVAMILLS,EQ, 22-Mar-2024,85.6,87.0,87.9,85.15,87.05,86.3,86.42,3720,3.21,152, 1668, 44.84,2024-03-22
SHK,EQ, 22-Mar-2024,199.95,197.0,206.5,196.25,204.5,204.25,202.18,501488,1013.92,13513, 199975, 39.88,2024-03-22
SHOPERSTOP,EQ, 22-Mar-2024,771.2,773.9,774.2,745.25,754.95,754.55,756.92,35704,270.25,3807, 12494, 34.99,2024-03-22
SHRADHA,EQ, 22-Mar-2024,64.9,66.9,66.9,63.0,63.35,63.6,64.17,34946,22.43,184, 26553, 75.98,2024-03-22
SHREDIGCEM,EQ, 22-Mar-2024,98.65,97.5,99.95,97.5,98.4,98.15,98.76,446454,440.9,5311, 269570, 60.38,2024-03-22
SHREECEM,EQ, 22-Mar-2024,25361.4,25399.0,25489.95,25232.0,25354.0,25366.05,25351.19,12712,3222.64,5504, 5352, 42.10,2024-03-22
SHREEPUSHK,EQ, 22-Mar-2024,166.15,166.15,173.45,166.15,170.05,169.8,169.75,109319,185.57,4076, 61762, 56.50,2024-03-22
SHRENIK,EQ, 22-Mar-2024,0.95,0.9,1.0,0.9,1.0,0.95,0.95,3500095,33.11,1219, 2814041, 80.40,2024-03-22
SHREYANIND,EQ, 22-Mar-2024,230.4,225.0,230.0,224.2,229.0,227.1,228.46,24999,57.11,951, 17458, 69.83,2024-03-22
SHREYAS,EQ, 22-Mar-2024,262.7,266.95,268.0,257.4,259.95,260.1,264.67,99633,263.7,3669, 77833, 78.12,2024-03-22
SHRIPISTON,EQ, 22-Mar-2024,1753.6,1757.9,1960.0,1755.0,1937.8,1940.7,1886.81,699453,13197.36,52169, 262173, 37.48,2024-03-22
SHRIRAMFIN,EQ, 22-Mar-2024,2310.8,2339.0,2358.7,2305.15,2329.8,2330.7,2334.63,1273555,29732.76,63379, 721600, 56.66,2024-03-22
SHRIRAMPPS,EQ, 22-Mar-2024,107.7,107.5,116.8,106.95,115.8,115.0,112.31,4583199,5147.24,21526, 2237576, 48.82,2024-03-22
SHYAMMETL,EQ, 22-Mar-2024,589.25,594.4,609.0,580.7,600.0,599.3,595.5,1089672,6488.97,22060, 471471, 43.27,2024-03-22
SHYAMTEL,EQ, 22-Mar-2024,10.0,9.4,10.0,9.4,10.0,10.0,9.96,2225,0.22,10, 1975, 88.76,2024-03-22
SIEMENS,EQ, 22-Mar-2024,4942.35,4935.05,4997.2,4864.65,4989.0,4991.55,4952.92,281438,13939.41,33427, 100782, 35.81,2024-03-22
SIGACHI,EQ, 22-Mar-2024,58.75,59.15,60.5,58.75,60.05,60.0,59.67,1269063,757.23,5956, 769509, 60.64,2024-03-22
SIGIND,EQ, 22-Mar-2024,66.25,66.9,68.6,66.5,66.9,67.35,67.5,22303,15.05,393, 12478, 55.95,2024-03-22
SIGMA,EQ, 22-Mar-2024,383.05,385.0,388.75,380.3,384.5,383.2,383.27,5285,20.26,740, 3611, 68.33,2024-03-22
SIGNATURE,EQ, 22-Mar-2024,1325.6,1328.0,1336.0,1304.8,1327.0,1326.9,1324.03,401442,5315.2,4818, 52315, 13.03,2024-03-22
SIGNPOST,EQ, 22-Mar-2024,389.45,394.95,397.9,383.85,387.5,396.25,392.47,37998,149.13,2531, 20728, 54.55,2024-03-22
SIL,EQ, 22-Mar-2024,22.4,22.9,23.1,22.15,22.8,22.4,22.63,108642,24.59,738, 57884, 53.28,2024-03-22
SILINV,EQ, 22-Mar-2024,482.75,488.8,502.75,484.5,489.0,488.7,490.45,4177,20.49,511, 2763, 66.15,2024-03-22
SILLYMONKS,EQ, 22-Mar-2024,15.4,15.4,16.0,14.8,15.05,15.2,15.24,21303,3.25,103, 11666, 54.76,2024-03-22
SILVER,EQ, 22-Mar-2024,76.16,74.9,75.25,74.76,75.1,75.11,74.98,69389,52.03,526, 51889, 74.78,2024-03-22
SILVERADD,EQ, 22-Mar-2024,73.75,72.89,72.89,72.1,72.41,72.57,72.65,11165,8.11,98, 4231, 37.90,2024-03-22
SILVERBEES,EQ, 22-Mar-2024,73.78,72.68,72.69,72.08,72.49,72.47,72.42,7622247,5519.72,10686, 6990399, 91.71,2024-03-22
SILVERETF,EQ, 22-Mar-2024,75.32,74.69,74.84,73.7,74.0,73.82,73.89,121225,89.58,472, 64992, 53.61,2024-03-22
SILVERIETF,EQ, 22-Mar-2024,76.23,75.5,75.5,74.9,75.2,75.24,75.08,394963,296.52,1088, 327966, 83.04,2024-03-22
SILVERTUC,EQ, 22-Mar-2024,649.15,664.0,664.0,625.0,634.1,642.05,643.11,31865,204.93,1919, 11002, 34.53,2024-03-22
SILVRETF,EQ, 22-Mar-2024,74.54,73.99,74.0,73.36,73.41,73.42,73.59,5943,4.37,52, 5636, 94.83,2024-03-22
SIMBHALS,EQ, 22-Mar-2024,26.3,26.3,27.35,26.05,26.3,26.3,26.61,117293,31.21,519, 45369, 38.68,2024-03-22
SINDHUTRAD,EQ, 22-Mar-2024,27.15,27.5,28.5,27.15,28.5,28.5,28.29,1208163,341.77,1501, 939311, 77.75,2024-03-22
SINTERCOM,EQ, 22-Mar-2024,128.25,127.1,130.5,127.1,130.0,130.0,129.85,47144,61.22,530, 41750, 88.56,2024-03-22
SIRCA,EQ, 22-Mar-2024,298.4,298.4,306.65,298.0,300.0,299.05,301.81,200470,605.03,8140, 123454, 61.58,2024-03-22
SIS,EQ, 22-Mar-2024,449.6,449.6,450.0,437.4,440.0,440.8,443.13,53107,235.33,6367, 26221, 49.37,2024-03-22
SIYSIL,EQ, 22-Mar-2024,450.95,451.0,454.1,447.45,450.25,448.35,449.66,37263,167.56,4826, 23995, 64.39,2024-03-22
SJS,EQ, 22-Mar-2024,611.75,611.75,631.5,611.75,630.0,628.2,622.1,164134,1021.07,5635, 132371, 80.65,2024-03-22
SJVN,EQ, 22-Mar-2024,120.7,120.8,124.8,119.8,122.6,122.9,122.4,24076684,29469.7,78415, 5746599, 23.87,2024-03-22
SKFINDIA,EQ, 22-Mar-2024,4272.95,4285.75,4307.6,4236.0,4273.0,4264.0,4260.68,39849,1697.84,4620, 32204, 80.82,2024-03-22
SKIPPER,EQ, 22-Mar-2024,258.6,259.0,297.25,257.2,296.05,295.3,283.67,4777579,13552.78,83946, 1144850, 23.96,2024-03-22
SKMEGGPROD,EQ, 22-Mar-2024,232.2,232.5,243.8,232.05,243.8,243.7,240.61,156963,377.67,2721, 97070, 61.84,2024-03-22
SMALLCAP,EQ, 22-Mar-2024,41.88,42.29,42.29,41.76,42.25,42.18,42.14,496126,209.07,1206, 473197, 95.38,2024-03-22
SMARTLINK,EQ, 22-Mar-2024,170.1,170.1,170.8,169.05,170.4,170.05,169.99,19266,32.75,80, 18690, 97.01,2024-03-22
SMCGLOBAL,EQ, 22-Mar-2024,120.8,122.45,123.3,120.55,122.25,121.95,122.29,211211,258.29,2709, 121475, 57.51,2024-03-22
SMLISUZU,EQ, 22-Mar-2024,1890.8,1894.05,1986.0,1863.45,1974.0,1960.9,1938.06,38216,740.65,4405, 20820, 54.48,2024-03-22
SMSLIFE,EQ, 22-Mar-2024,665.55,662.8,678.1,612.15,617.0,620.8,647.78,19901,128.91,790, 10912, 54.83,2024-03-22
SMSPHARMA,EQ, 22-Mar-2024,184.95,188.0,196.95,178.3,183.7,182.85,187.26,1521228,2848.64,36819, 367930, 24.19,2024-03-22
SNOWMAN,EQ, 22-Mar-2024,66.6,66.5,68.95,66.45,68.5,68.25,67.93,1263059,857.96,6107, 415941, 32.93,2024-03-22
SOBHA,EQ, 22-Mar-2024,1402.05,1393.0,1515.05,1363.7,1459.0,1477.05,1462.92,830072,12143.3,47815, 125327, 15.10,2024-03-22
SOLARA,EQ, 22-Mar-2024,382.3,384.25,387.45,377.05,382.2,380.95,383.76,111894,429.41,8483, 45578, 40.73,2024-03-22
SOLARINDS,EQ, 22-Mar-2024,8898.75,8860.0,9418.95,8798.8,9330.0,9322.0,9168.91,482996,44285.48,61546, 71887, 14.88,2024-03-22
SOMANYCERA,EQ, 22-Mar-2024,630.75,630.75,644.9,625.4,625.85,628.2,633.64,21933,138.98,4291, 10436, 47.58,2024-03-22
SOMATEX,EQ, 22-Mar-2024,35.75,35.5,37.5,34.0,36.25,36.55,36.64,131238,48.08,787, 88161, 67.18,2024-03-22
SONACOMS,EQ, 22-Mar-2024,678.9,676.8,698.7,674.05,691.0,691.45,690.43,2338126,16143.24,69912, 935167, 40.00,2024-03-22
SONAMLTD,EQ, 22-Mar-2024,79.9,81.45,81.45,78.0,78.25,79.5,79.89,12748,10.18,205, 561, 4.40,2024-03-22
SONATSOFTW,EQ, 22-Mar-2024,749.05,742.0,755.15,731.05,743.0,742.55,742.63,953407,7080.3,25530, 688123, 72.18,2024-03-22
SOTL,EQ, 22-Mar-2024,408.0,410.9,422.5,410.0,414.0,412.65,414.36,152723,632.83,7108, 71280, 46.67,2024-03-22
SOUTHBANK,EQ, 22-Mar-2024,28.25,28.25,29.4,28.0,29.0,28.95,28.75,26150382,7518.65,27240, 7949683, 30.40,2024-03-22
SOUTHWEST,EQ, 22-Mar-2024,108.25,107.85,111.95,105.25,107.0,107.65,109.29,140139,153.16,931, 84669, 60.42,2024-03-22
SPAL,EQ, 22-Mar-2024,563.8,563.8,569.0,556.1,563.8,562.85,563.12,21758,122.52,4001, 12567, 57.76,2024-03-22
SPANDANA,EQ, 22-Mar-2024,822.1,811.25,842.0,811.25,820.0,818.4,827.4,81351,673.1,9588, 35941, 44.18,2024-03-22
SPCENET,EQ, 22-Mar-2024,27.35,27.45,27.75,26.8,26.95,27.3,27.29,4606015,1257.18,1436, 4031174, 87.52,2024-03-22
SPECIALITY,EQ, 22-Mar-2024,175.35,176.35,182.55,175.1,177.25,177.4,178.92,89752,160.59,3714, 39568, 44.09,2024-03-22
SPENCERS,EQ, 22-Mar-2024,90.0,90.45,93.35,89.85,91.7,91.3,91.26,716039,653.44,5446, 414842, 57.94,2024-03-22
SPIC,EQ, 22-Mar-2024,72.3,72.5,73.6,72.1,73.0,72.8,73.04,936488,683.97,5757, 451637, 48.23,2024-03-22
SPLIL,EQ, 22-Mar-2024,57.55,57.1,58.25,56.95,57.05,57.45,57.57,41459,23.87,395, 30409, 73.35,2024-03-22
SPLPETRO,EQ, 22-Mar-2024,613.9,613.95,624.4,608.5,615.0,620.0,617.48,61680,380.86,9573, 27433, 44.48,2024-03-22
SPMLINFRA,EQ, 22-Mar-2024,130.2,136.7,136.7,134.3,136.7,136.5,136.6,379543,518.45,1091, 303786, 80.04,2024-03-22
SPORTKING,EQ, 22-Mar-2024,801.15,801.0,806.0,794.1,804.0,801.9,799.08,12057,96.35,1030, 9171, 76.06,2024-03-22
SREEL,EQ, 22-Mar-2024,290.35,296.1,296.1,286.05,289.0,289.05,290.84,20121,58.52,1779, 12782, 63.53,2024-03-22
SRF,EQ, 22-Mar-2024,2538.35,2556.0,2600.0,2532.0,2546.0,2550.95,2561.47,1205728,30884.33,70292, 442017, 36.66,2024-03-22
SRGHFL,EQ, 22-Mar-2024,275.15,274.25,280.95,272.5,272.5,273.1,275.75,1934,5.33,148, 1396, 72.18,2024-03-22
SRHHYPOLTD,EQ, 22-Mar-2024,488.25,483.2,510.15,483.2,495.0,493.15,498.85,22455,112.02,1893, 12191, 54.29,2024-03-22
SSWL,EQ, 22-Mar-2024,240.65,241.85,243.5,229.0,231.45,231.4,235.39,321109,755.87,10415, 196831, 61.30,2024-03-22
STAR,EQ, 22-Mar-2024,757.55,756.0,784.5,755.0,774.95,777.15,774.35,207468,1606.52,9294, 95346, 45.96,2024-03-22
STARCEMENT,EQ, 22-Mar-2024,210.15,210.15,235.5,208.3,232.95,232.3,226.35,3842093,8696.43,67015, 763740, 19.88,2024-03-22
STARHEALTH,EQ, 22-Mar-2024,540.25,542.0,546.0,538.0,540.6,541.35,542.48,97492,528.88,5761, 53265, 54.64,2024-03-22
STARPAPER,EQ, 22-Mar-2024,227.15,227.05,230.5,227.0,227.0,228.0,228.94,11943,27.34,502, 9148, 76.60,2024-03-22
STCINDIA,EQ, 22-Mar-2024,130.85,131.1,133.75,130.2,131.6,131.8,132.35,78635,104.08,2194, 26786, 34.06,2024-03-22
STEELCAS,EQ, 22-Mar-2024,630.65,632.85,640.0,625.6,632.85,631.15,632.46,2917,18.45,809, 1602, 54.92,2024-03-22
STEELCITY,EQ, 22-Mar-2024,74.9,74.95,77.1,73.7,76.3,76.1,75.58,29020,21.93,303, 18194, 62.69,2024-03-22
STEELXIND,EQ, 22-Mar-2024,14.35,14.3,14.5,13.9,14.0,14.0,14.19,6341445,899.9,6126, 3659216, 57.70,2024-03-22
STEL,EQ, 22-Mar-2024,323.85,321.8,340.95,321.8,337.7,333.95,334.94,19920,66.72,892, 11353, 56.99,2024-03-22
STERTOOLS,EQ, 22-Mar-2024,323.7,324.85,331.0,324.85,328.2,328.75,327.95,33602,110.2,2003, 20009, 59.55,2024-03-22
STLTECH,EQ, 22-Mar-2024,117.5,117.35,119.45,117.35,117.55,117.8,118.29,1475682,1745.57,11354, 746320, 50.57,2024-03-22
STOVEKRAFT,EQ, 22-Mar-2024,433.25,436.0,442.05,430.75,432.5,432.2,435.45,147204,640.99,7206, 97856, 66.48,2024-03-22
STYLAMIND,EQ, 22-Mar-2024,1515.5,1519.75,1545.0,1502.05,1539.9,1536.85,1528.92,20359,311.27,3870, 11900, 58.45,2024-03-22
STYRENIX,EQ, 22-Mar-2024,1358.5,1358.15,1449.0,1358.15,1427.45,1434.45,1416.41,24185,342.56,4003, 12538, 51.84,2024-03-22
SUBEXLTD,EQ, 22-Mar-2024,30.6,30.6,32.0,30.6,30.7,30.8,31.25,13492295,4215.9,12442, 5961549, 44.18,2024-03-22
SUBROS,EQ, 22-Mar-2024,535.85,531.0,546.0,530.4,539.3,541.8,538.71,42853,230.86,4743, 20509, 47.86,2024-03-22
SUDARSCHEM,EQ, 22-Mar-2024,589.7,596.0,626.0,593.15,626.0,621.75,616.08,787203,4849.79,43240, 289597, 36.79,2024-03-22
SUKHJITS,EQ, 22-Mar-2024,456.15,456.25,466.4,447.25,459.0,460.5,458.32,5820,26.67,1021, 3774, 64.85,2024-03-22
SULA,EQ, 22-Mar-2024,537.0,537.0,555.0,534.3,551.05,548.9,544.31,752848,4097.86,24749, 320731, 42.60,2024-03-22
SUMICHEM,EQ, 22-Mar-2024,346.2,345.2,373.2,345.15,364.5,366.15,361.49,584049,2111.26,16944, 270304, 46.28,2024-03-22
SUMIT,EQ, 22-Mar-2024,51.85,53.9,54.4,51.25,54.25,53.85,53.42,17650,9.43,167, 14831, 84.03,2024-03-22
SUMMITSEC,EQ, 22-Mar-2024,1200.05,1193.45,1225.0,1192.55,1225.0,1221.9,1211.33,4003,48.49,534, 2401, 59.98,2024-03-22
SUNCLAY,EQ, 22-Mar-2024,1336.65,1350.0,1369.9,1322.75,1369.0,1356.35,1349.44,8400,113.35,1702, 4369, 52.01,2024-03-22
SUNDARAM,EQ, 22-Mar-2024,2.85,2.9,2.9,2.8,2.9,2.85,2.85,3318971,94.63,1092, 2009539, 60.55,2024-03-22
SUNDARMFIN,EQ, 22-Mar-2024,4027.5,4053.95,4085.0,3982.35,4014.9,4028.65,4053.3,113090,4583.87,19120, 57155, 50.54,2024-03-22
SUNDARMHLD,EQ, 22-Mar-2024,179.9,181.1,198.85,180.6,198.8,192.8,188.66,2625480,4953.18,11114, 2503835, 95.37,2024-03-22
SUNDRMBRAK,EQ, 22-Mar-2024,649.1,653.45,665.95,652.35,659.0,658.2,659.24,1088,7.17,131, 718, 65.99,2024-03-22
SUNDRMFAST,EQ, 22-Mar-2024,1025.9,1026.0,1047.9,1022.25,1032.1,1039.55,1034.97,74105,766.97,11699, 43758, 59.05,2024-03-22
SUNFLAG,EQ, 22-Mar-2024,189.75,189.0,197.95,188.55,193.9,193.65,194.54,284464,553.39,9085, 120554, 42.38,2024-03-22
SUNPHARMA,EQ, 22-Mar-2024,1565.2,1568.9,1621.0,1566.1,1616.0,1608.9,1601.47,4941447,79135.61,196551, 2725947, 55.16,2024-03-22
SUNTECK,EQ, 22-Mar-2024,390.45,392.45,407.9,391.0,403.25,401.95,398.33,385756,1536.58,19311, 198640, 51.49,2024-03-22
SUNTV,EQ, 22-Mar-2024,593.45,587.0,594.1,585.05,587.15,586.35,589.52,317386,1871.07,11729, 137246, 43.24,2024-03-22
SUPERHOUSE,EQ, 22-Mar-2024,195.75,196.6,201.8,195.7,198.0,196.7,198.04,10515,20.82,579, 6514, 61.95,2024-03-22
SUPRAJIT,EQ, 22-Mar-2024,404.1,402.35,409.95,402.35,408.0,408.1,406.45,116421,473.19,8115, 60176, 51.69,2024-03-22
SUPREMEIND,EQ, 22-Mar-2024,3957.85,3930.0,3961.95,3877.05,3918.0,3930.3,3921.53,85415,3349.57,15873, 44582, 52.19,2024-03-22
SUPRIYA,EQ, 22-Mar-2024,336.0,334.0,342.25,333.95,341.0,340.8,339.34,162437,551.21,8066, 82670, 50.89,2024-03-22
SURAJEST,EQ, 22-Mar-2024,274.25,275.0,279.4,272.25,274.95,274.0,275.53,91242,251.4,2816, 56212, 61.61,2024-03-22
SURANASOL,EQ, 22-Mar-2024,34.7,36.0,36.3,34.7,34.9,35.05,35.47,609765,216.29,4985, 402930, 66.08,2024-03-22
SURYALAXMI,EQ, 22-Mar-2024,66.45,66.5,69.65,66.5,68.4,68.1,68.31,8885,6.07,140, 5127, 57.70,2024-03-22
SURYAROSNI,EQ, 22-Mar-2024,503.6,503.65,530.0,502.0,518.4,513.15,515.83,728460,3757.61,21643, 452250, 62.08,2024-03-22
SURYODAY,EQ, 22-Mar-2024,164.15,164.25,166.8,163.0,164.5,164.85,165.19,190825,315.22,5385, 102625, 53.78,2024-03-22
SUTLEJTEX,EQ, 22-Mar-2024,52.65,52.65,54.65,52.6,53.25,53.25,53.61,155534,83.38,1519, 79293, 50.98,2024-03-22
SUVENPHAR,EQ, 22-Mar-2024,630.8,630.3,655.0,628.7,646.0,650.05,637.47,368493,2349.02,12585, 248309, 67.38,2024-03-22
SVPGLOB,EQ, 22-Mar-2024,7.0,7.15,7.15,6.85,6.95,6.9,6.98,331021,23.11,616, 293202, 88.58,2024-03-22
SWANENERGY,EQ, 22-Mar-2024,621.9,624.4,669.0,622.85,664.4,665.35,649.18,3253949,21123.92,35605, 1166089, 35.84,2024-03-22
SWARAJENG,EQ, 22-Mar-2024,2229.4,2239.0,2270.0,2173.4,2257.15,2250.55,2247.31,6387,143.54,1567, 4219, 66.06,2024-03-22
SWELECTES,EQ, 22-Mar-2024,952.1,955.0,964.95,926.0,929.0,931.15,941.25,52043,489.86,4790, 29513, 56.71,2024-03-22
SWSOLAR,EQ, 22-Mar-2024,491.85,508.0,516.4,504.15,516.4,516.4,513.0,380847,1953.73,2461, 285655, 75.01,2024-03-22
SYMPHONY,EQ, 22-Mar-2024,826.1,826.1,883.65,826.1,864.0,867.95,863.91,310140,2679.32,24842, 71326, 23.00,2024-03-22
SYNGENE,EQ, 22-Mar-2024,685.25,689.2,701.65,686.4,696.35,698.45,695.86,613191,4266.97,28201, 353621, 57.67,2024-03-22
SYRMA,EQ, 22-Mar-2024,482.9,482.0,487.6,479.0,481.0,482.0,482.82,325909,1573.55,20076, 173198, 53.14,2024-03-22
TAINWALCHM,EQ, 22-Mar-2024,121.65,123.7,139.0,122.1,127.15,130.3,131.5,16270,21.39,404, 7204, 44.28,2024-03-22
TAJGVK,EQ, 22-Mar-2024,330.3,330.3,357.0,329.95,342.8,343.35,344.1,452070,1555.59,23015, 127683, 28.24,2024-03-22
TAKE,EQ, 22-Mar-2024,21.55,21.5,22.6,21.4,22.6,22.6,22.37,207986,46.53,565, 149509, 71.88,2024-03-22
TALBROAUTO,EQ, 22-Mar-2024,240.6,245.0,245.0,237.95,238.5,239.0,240.14,130431,313.22,2512, 111058, 85.15,2024-03-22
TANLA,EQ, 22-Mar-2024,838.4,841.0,856.5,835.0,848.1,850.1,847.5,369060,3127.8,16848, 133850, 36.27,2024-03-22
TARSONS,EQ, 22-Mar-2024,406.25,406.95,414.0,404.0,412.85,411.65,408.89,107335,438.88,7762, 59641, 55.57,2024-03-22
TASTYBITE,EQ, 22-Mar-2024,12875.15,12841.1,12885.0,12766.55,12800.0,12787.75,12869.67,10176,1309.62,512, 9529, 93.64,2024-03-22
TATACHEM,EQ, 22-Mar-2024,1034.9,1024.05,1064.85,1020.0,1046.0,1046.4,1052.62,2872800,30239.65,73589, 569700, 19.83,2024-03-22
TATACOMM,EQ, 22-Mar-2024,1908.2,1930.0,1932.45,1900.25,1931.0,1922.65,1919.01,478386,9180.28,20785, 259733, 54.29,2024-03-22
TATACONSUM,EQ, 22-Mar-2024,1133.95,1133.95,1140.0,1119.0,1123.7,1122.75,1125.02,1696377,19084.59,70308, 1225612, 72.25,2024-03-22
TATAELXSI,EQ, 22-Mar-2024,7704.75,7655.55,7689.8,7616.95,7665.0,7665.0,7654.9,63721,4877.78,11857, 34410, 54.00,2024-03-22
TATAGOLD,EQ, 22-Mar-2024,6.65,6.65,6.89,6.56,6.59,6.58,6.6,1074212,70.87,4100, 913651, 85.05,2024-03-22
TATAMOTORS,EQ, 22-Mar-2024,964.9,964.9,986.2,950.35,979.75,979.8,973.11,13638296,132715.36,331701, 4050049, 29.70,2024-03-22
TATAMTRDVR,EQ, 22-Mar-2024,637.75,639.45,652.25,626.55,649.9,649.15,643.61,1402180,9024.56,37249, 601543, 42.90,2024-03-22
TATAPOWER,EQ, 22-Mar-2024,392.15,389.9,395.5,386.5,390.8,390.7,391.87,11759985,46084.32,107475, 2735928, 23.26,2024-03-22
TATASTEEL,EQ, 22-Mar-2024,150.1,149.0,152.75,148.35,151.45,151.8,151.31,68241556,103253.87,311476, 18343685, 26.88,2024-03-22
TATATECH,EQ, 22-Mar-2024,1031.3,1031.0,1037.95,1027.0,1035.0,1032.0,1032.76,593736,6131.88,27418, 336508, 56.68,2024-03-22
TATSILV,EQ, 22-Mar-2024,7.46,7.43,7.46,7.3,7.34,7.34,7.34,346945,25.47,1257, 291823, 84.11,2024-03-22
TATVA,EQ, 22-Mar-2024,1163.3,1163.15,1189.0,1152.05,1160.5,1163.7,1169.21,25526,298.45,3363, 16351, 64.06,2024-03-22
TBZ,EQ, 22-Mar-2024,101.05,101.55,114.95,101.1,105.7,105.8,108.78,1181392,1285.13,17457, 313660, 26.55,2024-03-22
TCI,EQ, 22-Mar-2024,803.1,805.0,833.55,790.0,808.0,813.6,810.5,34135,276.66,4280, 17811, 52.18,2024-03-22
TCIEXP,EQ, 22-Mar-2024,1026.6,1030.0,1030.0,1012.3,1018.0,1015.45,1017.97,37617,382.93,4641, 24435, 64.96,2024-03-22
TCNSBRANDS,EQ, 22-Mar-2024,344.35,344.35,346.7,340.0,340.55,341.6,343.57,47542,163.34,1572, 31969, 67.24,2024-03-22
TCPLPACK,EQ, 22-Mar-2024,2213.5,2229.0,2229.0,2170.45,2206.0,2201.6,2188.78,3800,83.17,638, 2720, 71.58,2024-03-22
TCS,EQ, 22-Mar-2024,3972.95,3897.0,3938.0,3855.0,3909.0,3910.9,3903.24,5852485,228436.7,431155, 3246731, 55.48,2024-03-22
TDPOWERSYS,EQ, 22-Mar-2024,272.35,274.0,277.05,271.3,272.95,272.3,273.74,182648,499.99,8657, 85969, 47.07,2024-03-22
TEAMLEASE,EQ, 22-Mar-2024,2797.6,2797.6,2862.95,2759.2,2850.0,2848.1,2830.46,12688,359.13,3735, 7731, 60.93,2024-03-22
TECH,EQ, 22-Mar-2024,37.41,37.41,37.41,36.1,36.85,36.64,36.58,46670,17.07,1083, 36501, 78.21,2024-03-22
TECHM,EQ, 22-Mar-2024,1282.75,1258.5,1279.9,1236.1,1263.0,1262.65,1263.25,2990908,37782.63,170367, 1188527, 39.74,2024-03-22
TECHNOE,EQ, 22-Mar-2024,657.55,654.9,710.65,652.9,706.0,705.75,689.48,411704,2838.63,26840, 196054, 47.62,2024-03-22
TEGA,EQ, 22-Mar-2024,1257.05,1255.0,1280.0,1235.1,1235.1,1243.0,1259.89,35266,444.31,5065, 13466, 38.18,2024-03-22
TEJASNET,EQ, 22-Mar-2024,692.75,688.0,693.8,683.0,687.5,687.0,687.7,201522,1385.86,12084, 114814, 56.97,2024-03-22
TEMBO,EQ, 22-Mar-2024,270.55,272.7,273.8,260.35,267.0,268.55,269.19,208822,562.13,3271, 47748, 22.87,2024-03-22
TEXINFRA,EQ, 22-Mar-2024,95.0,95.0,97.95,95.0,97.1,96.85,96.81,466434,451.56,4095, 185829, 39.84,2024-03-22
TEXMOPIPES,EQ, 22-Mar-2024,80.25,79.0,84.0,78.55,80.5,80.15,81.28,152588,124.03,1425, 68823, 45.10,2024-03-22
TEXRAIL,EQ, 22-Mar-2024,165.55,167.0,170.9,161.25,164.05,162.8,165.62,4110079,6806.91,32048, 2228239, 54.21,2024-03-22
TFCILTD,EQ, 22-Mar-2024,175.85,175.0,178.8,171.4,172.4,172.85,174.62,2057148,3592.22,10767, 1231866, 59.88,2024-03-22
TFL,EQ, 22-Mar-2024,11.0,11.45,12.2,11.05,11.85,11.95,11.77,418377,49.24,1282, 210992, 50.43,2024-03-22
TGBHOTELS,EQ, 22-Mar-2024,13.75,14.2,14.4,13.8,14.4,14.4,14.28,41784,5.97,144, 33146, 79.33,2024-03-22
THANGAMAYL,EQ, 22-Mar-2024,1194.95,1206.0,1220.0,1190.0,1217.2,1208.65,1206.8,12563,151.61,1352, 8853, 70.47,2024-03-22
THEJO,EQ, 22-Mar-2024,2455.45,2497.0,2558.95,2379.0,2524.95,2498.85,2492.96,12426,309.78,2944, 5066, 40.77,2024-03-22
THEMISMED,EQ, 22-Mar-2024,222.45,217.0,227.4,217.0,217.0,218.3,219.94,47139,103.68,2825, 27508, 58.36,2024-03-22
THERMAX,EQ, 22-Mar-2024,3859.85,3859.95,3952.05,3841.7,3893.7,3898.85,3899.02,104721,4083.09,14165, 49645, 47.41,2024-03-22
THOMASCOOK,EQ, 22-Mar-2024,156.35,156.0,164.0,154.0,160.15,160.9,160.28,811405,1300.55,9796, 521778, 64.31,2024-03-22
THYROCARE,EQ, 22-Mar-2024,609.5,613.7,617.05,603.1,609.0,610.85,609.41,52102,317.51,6949, 25995, 49.89,2024-03-22
TI,EQ, 22-Mar-2024,197.4,196.9,201.35,196.5,199.45,198.9,199.47,629003,1254.68,13366, 376129, 59.80,2024-03-22
TIDEWATER,EQ, 22-Mar-2024,1411.45,1418.9,1466.3,1414.8,1422.0,1432.2,1437.36,36221,520.62,6159, 17926, 49.49,2024-03-22
TIIL,EQ, 22-Mar-2024,1767.1,1765.55,1778.9,1656.55,1683.0,1682.5,1700.93,26914,457.79,4246, 12851, 47.75,2024-03-22
TIINDIA,EQ, 22-Mar-2024,3707.1,3721.0,3772.05,3675.0,3727.0,3743.95,3726.3,121462,4526.04,20113, 66210, 54.51,2024-03-22
TIMETECHNO,EQ, 22-Mar-2024,209.4,209.4,223.7,209.25,220.0,220.35,219.17,4334476,9499.74,50646, 2091875, 48.26,2024-03-22
TIMKEN,EQ, 22-Mar-2024,2850.1,2850.0,2910.45,2841.0,2896.5,2894.1,2864.44,84335,2415.73,7578, 66261, 78.57,2024-03-22
TIPSINDLTD,EQ, 22-Mar-2024,476.85,478.45,487.9,474.1,478.0,477.55,481.44,204746,985.73,7368, 166989, 81.56,2024-03-22
TIRUMALCHM,EQ, 22-Mar-2024,240.65,240.65,253.9,238.15,245.05,245.5,248.63,762297,1895.27,24902, 242592, 31.82,2024-03-22
TITAGARH,EQ, 22-Mar-2024,892.05,888.95,908.45,871.6,885.9,885.9,890.97,883210,7869.13,36673, 220178, 24.93,2024-03-22
TITAN,EQ, 22-Mar-2024,3627.55,3627.55,3726.9,3621.25,3692.05,3706.7,3687.26,1281102,47237.6,135691, 569863, 44.48,2024-03-22
TMB,EQ, 22-Mar-2024,462.6,462.6,466.0,459.55,464.4,462.4,462.4,60997,282.05,4813, 39958, 65.51,2024-03-22
TNIDETF,EQ, 22-Mar-2024,78.7,78.71,79.69,76.83,78.9,78.64,77.76,23322,18.14,516, 14149, 60.67,2024-03-22
TNPETRO,EQ, 22-Mar-2024,80.7,81.15,82.5,80.55,80.95,80.8,81.61,364521,297.47,3205, 232826, 63.87,2024-03-22
TNPL,EQ, 22-Mar-2024,253.3,253.3,255.0,251.3,254.0,254.05,253.58,79984,202.82,2814, 48328, 60.42,2024-03-22
TOKYOPLAST,EQ, 22-Mar-2024,103.1,102.05,102.9,100.0,102.35,100.85,101.58,24895,25.29,409, 21019, 84.43,2024-03-22
TORNTPHARM,EQ, 22-Mar-2024,2554.4,2554.4,2575.55,2532.0,2551.7,2559.8,2549.69,133752,3410.26,21349, 77505, 57.95,2024-03-22
TORNTPOWER,EQ, 22-Mar-2024,1244.45,1244.45,1296.7,1226.0,1277.0,1283.65,1268.8,1177615,14941.56,54483, 276487, 23.48,2024-03-22
TOTAL,EQ, 22-Mar-2024,101.85,103.0,105.0,101.55,103.0,102.3,103.49,31098,32.18,391, 24312, 78.18,2024-03-22
TOUCHWOOD,EQ, 22-Mar-2024,160.55,166.0,166.0,156.2,157.1,157.75,158.62,6598,10.47,479, 2473, 37.48,2024-03-22
TPLPLASTEH,EQ, 22-Mar-2024,56.95,56.95,67.0,56.7,63.1,63.05,63.96,1367004,874.31,8082, 289827, 21.20,2024-03-22
TRACXN,EQ, 22-Mar-2024,85.95,86.4,90.45,86.1,87.95,87.75,88.48,1003659,888.03,8330, 472024, 47.03,2024-03-22
TREL,EQ, 22-Mar-2024,47.85,47.9,49.5,47.7,48.5,48.3,48.65,543227,264.28,2916, 272110, 50.09,2024-03-22
TRENT,EQ, 22-Mar-2024,4001.85,4010.0,4025.0,3921.95,3959.1,3948.6,3949.05,678055,26776.72,73457, 375703, 55.41,2024-03-22
TRIDENT,EQ, 22-Mar-2024,37.0,37.25,39.8,37.1,38.5,38.65,38.91,41484498,16141.15,54882, 6335608, 15.27,2024-03-22
TRIGYN,EQ, 22-Mar-2024,100.5,100.8,102.6,98.75,101.0,101.25,101.08,204746,206.96,3869, 94592, 46.20,2024-03-22
TRITURBINE,EQ, 22-Mar-2024,499.75,498.05,508.0,493.1,507.5,502.35,500.18,907958,4541.47,25454, 269445, 29.68,2024-03-22
TRIVENI,EQ, 22-Mar-2024,319.9,318.9,323.05,315.95,318.0,318.15,320.14,427686,1369.17,11049, 288821, 67.53,2024-03-22
TRU,EQ, 22-Mar-2024,62.55,61.1,62.45,60.05,60.2,60.65,61.19,882926,540.25,3593, 387075, 43.84,2024-03-22
TTKHLTCARE,EQ, 22-Mar-2024,1496.25,1502.85,1502.85,1485.05,1485.5,1493.15,1493.61,2724,40.69,464, 1474, 54.11,2024-03-22
TTKPRESTIG,EQ, 22-Mar-2024,702.95,700.0,712.0,695.0,697.0,700.15,700.65,44187,309.6,7302, 23316, 52.77,2024-03-22
TTL,EQ, 22-Mar-2024,111.3,111.9,113.15,109.65,110.35,110.9,111.46,14875,16.58,380, 6638, 44.63,2024-03-22
TTML,EQ, 22-Mar-2024,78.25,78.45,80.2,78.25,78.8,78.55,79.21,3558835,2818.8,19330, 1408766, 39.59,2024-03-22
TVSELECT,EQ, 22-Mar-2024,262.7,262.7,265.0,261.5,264.0,262.8,263.32,53838,141.76,3067, 31808, 59.08,2024-03-22
TVSHLTD,EQ, 22-Mar-2024,7998.85,8212.0,8448.0,8037.0,8040.0,8050.15,8183.64,20063,1641.88,5895, 7649, 38.12,2024-03-22
TVSMOTOR,EQ, 22-Mar-2024,2055.05,2062.0,2085.0,2034.5,2050.1,2050.8,2060.64,833468,17174.73,75696, 345062, 41.40,2024-03-22
TVSSCS,EQ, 22-Mar-2024,163.6,163.5,166.7,159.3,161.15,161.0,163.32,1046705,1709.47,16743, 546511, 52.21,2024-03-22
TVSSRICHAK,EQ, 22-Mar-2024,4088.35,4088.35,4125.15,4035.35,4124.9,4104.0,4089.11,3377,138.09,1241, 1988, 58.87,2024-03-22
TVTODAY,EQ, 22-Mar-2024,213.45,212.8,217.6,210.5,213.1,211.8,214.16,183927,393.9,6737, 95533, 51.94,2024-03-22
UBL,EQ, 22-Mar-2024,1720.7,1718.05,1740.9,1711.55,1718.2,1730.55,1728.55,237277,4101.45,24538, 131982, 55.62,2024-03-22
UCAL,EQ, 22-Mar-2024,145.95,149.0,153.0,143.0,153.0,151.75,148.73,24263,36.09,608, 15076, 62.14,2024-03-22
UCOBANK,EQ, 22-Mar-2024,50.8,51.0,52.1,50.8,51.35,51.5,51.51,10865434,5596.51,16912, 2833039, 26.07,2024-03-22
UDS,EQ, 22-Mar-2024,317.5,315.05,329.0,315.05,324.0,323.7,323.0,151865,490.53,7768, 95108, 62.63,2024-03-22
UFLEX,EQ, 22-Mar-2024,421.85,421.85,426.6,421.85,424.25,423.85,423.99,63618,269.73,2779, 51083, 80.30,2024-03-22
UFO,EQ, 22-Mar-2024,127.45,128.0,133.4,127.0,130.0,130.75,131.06,295103,386.75,5919, 125045, 42.37,2024-03-22
UGARSUGAR,EQ, 22-Mar-2024,69.95,70.45,71.2,69.5,70.0,69.8,70.46,441576,311.12,3656, 240096, 54.37,2024-03-22
UGROCAP,EQ, 22-Mar-2024,230.0,229.1,232.25,223.0,223.5,224.0,225.42,327146,737.44,12795, 191365, 58.50,2024-03-22
UJJIVAN,EQ, 22-Mar-2024,514.85,515.2,518.45,504.05,505.1,506.05,511.09,265373,1356.29,9234, 150673, 56.78,2024-03-22
UJJIVANSFB,EQ, 22-Mar-2024,45.95,46.2,46.95,45.65,45.95,46.1,46.35,9065521,4201.96,23791, 3899013, 43.01,2024-03-22
ULTRACEMCO,EQ, 22-Mar-2024,9600.75,9610.0,9751.8,9580.0,9654.2,9681.75,9675.98,224511,21723.64,65273, 88740, 39.53,2024-03-22
UMANGDAIRY,EQ, 22-Mar-2024,77.0,77.0,82.8,76.0,78.05,78.1,79.45,169890,134.98,1527, 50162, 29.53,2024-03-22
UNICHEMLAB,EQ, 22-Mar-2024,504.15,504.15,510.0,491.05,505.0,498.0,503.4,12375,62.3,1740, 5320, 42.99,2024-03-22
UNIDT,EQ, 22-Mar-2024,235.5,238.25,245.0,233.15,241.0,240.7,237.17,47797,113.36,1478, 33909, 70.94,2024-03-22
UNIENTER,EQ, 22-Mar-2024,136.35,136.4,139.2,134.5,136.45,135.8,137.26,14934,20.5,354, 10706, 71.69,2024-03-22
UNIONBANK,EQ, 22-Mar-2024,146.8,148.5,150.85,147.6,148.3,148.1,149.29,18104178,27028.07,71193, 6539715, 36.12,2024-03-22
UNIPARTS,EQ, 22-Mar-2024,545.0,545.2,555.05,541.1,548.9,548.65,549.17,117824,647.06,8179, 66657, 56.57,2024-03-22
UNITEDPOLY,EQ, 22-Mar-2024,94.3,94.3,95.7,92.3,94.2,94.4,94.23,7361,6.94,137, 4326, 58.77,2024-03-22
UNITEDTEA,EQ, 22-Mar-2024,319.85,326.0,326.0,315.05,317.95,317.7,321.0,3028,9.72,170, 2095, 69.19,2024-03-22
UNIVASTU,EQ, 22-Mar-2024,146.5,149.6,150.0,143.0,145.0,144.15,145.47,4038,5.87,148, 2669, 66.10,2024-03-22
UNIVCABLES,EQ, 22-Mar-2024,413.45,415.3,436.8,409.1,421.0,420.05,422.38,31344,132.39,2511, 19671, 62.76,2024-03-22
UNIVPHOTO,EQ, 22-Mar-2024,354.0,353.25,361.0,351.0,351.05,353.75,354.86,2073,7.36,244, 1152, 55.57,2024-03-22
UNOMINDA,EQ, 22-Mar-2024,649.85,647.05,653.0,641.5,649.0,649.2,648.7,431106,2796.6,32961, 316803, 73.49,2024-03-22
UPL,EQ, 22-Mar-2024,455.55,455.6,474.35,455.0,469.6,470.0,467.02,7019704,32783.36,92216, 2559312, 36.46,2024-03-22
URAVI,EQ, 22-Mar-2024,337.2,360.2,368.0,326.95,337.0,339.05,357.58,280432,1002.76,9899, 83304, 29.71,2024-03-22
USHAMART,EQ, 22-Mar-2024,293.6,295.85,302.25,292.55,298.5,299.1,298.59,581624,1736.66,17437, 299401, 51.48,2024-03-22
UTIAMC,EQ, 22-Mar-2024,824.95,819.75,839.0,819.55,835.15,834.6,832.57,40856,340.16,3247, 20491, 50.15,2024-03-22
UTIBANKETF,EQ, 22-Mar-2024,47.53,47.85,48.35,47.2,47.58,47.65,47.71,136993,65.36,442, 100565, 73.41,2024-03-22
UTINEXT50,EQ, 22-Mar-2024,62.31,62.97,62.97,62.3,62.74,62.66,62.47,35372,22.1,278, 27004, 76.34,2024-03-22
UTINIFTETF,EQ, 22-Mar-2024,237.25,240.25,240.25,234.55,238.18,238.21,237.21,15079,35.77,145, 14468, 95.95,2024-03-22
UTISENSETF,EQ, 22-Mar-2024,782.1,797.74,797.74,774.01,788.51,788.11,783.17,303,2.37,64, 171, 56.44,2024-03-22
UTISXN50,EQ, 22-Mar-2024,73.3,74.77,74.77,72.64,73.5,73.5,73.41,388,0.28,44, 311, 80.15,2024-03-22
UTKARSHBNK,EQ, 22-Mar-2024,48.35,48.35,49.7,48.35,49.3,49.25,49.25,2106879,1037.67,6153, 1094100, 51.93,2024-03-22
UTTAMSUGAR,EQ, 22-Mar-2024,331.15,331.15,341.7,329.7,336.45,336.0,336.61,87260,293.73,4017, 45852, 52.55,2024-03-22
V2RETAIL,EQ, 22-Mar-2024,402.85,393.0,422.95,393.0,422.95,422.95,419.62,117375,492.52,1052, 110877, 94.46,2024-03-22
VADILALIND,EQ, 22-Mar-2024,3679.65,3710.0,4390.0,3661.35,4261.0,4294.15,4153.18,173460,7204.1,27311, 32266, 18.60,2024-03-22
VAIBHAVGBL,EQ, 22-Mar-2024,371.9,370.55,387.7,370.0,378.0,378.1,380.47,446897,1700.31,23273, 169719, 37.98,2024-03-22
VAISHALI,EQ, 22-Mar-2024,140.1,140.8,147.95,136.05,138.0,138.4,141.32,218946,309.41,1040, 176549, 80.64,2024-03-22
VAKRANGEE,EQ, 22-Mar-2024,19.95,19.9,20.7,19.8,20.3,20.2,20.3,7660064,1555.09,9443, 2722250, 35.54,2024-03-22
VALIANTLAB,EQ, 22-Mar-2024,148.3,150.0,152.45,145.2,147.25,147.75,147.29,306940,452.08,3794, 198829, 64.78,2024-03-22
VALIANTORG,EQ, 22-Mar-2024,403.3,407.95,417.0,404.35,415.75,412.8,412.76,81040,334.5,8220, 47379, 58.46,2024-03-22
VARDHACRLC,EQ, 22-Mar-2024,55.1,54.8,56.35,54.5,55.35,55.15,55.54,66064,36.69,752, 39629, 59.99,2024-03-22
VARROC,EQ, 22-Mar-2024,495.45,497.0,513.75,496.05,512.9,511.55,507.0,223179,1131.51,15953, 97212, 43.56,2024-03-22
VASCONEQ,EQ, 22-Mar-2024,61.05,61.0,64.65,60.5,63.5,63.75,63.07,3201626,2019.13,11744, 1389094, 43.39,2024-03-22
VBL,EQ, 22-Mar-2024,1400.25,1400.0,1407.6,1382.05,1401.95,1402.4,1401.96,1269431,17796.85,65077, 956079, 75.32,2024-03-22
VEDL,EQ, 22-Mar-2024,273.4,273.0,274.4,269.9,271.35,271.1,271.98,9338889,25399.71,68584, 4719388, 50.53,2024-03-22
VENKEYS,EQ, 22-Mar-2024,1605.15,1606.5,1619.0,1594.0,1601.8,1601.45,1607.99,30257,486.53,3682, 18844, 62.28,2024-03-22
VENUSPIPES,EQ, 22-Mar-2024,1811.5,1803.05,1814.9,1769.95,1785.0,1791.5,1789.66,117758,2107.47,8000, 80317, 68.21,2024-03-22
VENUSREM,EQ, 22-Mar-2024,324.4,323.0,326.2,315.65,317.2,317.5,318.63,33317,106.16,1827, 20252, 60.79,2024-03-22
VERANDA,EQ, 22-Mar-2024,189.2,189.1,196.75,187.8,194.7,191.95,192.01,208840,400.99,10011, 107792, 51.61,2024-03-22
VESUVIUS,EQ, 22-Mar-2024,3351.2,3384.0,3445.0,3335.05,3430.0,3431.75,3424.08,23220,795.07,1766, 19636, 84.57,2024-03-22
VETO,EQ, 22-Mar-2024,123.75,124.0,130.0,123.8,126.05,126.75,127.06,153358,194.85,2245, 59937, 39.08,2024-03-22
VGUARD,EQ, 22-Mar-2024,319.95,321.0,324.95,318.15,321.5,321.9,322.0,120870,389.21,7094, 42447, 35.12,2024-03-22
VHL,EQ, 22-Mar-2024,2833.8,2868.95,2870.0,2835.0,2869.0,2861.0,2857.18,614,17.54,209, 489, 79.64,2024-03-22
VIDHIING,EQ, 22-Mar-2024,462.0,459.0,494.7,459.0,466.0,466.85,479.92,598926,2874.36,27757, 187563, 31.32,2024-03-22
VIJAYA,EQ, 22-Mar-2024,627.85,627.85,634.4,622.25,634.0,630.9,625.48,77292,483.45,17634, 48038, 62.15,2024-03-22
VIKASECO,EQ, 22-Mar-2024,3.7,3.7,3.75,3.65,3.7,3.7,3.68,5679264,209.18,6224, 2810571, 49.49,2024-03-22
VIMTALABS,EQ, 22-Mar-2024,452.8,454.85,458.75,445.15,448.4,449.05,451.9,10163,45.93,1052, 4928, 48.49,2024-03-22
VINATIORGA,EQ, 22-Mar-2024,1599.2,1600.0,1609.0,1583.75,1586.0,1585.7,1591.09,35469,564.34,5267, 23113, 65.16,2024-03-22
VINDHYATEL,EQ, 22-Mar-2024,2126.0,2126.0,2169.75,2109.0,2131.25,2129.6,2131.85,30462,649.4,6257, 17772, 58.34,2024-03-22
VINYLINDIA,EQ, 22-Mar-2024,339.4,342.0,354.45,340.1,343.25,344.25,346.98,74674,259.1,5248, 40142, 53.76,2024-03-22
VIPCLOTHNG,EQ, 22-Mar-2024,34.55,34.5,35.75,34.45,35.6,35.5,35.41,336664,119.2,1203, 206673, 61.39,2024-03-22
VIPIND,EQ, 22-Mar-2024,458.1,461.15,464.35,455.55,463.7,462.45,461.36,664884,3067.5,15853, 417386, 62.78,2024-03-22
VIRINCHI,EQ, 22-Mar-2024,29.95,30.05,31.65,29.85,31.25,31.05,30.91,1112705,343.94,2899, 603831, 54.27,2024-03-22
VISAKAIND,EQ, 22-Mar-2024,108.9,108.9,114.3,108.1,114.3,114.3,113.21,291446,329.95,1986, 227328, 78.00,2024-03-22
VISHNU,EQ, 22-Mar-2024,303.0,299.95,308.1,295.05,306.5,302.35,302.94,188673,571.57,8178, 112377, 59.56,2024-03-22
VISHWARAJ,EQ, 22-Mar-2024,15.3,15.3,15.65,15.2,15.3,15.3,15.37,1004541,154.43,1832, 611504, 60.87,2024-03-22
VLSFINANCE,EQ, 22-Mar-2024,235.85,237.05,247.95,233.85,244.9,244.3,241.35,120272,290.28,7825, 43052, 35.80,2024-03-22
VMART,EQ, 22-Mar-2024,2004.9,1983.05,2029.5,1981.55,2020.0,2016.05,2010.94,13293,267.31,3252, 5549, 41.74,2024-03-22
VOLTAMP,EQ, 22-Mar-2024,8507.75,8600.0,9099.0,8556.85,8990.0,9019.25,8896.56,38191,3397.69,11181, 19449, 50.93,2024-03-22
VOLTAS,EQ, 22-Mar-2024,1083.95,1090.0,1090.0,1061.7,1068.7,1064.95,1072.31,935122,10027.4,49977, 301061, 32.19,2024-03-22
VPRPL,EQ, 22-Mar-2024,156.65,156.3,160.0,156.1,158.35,158.3,158.42,449976,712.87,7024, 270072, 60.02,2024-03-22
VRLLOG,EQ, 22-Mar-2024,576.8,576.0,577.3,566.3,567.05,570.35,571.78,38419,219.67,3837, 18292, 47.61,2024-03-22
VSSL,EQ, 22-Mar-2024,206.8,206.8,210.6,206.2,206.5,208.4,209.55,151234,316.91,11002, 122064, 80.71,2024-03-22
VSTIND,EQ, 22-Mar-2024,3586.1,3580.0,3613.15,3570.0,3600.0,3596.25,3590.56,2272,81.58,732, 1361, 59.90,2024-03-22
VSTL,EQ, 22-Mar-2024,266.7,269.5,272.1,264.1,265.7,266.05,267.7,126910,339.73,5846, 76411, 60.21,2024-03-22
VSTTILLERS,EQ, 22-Mar-2024,3156.15,3167.05,3398.8,3152.55,3385.0,3381.95,3318.82,16512,548.0,3993, 10341, 62.63,2024-03-22
VTL,EQ, 22-Mar-2024,433.05,433.05,440.1,427.6,438.5,439.3,435.31,183297,797.91,8783, 103558, 56.50,2024-03-22
WABAG,EQ, 22-Mar-2024,723.6,726.2,749.3,722.25,735.0,736.8,738.01,392003,2893.04,22518, 189113, 48.24,2024-03-22
WEALTH,EQ, 22-Mar-2024,623.05,634.8,635.0,583.75,625.0,617.0,611.08,7449,45.52,1368, 3010, 40.41,2024-03-22
WEBELSOLAR,EQ, 22-Mar-2024,399.5,419.45,419.45,412.25,419.4,419.25,418.5,500128,2093.06,4359, 257094, 51.41,2024-03-22
WEIZMANIND,EQ, 22-Mar-2024,102.45,105.0,105.0,97.35,99.5,100.35,100.81,9941,10.02,214, 6270, 63.07,2024-03-22
WEL,EQ, 22-Mar-2024,566.9,568.45,595.2,568.45,595.2,595.2,588.58,6002,35.33,308, 4430, 73.81,2024-03-22
WELCORP,EQ, 22-Mar-2024,524.15,526.4,544.5,522.0,534.0,535.95,537.53,491887,2644.05,18840, 196158, 39.88,2024-03-22
WELENT,EQ, 22-Mar-2024,307.9,307.9,315.95,304.15,307.4,307.1,310.31,163375,506.96,8712, 77922, 47.70,2024-03-22
WELINV,EQ, 22-Mar-2024,777.0,814.9,814.95,776.0,811.4,791.75,795.75,676,5.38,205, 451, 66.72,2024-03-22
WELSPUNLIV,EQ, 22-Mar-2024,141.35,142.0,146.5,140.55,142.0,141.65,142.85,3496196,4994.41,24294, 1344747, 38.46,2024-03-22
WENDT,EQ, 22-Mar-2024,10889.15,10853.3,11159.85,10710.7,11144.0,11061.9,11032.52,383,42.25,274, 182, 47.52,2024-03-22
WESTLIFE,EQ, 22-Mar-2024,744.7,746.95,766.0,746.9,758.6,761.1,757.53,40324,305.47,5252, 17071, 42.33,2024-03-22
WEWIN,EQ, 22-Mar-2024,69.95,69.5,70.1,65.15,67.8,67.2,67.29,28504,19.18,1179, 17264, 60.57,2024-03-22
WHEELS,EQ, 22-Mar-2024,576.65,570.0,598.85,570.0,588.05,589.55,588.68,53001,312.0,3733, 36160, 68.23,2024-03-22
WHIRLPOOL,EQ, 22-Mar-2024,1254.75,1254.7,1254.75,1231.0,1235.4,1237.45,1237.49,116366,1440.02,9834, 61959, 53.24,2024-03-22
WILLAMAGOR,EQ, 22-Mar-2024,34.8,35.0,35.0,32.85,33.0,33.15,33.52,14825,4.97,319, 9563, 64.51,2024-03-22
WINDLAS,EQ, 22-Mar-2024,528.15,530.7,534.7,521.05,528.05,531.15,527.91,44541,235.14,4767, 18709, 42.00,2024-03-22
WINDMACHIN,EQ, 22-Mar-2024,67.55,66.5,70.5,66.5,69.2,68.95,69.05,111141,76.74,1268, 80389, 72.33,2024-03-22
WIPRO,EQ, 22-Mar-2024,500.45,489.25,490.75,479.55,488.15,487.1,485.76,14323251,69577.32,213879, 3906216, 27.27,2024-03-22
WONDERLA,EQ, 22-Mar-2024,881.55,884.45,915.0,884.45,902.5,903.15,903.2,49252,444.84,6884, 21594, 43.84,2024-03-22
WORTH,EQ, 22-Mar-2024,106.15,105.8,108.5,105.5,106.95,106.85,107.04,44225,47.34,240, 40172, 90.84,2024-03-22
WSI,EQ, 22-Mar-2024,146.0,147.0,155.0,144.1,146.0,145.85,150.17,241669,362.92,8256, 130933, 54.18,2024-03-22
WSTCSTPAPR,EQ, 22-Mar-2024,599.9,609.7,615.2,595.5,596.0,596.8,604.0,163556,987.88,8030, 106946, 65.39,2024-03-22
XCHANGING,EQ, 22-Mar-2024,118.05,118.1,121.3,117.35,119.3,118.9,119.54,328233,392.39,4652, 160580, 48.92,2024-03-22
XPROINDIA,EQ, 22-Mar-2024,1111.25,1113.4,1126.2,1086.05,1115.25,1115.25,1111.71,22924,254.85,4410, 11766, 51.33,2024-03-22
YASHO,EQ, 22-Mar-2024,1634.2,1646.85,1682.95,1618.55,1650.0,1657.7,1656.32,21679,359.07,4324, 12410, 57.24,2024-03-22
YATHARTH,EQ, 22-Mar-2024,414.15,414.15,418.5,404.9,406.85,406.7,410.61,131054,538.12,9600, 61819, 47.17,2024-03-22
YATRA,EQ, 22-Mar-2024,147.85,149.9,154.65,146.75,151.1,152.8,151.56,243957,369.73,6159, 144541, 59.25,2024-03-22
YESBANK,EQ, 22-Mar-2024,23.4,23.4,24.2,23.2,23.85,23.9,23.82,261281861,62243.5,186587, 53198932, 20.36,2024-03-22
YUKEN,EQ, 22-Mar-2024,736.7,740.3,757.05,731.9,749.95,749.4,750.55,9402,70.57,897, 6861, 72.97,2024-03-22
ZAGGLE,EQ, 22-Mar-2024,298.8,299.0,303.7,290.55,294.0,293.6,298.47,1083398,3233.59,9084, 643765, 59.42,2024-03-22
ZEEL,EQ, 22-Mar-2024,140.9,140.9,144.8,140.5,142.35,142.45,142.86,15330156,21900.02,48945, 8524279, 55.60,2024-03-22
ZEEMEDIA,EQ, 22-Mar-2024,10.95,11.0,11.35,10.9,11.05,11.05,11.11,8547377,949.77,4405, 2001213, 23.41,2024-03-22
ZENITHEXPO,EQ, 22-Mar-2024,162.35,169.9,169.95,164.1,164.1,165.55,167.22,683,1.14,75, 361, 52.86,2024-03-22
ZENITHSTL,EQ, 22-Mar-2024,7.9,8.2,8.25,7.75,8.25,8.25,8.18,248473,20.32,792, 160594, 64.63,2024-03-22
ZENSARTECH,EQ, 22-Mar-2024,591.2,584.15,591.4,578.6,590.7,590.3,586.79,942129,5528.31,30961, 385131, 40.88,2024-03-22
ZENTEC,EQ, 22-Mar-2024,897.0,908.95,908.95,872.0,886.0,883.0,887.28,178760,1586.11,7180, 117511, 65.74,2024-03-22
ZFCVINDIA,EQ, 22-Mar-2024,15284.95,15368.0,15398.4,15211.2,15356.3,15359.4,15324.2,2354,360.73,1422, 1131, 48.05,2024-03-22
ZIMLAB,EQ, 22-Mar-2024,100.65,100.65,101.1,98.85,99.3,99.65,100.11,72672,72.75,1030, 45920, 63.19,2024-03-22
ZODIACLOTH,EQ, 22-Mar-2024,109.0,109.0,110.65,106.55,109.95,109.15,108.63,40192,43.66,735, 24147, 60.08,2024-03-22
ZOMATO,EQ, 22-Mar-2024,169.65,170.45,174.9,169.05,173.7,174.2,172.96,41776494,72255.53,197095, 23365858, 55.93,2024-03-22
ZOTA,EQ, 22-Mar-2024,468.5,469.0,485.9,468.15,477.0,478.25,477.22,16681,79.61,1578, 8009, 48.01,2024-03-22
ZUARI,EQ, 22-Mar-2024,172.45,173.5,183.35,172.5,180.3,180.45,178.02,395679,704.38,16207, 178440, 45.10,2024-03-22
ZUARIIND,EQ, 22-Mar-2024,315.7,315.0,323.45,307.55,318.0,319.15,316.13,160888,508.62,8685, 80095, 49.78,2024-03-22
ZYDUSLIFE,EQ, 22-Mar-2024,993.15,993.0,1006.9,982.35,998.9,999.75,994.09,1181935,11749.44,53792, 610934, 51.69,2024-03-22
ZYDUSWELL,EQ, 22-Mar-2024,1479.7,1479.7,1508.0,1479.7,1499.0,1493.75,1493.71,19081,285.01,3786, 11606, 60.82,2024-03-22
