sector_normalized,date,source,auc_equity_crore,net_inv_equity_crore,auc_pct_of_total,auc_z52,net_z52,qoq_auc_delta_pct,fpi_signal,signal_score
AUTO,2012-04-15,CDSL,49309.0,-47.0,5.3234,,,,NEUTRAL,0.0
CAPITAL_GOODS,2012-04-15,CDSL,81100.0,343.0,8.7556,,,,NEUTRAL,0.0
CEMENT,2012-04-15,CDSL,20445.0,82.0,2.2072,,,,NEUTRAL,0.0
CHEMICALS,2012-04-15,CDSL,8082.0,-25.0,0.8725,,,,NEUTRAL,0.0
COMMODITIES,2012-04-15,CDSL,438.0,8.0,0.0473,,,,NEUTRAL,0.0
ENERGY,2012-04-15,CDSL,77059.0,2139.0,8.3193,,,,NEUTRAL,0.0
FINANCIAL_SERVICES,2012-04-15,CDSL,271191.0,6462.0,29.2779,,,,NEUTRAL,0.0
FMCG,2012-04-15,CDSL,86410.0,391.0,9.3289,,,,NEUTRAL,0.0
HEALTHCARE,2012-04-15,CDSL,4991.0,-28.0,0.5388,,,,NEUTRAL,0.0
INFRASTRUCTURE,2012-04-15,CDSL,36426.0,38.0,3.9326,,,,NEUTRAL,0.0
IT,2012-04-15,CDSL,110346.0,-302.0,11.913,,,,NEUTRAL,0.0
LOGISTICS,2012-04-15,CDSL,10084.0,14.0,1.0887,,,,NEUTRAL,0.0
MEDIA,2012-04-15,CDSL,8970.0,13.0,0.9684,,,,NEUTRAL,0.0
METAL,2012-04-15,CDSL,40556.0,-70.0,4.3784,,,,NEUTRAL,0.0
PHARMA,2012-04-15,CDSL,48421.0,191.0,5.2275,,,,NEUTRAL,0.0
REALTY,2012-04-15,CDSL,15766.0,39.0,1.7021,,,,NEUTRAL,0.0
SERVICES,2012-04-15,CDSL,14722.0,38.0,1.5894,,,,NEUTRAL,0.0
TELECOM,2012-04-15,CDSL,27804.0,152.0,3.0017,,,,NEUTRAL,0.0
TEXTILES,2012-04-15,CDSL,14146.0,236.0,1.5272,,,,NEUTRAL,0.0
AUTO,2012-04-30,CDSL,47347.0,697.0,5.3996,,,,NEUTRAL,0.0
CAPITAL_GOODS,2012-04-30,CDSL,78987.0,-50.0,9.008,,,,NEUTRAL,0.0
CEMENT,2012-04-30,CDSL,15839.0,114.0,1.8063,,,,NEUTRAL,0.0
CHEMICALS,2012-04-30,CDSL,8270.0,113.0,0.9431,,,,NEUTRAL,0.0
COMMODITIES,2012-04-30,CDSL,612.0,26.0,0.0698,,,,NEUTRAL,0.0
ENERGY,2012-04-30,CDSL,66597.0,-1012.0,7.595,,,,NEUTRAL,0.0
FINANCIAL_SERVICES,2012-04-30,CDSL,255791.0,-284.0,29.1714,,,,NEUTRAL,0.0
FMCG,2012-04-30,CDSL,87739.0,634.0,10.0061,,,,NEUTRAL,0.0
HEALTHCARE,2012-04-30,CDSL,6096.0,-52.0,0.6952,,,,NEUTRAL,0.0
INFRASTRUCTURE,2012-04-30,CDSL,32152.0,-132.0,3.6667,,,,NEUTRAL,0.0
IT,2012-04-30,CDSL,101470.0,-2863.0,11.572,,,,NEUTRAL,0.0
LOGISTICS,2012-04-30,CDSL,9580.0,-170.0,1.0925,,,,NEUTRAL,0.0
MEDIA,2012-04-30,CDSL,7940.0,-231.0,0.9055,,,,NEUTRAL,0.0
METAL,2012-04-30,CDSL,38284.0,-458.0,4.3661,,,,NEUTRAL,0.0
PHARMA,2012-04-30,CDSL,50003.0,928.0,5.7025,,,,NEUTRAL,0.0
REALTY,2012-04-30,CDSL,15508.0,-136.0,1.7686,,,,NEUTRAL,0.0
SERVICES,2012-04-30,CDSL,15907.0,174.0,1.8141,,,,NEUTRAL,0.0
TELECOM,2012-04-30,CDSL,23352.0,-234.0,2.6632,,,,NEUTRAL,0.0
TEXTILES,2012-04-30,CDSL,15382.0,223.0,1.7542,,,,NEUTRAL,0.0
AUTO,2012-05-15,NSDL,46368.0,47.0,5.301,,,,NEUTRAL,0.0
CAPITAL_GOODS,2012-05-15,NSDL,76511.0,150.0,8.7471,,,,NEUTRAL,0.0
CEMENT,2012-05-15,NSDL,18871.0,160.0,2.1574,,,,NEUTRAL,0.0
CHEMICALS,2012-05-15,NSDL,7593.0,43.0,0.8681,,,,NEUTRAL,0.0
COMMODITIES,2012-05-15,NSDL,423.0,20.0,0.0484,,,,NEUTRAL,0.0
ENERGY,2012-05-15,NSDL,70710.0,-745.0,8.0839,,,,NEUTRAL,0.0
FINANCIAL_SERVICES,2012-05-15,NSDL,247078.0,-874.0,28.2471,,,,NEUTRAL,0.0
FMCG,2012-05-15,NSDL,85721.0,777.0,9.8,,,,NEUTRAL,0.0
HEALTHCARE,2012-05-15,NSDL,5041.0,-31.0,0.5763,,,,NEUTRAL,0.0
INFRASTRUCTURE,2012-05-15,NSDL,31882.0,25.0,3.6449,,,,NEUTRAL,0.0
IT,2012-05-15,NSDL,114190.0,-372.0,13.0547,,,,NEUTRAL,0.0
LOGISTICS,2012-05-15,NSDL,8825.0,-236.0,1.0089,,,,NEUTRAL,0.0
MEDIA,2012-05-15,NSDL,8720.0,-69.0,0.9969,,,,NEUTRAL,0.0
METAL,2012-05-15,NSDL,37876.0,-353.0,4.3302,,,,NEUTRAL,0.0
PHARMA,2012-05-15,NSDL,48906.0,917.0,5.5912,,,,NEUTRAL,0.0
REALTY,2012-05-15,NSDL,13649.0,-150.0,1.5604,,,,NEUTRAL,0.0
SERVICES,2012-05-15,NSDL,13328.0,116.0,1.5237,,,,NEUTRAL,0.0
TELECOM,2012-05-15,NSDL,25526.0,-102.0,2.9182,,,,NEUTRAL,0.0
TEXTILES,2012-05-15,NSDL,13485.0,325.0,1.5417,,,,NEUTRAL,0.0
AUTO,2012-05-31,NSDL,44420.0,-752.0,5.1029,,,,NEUTRAL,0.0
CAPITAL_GOODS,2012-05-31,NSDL,70635.0,-1672.0,8.1145,,,,NEUTRAL,0.0
CEMENT,2012-05-31,NSDL,18997.0,268.0,2.1823,,,,NEUTRAL,0.0
CHEMICALS,2012-05-31,NSDL,7402.0,-28.0,0.8503,,,,NEUTRAL,0.0
COMMODITIES,2012-05-31,NSDL,431.0,8.0,0.0495,,,,NEUTRAL,0.0
ENERGY,2012-05-31,NSDL,72133.0,-1078.0,8.2865,,,,NEUTRAL,0.0
FINANCIAL_SERVICES,2012-05-31,NSDL,249369.0,-1149.0,28.6472,,,,NEUTRAL,0.0
FMCG,2012-05-31,NSDL,85502.0,1045.0,9.8224,,,,NEUTRAL,0.0
HEALTHCARE,2012-05-31,NSDL,5135.0,7.0,0.5899,,,,NEUTRAL,0.0
INFRASTRUCTURE,2012-05-31,NSDL,32042.0,-4.0,3.6809,,,,NEUTRAL,0.0
IT,2012-05-31,NSDL,115738.0,1169.0,13.2958,,,,NEUTRAL,0.0
LOGISTICS,2012-05-31,NSDL,9111.0,-3.0,1.0467,,,,NEUTRAL,0.0
MEDIA,2012-05-31,NSDL,8768.0,-11.0,1.0073,,,,NEUTRAL,0.0
METAL,2012-05-31,NSDL,36614.0,-380.0,4.2062,,,,NEUTRAL,0.0
PHARMA,2012-05-31,NSDL,48127.0,-27.0,5.5288,,,,NEUTRAL,0.0
REALTY,2012-05-31,NSDL,13714.0,-65.0,1.5754,,,,NEUTRAL,0.0
SERVICES,2012-05-31,NSDL,13946.0,105.0,1.6021,,,,NEUTRAL,0.0
TELECOM,2012-05-31,NSDL,25151.0,287.0,2.8893,,,,NEUTRAL,0.0
TEXTILES,2012-05-31,NSDL,13249.0,230.0,1.522,,,,NEUTRAL,0.0
AUTO,2012-06-15,NSDL,46102.0,-658.0,5.1477,,,,NEUTRAL,0.0
CAPITAL_GOODS,2012-06-15,NSDL,72498.0,-1280.0,8.095,,,,NEUTRAL,0.0
CEMENT,2012-06-15,NSDL,20326.0,218.0,2.2696,,,,NEUTRAL,0.0
CHEMICALS,2012-06-15,NSDL,7337.0,-39.0,0.8192,,,,NEUTRAL,0.0
COMMODITIES,2012-06-15,NSDL,416.0,1.0,0.0465,,,,NEUTRAL,0.0
ENERGY,2012-06-15,NSDL,74518.0,-395.0,8.3206,,,,NEUTRAL,0.0
FINANCIAL_SERVICES,2012-06-15,NSDL,259548.0,682.0,28.9808,,,,NEUTRAL,0.0
FMCG,2012-06-15,NSDL,89707.0,571.0,10.0166,,,,NEUTRAL,0.0
HEALTHCARE,2012-06-15,NSDL,4814.0,-19.0,0.5375,,,,NEUTRAL,0.0
INFRASTRUCTURE,2012-06-15,NSDL,33083.0,-25.0,3.694,,,,NEUTRAL,0.0
IT,2012-06-15,NSDL,117486.0,-324.0,13.1183,,,,NEUTRAL,0.0
LOGISTICS,2012-06-15,NSDL,9104.0,175.0,1.0165,,,,NEUTRAL,0.0
MEDIA,2012-06-15,NSDL,8926.0,-112.0,0.9967,,,,NEUTRAL,0.0
METAL,2012-06-15,NSDL,37089.0,-191.0,4.1413,,,,NEUTRAL,0.0
PHARMA,2012-06-15,NSDL,48157.0,-108.0,5.3771,,,,NEUTRAL,0.0
REALTY,2012-06-15,NSDL,14238.0,40.0,1.5898,,,,NEUTRAL,0.0
SERVICES,2012-06-15,NSDL,13039.0,-10.0,1.4559,,,,NEUTRAL,0.0
TELECOM,2012-06-15,NSDL,25750.0,-35.0,2.8752,,,,NEUTRAL,0.0
TEXTILES,2012-06-15,NSDL,13448.0,97.0,1.5016,,,,NEUTRAL,0.0
AUTO,2012-06-30,NSDL,47622.0,-567.0,5.1642,0.461,-0.638,,DISTRIBUTION,-0.088
CAPITAL_GOODS,2012-06-30,NSDL,74325.0,-699.0,8.0599,-0.341,-0.201,,NEUTRAL,-0.271
CEMENT,2012-06-30,NSDL,21549.0,404.0,2.3368,1.115,1.67,,STRONG_ACCUMULATION,1.393
CHEMICALS,2012-06-30,NSDL,7680.0,64.0,0.8328,-0.127,0.694,,ACCUMULATION,0.283
COMMODITIES,2012-06-30,NSDL,399.0,-2.0,0.0433,-0.686,-1.121,,DISTRIBUTION,-0.903
ENERGY,2012-06-30,NSDL,76272.0,80.0,8.2711,0.867,0.206,,NEUTRAL,0.536
FINANCIAL_SERVICES,2012-06-30,NSDL,266795.0,-215.0,28.9317,0.894,-0.345,,NEUTRAL,0.275
FMCG,2012-06-30,NSDL,93432.0,779.0,10.1319,1.755,0.357,,NEUTRAL,1.056
HEALTHCARE,2012-06-30,NSDL,4783.0,-38.0,0.5187,-0.742,-0.561,,DISTRIBUTION,-0.651
INFRASTRUCTURE,2012-06-30,NSDL,35636.0,222.0,3.8644,1.054,1.741,,STRONG_ACCUMULATION,1.397
IT,2012-06-30,NSDL,118544.0,-334.0,12.8551,0.883,0.131,,NEUTRAL,0.507
LOGISTICS,2012-06-30,NSDL,9478.0,96.0,1.0278,0.256,0.747,,ACCUMULATION,0.502
MEDIA,2012-06-30,NSDL,9658.0,-100.0,1.0473,1.5,-0.173,,NEUTRAL,0.663
METAL,2012-06-30,NSDL,38719.0,82.0,4.1988,0.38,1.5,,ACCUMULATION,0.94
PHARMA,2012-06-30,NSDL,50622.0,406.0,5.4895,1.517,0.047,,NEUTRAL,0.782
REALTY,2012-06-30,NSDL,14675.0,62.0,1.5914,0.093,1.024,,ACCUMULATION,0.558
SERVICES,2012-06-30,NSDL,12912.0,-196.0,1.4002,-0.918,-1.782,,DISTRIBUTION,-1.35
TELECOM,2012-06-30,NSDL,25102.0,-312.0,2.7221,-0.241,-1.192,,DISTRIBUTION,-0.716
TEXTILES,2012-06-30,NSDL,13951.0,28.0,1.5129,0.01,-1.504,,DISTRIBUTION,-0.747
AUTO,2012-07-15,NSDL,47654.0,159.0,5.1602,0.443,0.607,-3.36,ACCUMULATION,0.525
CAPITAL_GOODS,2012-07-15,NSDL,74506.0,267.0,8.0678,-0.275,0.852,-8.13,ACCUMULATION,0.288
CEMENT,2012-07-15,NSDL,21728.0,434.0,2.3528,1.013,1.413,6.28,STRONG_ACCUMULATION,1.213
CHEMICALS,2012-07-15,NSDL,7730.0,190.0,0.837,0.007,1.702,-4.36,ACCUMULATION,0.854
COMMODITIES,2012-07-15,NSDL,393.0,-7.0,0.0426,-0.682,-1.243,-10.27,DISTRIBUTION,-0.963
ENERGY,2012-07-15,NSDL,75964.0,1531.0,8.2257,0.704,1.141,-1.42,ACCUMULATION,0.922
FINANCIAL_SERVICES,2012-07-15,NSDL,274094.0,545.0,29.6801,1.285,-0.074,1.07,NEUTRAL,0.605
FMCG,2012-07-15,NSDL,92923.0,1319.0,10.0621,1.246,1.713,7.54,STRONG_ACCUMULATION,1.48
HEALTHCARE,2012-07-15,NSDL,4908.0,-15.0,0.5315,-0.446,0.542,-1.66,ACCUMULATION,0.048
INFRASTRUCTURE,2012-07-15,NSDL,35705.0,494.0,3.8663,0.932,1.953,-1.98,ACCUMULATION,1.443
IT,2012-07-15,NSDL,110832.0,608.0,12.0014,-0.313,0.756,0.44,ACCUMULATION,0.222
LOGISTICS,2012-07-15,NSDL,9542.0,130.0,1.0332,0.369,0.841,-5.37,ACCUMULATION,0.605
MEDIA,2012-07-15,NSDL,9699.0,-9.0,1.0503,1.238,0.773,8.13,ACCUMULATION,1.006
METAL,2012-07-15,NSDL,38354.0,629.0,4.1531,0.111,1.959,-5.43,ACCUMULATION,1.035
PHARMA,2012-07-15,NSDL,51211.0,727.0,5.5454,1.48,0.677,5.76,ACCUMULATION,1.079
REALTY,2012-07-15,NSDL,15233.0,121.0,1.6495,0.645,1.278,-3.38,ACCUMULATION,0.962
SERVICES,2012-07-15,NSDL,13247.0,-135.0,1.4344,-0.571,-1.086,-10.02,DISTRIBUTION,-0.829
TELECOM,2012-07-15,NSDL,25801.0,-52.0,2.7938,0.231,-0.047,-7.2,NEUTRAL,0.092
TEXTILES,2012-07-15,NSDL,13970.0,78.0,1.5127,0.032,-0.896,-1.24,DISTRIBUTION,-0.432
AUTO,2012-07-31,NSDL,46605.0,313.0,5.0495,-0.227,0.805,-1.57,ACCUMULATION,0.289
CAPITAL_GOODS,2012-07-31,NSDL,70999.0,437.0,7.6925,-1.058,0.931,-10.11,ACCUMULATION,-0.064
CEMENT,2012-07-31,NSDL,23229.0,552.0,2.5168,1.377,1.622,46.66,STRONG_ACCUMULATION,1.5
CHEMICALS,2012-07-31,NSDL,7863.0,394.0,0.8519,0.37,2.086,-4.92,ACCUMULATION,1.228
COMMODITIES,2012-07-31,NSDL,374.0,-10.0,0.0405,-0.831,-1.228,-38.89,DISTRIBUTION,-1.03
ENERGY,2012-07-31,NSDL,79400.0,1987.0,8.6027,1.302,1.229,19.22,STRONG_ACCUMULATION,1.266
FINANCIAL_SERVICES,2012-07-31,NSDL,271422.0,2394.0,29.4077,0.907,0.582,6.11,ACCUMULATION,0.744
FMCG,2012-07-31,NSDL,96379.0,1181.0,10.4423,1.627,1.078,9.85,STRONG_ACCUMULATION,1.353
HEALTHCARE,2012-07-31,NSDL,4838.0,3.0,0.5242,-0.553,1.232,-20.64,ACCUMULATION,0.339
INFRASTRUCTURE,2012-07-31,NSDL,34755.0,157.0,3.7656,0.424,0.31,8.1,NEUTRAL,0.367
IT,2012-07-31,NSDL,110940.0,906.0,12.02,-0.277,0.877,9.33,ACCUMULATION,0.3
LOGISTICS,2012-07-31,NSDL,9657.0,135.0,1.0463,0.594,0.783,0.8,ACCUMULATION,0.689
MEDIA,2012-07-31,NSDL,10439.0,168.0,1.131,1.698,1.83,31.47,STRONG_ACCUMULATION,1.764
METAL,2012-07-31,NSDL,37111.0,564.0,4.0209,-0.778,1.394,-3.06,ACCUMULATION,0.308
PHARMA,2012-07-31,NSDL,52974.0,531.0,5.7396,1.832,0.212,5.94,NEUTRAL,1.022
REALTY,2012-07-31,NSDL,14619.0,87.0,1.5839,-0.071,0.846,-5.73,ACCUMULATION,0.388
SERVICES,2012-07-31,NSDL,11908.0,-25.0,1.2902,-1.4,-0.263,-25.14,NEUTRAL,-0.831
TELECOM,2012-07-31,NSDL,25054.0,286.0,2.7145,-0.317,1.278,7.29,ACCUMULATION,0.481
TEXTILES,2012-07-31,NSDL,14397.0,128.0,1.5599,0.58,-0.4,-6.4,NEUTRAL,0.09
AUTO,2012-08-15,CDSL,47569.0,74.0,4.9952,0.421,0.321,2.59,NEUTRAL,0.371
CAPITAL_GOODS,2012-08-15,CDSL,74509.0,297.0,7.8242,-0.111,0.695,-2.62,ACCUMULATION,0.292
CEMENT,2012-08-15,CDSL,24790.0,748.0,2.6032,1.583,1.879,31.37,STRONG_ACCUMULATION,1.731
CHEMICALS,2012-08-15,CDSL,8045.0,294.0,0.8448,0.847,1.192,5.95,ACCUMULATION,1.019
COMMODITIES,2012-08-15,CDSL,368.0,-4.0,0.0386,-0.824,-0.691,-13.0,DISTRIBUTION,-0.757
ENERGY,2012-08-15,CDSL,82473.0,871.0,8.6604,1.575,0.385,16.64,NEUTRAL,0.98
FINANCIAL_SERVICES,2012-08-15,CDSL,278715.0,2441.0,29.2677,1.323,0.559,12.8,ACCUMULATION,0.941
FMCG,2012-08-15,CDSL,100616.0,1023.0,10.5656,1.836,0.542,17.38,ACCUMULATION,1.189
HEALTHCARE,2012-08-15,CDSL,4693.0,-5.0,0.4928,-0.807,0.758,-6.9,ACCUMULATION,-0.025
INFRASTRUCTURE,2012-08-15,CDSL,36296.0,64.0,3.8114,1.082,-0.161,13.84,NEUTRAL,0.461
IT,2012-08-15,CDSL,116294.0,996.0,12.212,0.654,0.854,1.84,ACCUMULATION,0.754
LOGISTICS,2012-08-15,CDSL,9883.0,80.0,1.0378,1.024,0.391,11.99,NEUTRAL,0.708
MEDIA,2012-08-15,CDSL,10934.0,216.0,1.1482,1.71,1.666,25.39,STRONG_ACCUMULATION,1.688
METAL,2012-08-15,CDSL,38501.0,375.0,4.043,0.324,0.851,1.65,ACCUMULATION,0.588
PHARMA,2012-08-15,CDSL,54355.0,523.0,5.7078,1.823,0.182,11.14,NEUTRAL,1.002
REALTY,2012-08-15,CDSL,14862.0,-12.0,1.5607,0.224,-0.108,8.89,NEUTRAL,0.058
SERVICES,2012-08-15,CDSL,12437.0,16.0,1.306,-0.87,0.057,-6.69,NEUTRAL,-0.406
TELECOM,2012-08-15,CDSL,22117.0,44.0,2.3225,-1.853,0.191,-13.36,NEUTRAL,-0.831
TEXTILES,2012-08-15,CDSL,14838.0,59.0,1.5581,1.07,-0.964,10.03,DISTRIBUTION,0.053
AUTO,2012-08-31,CDSL,46854.0,256.0,4.991,-0.103,0.647,5.48,ACCUMULATION,0.272
CAPITAL_GOODS,2012-08-31,CDSL,70601.0,400.0,7.5206,-1.086,0.76,-0.05,ACCUMULATION,-0.163
CEMENT,2012-08-31,CDSL,24244.0,411.0,2.5826,1.192,0.341,27.62,NEUTRAL,0.766
CHEMICALS,2012-08-31,CDSL,8107.0,-45.0,0.8636,0.94,-0.926,9.52,DISTRIBUTION,0.007
COMMODITIES,2012-08-31,CDSL,355.0,0.0,0.0378,-0.907,-0.344,-17.63,NEUTRAL,-0.625
ENERGY,2012-08-31,CDSL,80745.0,733.0,8.6012,1.07,0.264,11.94,NEUTRAL,0.667
FINANCIAL_SERVICES,2012-08-31,CDSL,273571.0,3614.0,29.1417,0.795,0.947,9.71,ACCUMULATION,0.871
FMCG,2012-08-31,CDSL,104160.0,1286.0,11.0955,1.832,1.214,21.82,STRONG_ACCUMULATION,1.523
HEALTHCARE,2012-08-31,CDSL,4467.0,-83.0,0.4758,-1.169,-2.095,-13.01,STRONG_DISTRIBUTION,-1.632
INFRASTRUCTURE,2012-08-31,CDSL,34901.0,518.0,3.7178,0.337,1.756,8.92,ACCUMULATION,1.046
IT,2012-08-31,CDSL,120388.0,2263.0,12.8241,1.235,1.519,4.02,STRONG_ACCUMULATION,1.377
LOGISTICS,2012-08-31,CDSL,9357.0,52.0,0.9967,-0.278,0.184,2.7,NEUTRAL,-0.047
MEDIA,2012-08-31,CDSL,10480.0,116.0,1.1164,1.08,0.86,19.53,ACCUMULATION,0.97
METAL,2012-08-31,CDSL,33784.0,156.0,3.5988,-2.219,0.307,-7.73,NEUTRAL,-0.956
PHARMA,2012-08-31,CDSL,56446.0,935.0,6.0128,1.935,1.117,17.29,STRONG_ACCUMULATION,1.526
REALTY,2012-08-31,CDSL,13433.0,-85.0,1.4309,-1.412,-0.793,-2.05,DISTRIBUTION,-1.103
SERVICES,2012-08-31,CDSL,11524.0,24.0,1.2276,-1.36,0.119,-17.37,NEUTRAL,-0.621
TELECOM,2012-08-31,CDSL,20986.0,-123.0,2.2355,-1.855,-0.563,-16.56,DISTRIBUTION,-1.209
TEXTILES,2012-08-31,CDSL,14359.0,53.0,1.5296,0.359,-0.924,8.38,DISTRIBUTION,-0.283
AUTO,2012-09-15,CDSL,49037.0,44.0,4.9428,1.373,0.187,6.37,NEUTRAL,0.78
CAPITAL_GOODS,2012-09-15,CDSL,75819.0,-72.0,7.6424,0.361,0.136,4.58,NEUTRAL,0.248
CEMENT,2012-09-15,CDSL,25431.0,111.0,2.5634,1.385,-0.981,25.12,DISTRIBUTION,0.202
CHEMICALS,2012-09-15,CDSL,8556.0,35.0,0.8624,1.812,-0.381,16.61,NEUTRAL,0.716
COMMODITIES,2012-09-15,CDSL,379.0,-1.0,0.0382,-0.543,-0.409,-8.89,NEUTRAL,-0.476
ENERGY,2012-09-15,CDSL,86683.0,645.0,8.7375,1.781,0.184,16.32,NEUTRAL,0.982
FINANCIAL_SERVICES,2012-09-15,CDSL,290183.0,3116.0,29.2499,1.776,0.688,11.8,ACCUMULATION,1.232
FMCG,2012-09-15,CDSL,105910.0,1149.0,10.6755,1.675,0.727,18.06,ACCUMULATION,1.201
HEALTHCARE,2012-09-15,CDSL,4837.0,-46.0,0.4876,-0.305,-0.684,0.48,DISTRIBUTION,-0.495
INFRASTRUCTURE,2012-09-15,CDSL,35926.0,380.0,3.6213,0.829,1.013,8.59,ACCUMULATION,0.921
IT,2012-09-15,CDSL,131721.0,2354.0,13.2772,2.183,1.357,12.12,STRONG_ACCUMULATION,1.77
LOGISTICS,2012-09-15,CDSL,9478.0,108.0,0.9554,0.04,0.567,4.11,ACCUMULATION,0.303
MEDIA,2012-09-15,CDSL,11170.0,85.0,1.1259,1.501,0.595,25.14,ACCUMULATION,1.048
METAL,2012-09-15,CDSL,35755.0,-280.0,3.604,-0.994,-0.744,-3.6,DISTRIBUTION,-0.869
PHARMA,2012-09-15,CDSL,57071.0,955.0,5.7526,1.703,1.05,18.51,STRONG_ACCUMULATION,1.377
REALTY,2012-09-15,CDSL,14504.0,-114.0,1.462,-0.078,-0.994,1.87,DISTRIBUTION,-0.536
SERVICES,2012-09-15,CDSL,12697.0,14.0,1.2798,-0.436,0.028,-2.62,NEUTRAL,-0.204
TELECOM,2012-09-15,CDSL,21665.0,-493.0,2.1838,-1.306,-1.823,-15.86,STRONG_DISTRIBUTION,-1.565
TEXTILES,2012-09-15,CDSL,15260.0,36.0,1.5382,1.45,-0.99,13.47,DISTRIBUTION,0.23
AUTO,2012-09-30,CDSL,52475.0,771.0,5.0463,2.424,1.531,10.19,STRONG_ACCUMULATION,1.978
CAPITAL_GOODS,2012-09-30,CDSL,82119.0,1536.0,7.8971,1.767,1.843,10.49,STRONG_ACCUMULATION,1.805
CEMENT,2012-09-30,CDSL,27720.0,331.0,2.6657,1.745,0.057,28.64,NEUTRAL,0.901
CHEMICALS,2012-09-30,CDSL,8555.0,150.0,0.8227,1.526,0.389,11.39,NEUTRAL,0.958
COMMODITIES,2012-09-30,CDSL,388.0,-2.0,0.0373,-0.396,-0.474,-2.76,NEUTRAL,-0.435
ENERGY,2012-09-30,CDSL,90124.0,4894.0,8.6669,1.86,2.41,18.16,STRONG_ACCUMULATION,2.135
FINANCIAL_SERVICES,2012-09-30,CDSL,311995.0,6750.0,30.0033,2.294,1.791,16.94,STRONG_ACCUMULATION,2.042
FMCG,2012-09-30,CDSL,108726.0,791.0,10.4558,1.677,-0.406,16.37,NEUTRAL,0.635
HEALTHCARE,2012-09-30,CDSL,5124.0,81.0,0.4928,0.368,2.477,7.13,ACCUMULATION,1.422
INFRASTRUCTURE,2012-09-30,CDSL,38336.0,465.0,3.6866,1.743,1.24,7.58,STRONG_ACCUMULATION,1.492
IT,2012-09-30,CDSL,126838.0,1745.0,12.1975,1.338,0.869,7.0,ACCUMULATION,1.103
LOGISTICS,2012-09-30,CDSL,10211.0,195.0,0.982,1.692,1.116,7.73,STRONG_ACCUMULATION,1.404
MEDIA,2012-09-30,CDSL,12567.0,94.0,1.2085,2.072,0.625,30.12,ACCUMULATION,1.349
METAL,2012-09-30,CDSL,38365.0,912.0,3.6894,0.458,1.841,-0.91,ACCUMULATION,1.149
PHARMA,2012-09-30,CDSL,57057.0,224.0,5.4869,1.453,-0.761,12.71,DISTRIBUTION,0.346
REALTY,2012-09-30,CDSL,16459.0,128.0,1.5828,1.907,1.348,12.16,STRONG_ACCUMULATION,1.627
SERVICES,2012-09-30,CDSL,13864.0,77.0,1.3332,0.473,0.586,7.37,ACCUMULATION,0.529
TELECOM,2012-09-30,CDSL,22769.0,-194.0,2.1896,-0.727,-0.553,-9.29,DISTRIBUTION,-0.64
TEXTILES,2012-09-30,CDSL,16176.0,22.0,1.5556,2.025,-1.027,15.95,DISTRIBUTION,0.499
AUTO,2012-10-15,CDSL,52000.0,1652.0,4.9775,1.781,2.316,9.12,STRONG_ACCUMULATION,2.048
CAPITAL_GOODS,2012-10-15,CDSL,84592.0,2692.0,8.0973,1.9,2.264,13.54,STRONG_ACCUMULATION,2.082
CEMENT,2012-10-15,CDSL,28904.0,270.0,2.7667,1.731,-0.236,33.03,NEUTRAL,0.748
CHEMICALS,2012-10-15,CDSL,8621.0,242.0,0.8252,1.462,0.965,11.53,ACCUMULATION,1.214
COMMODITIES,2012-10-15,CDSL,432.0,-6.0,0.0414,0.247,-0.793,9.92,DISTRIBUTION,-0.273
ENERGY,2012-10-15,CDSL,89511.0,5058.0,8.5681,1.518,1.956,17.83,STRONG_ACCUMULATION,1.737
FINANCIAL_SERVICES,2012-10-15,CDSL,309808.0,10514.0,29.6552,1.773,2.261,13.03,STRONG_ACCUMULATION,2.017
FMCG,2012-10-15,CDSL,114443.0,1063.0,10.9546,1.881,0.482,23.16,NEUTRAL,1.181
HEALTHCARE,2012-10-15,CDSL,5353.0,130.0,0.5124,0.876,2.431,9.07,ACCUMULATION,1.653
INFRASTRUCTURE,2012-10-15,CDSL,38355.0,941.0,3.6714,1.507,2.313,7.42,STRONG_ACCUMULATION,1.91
IT,2012-10-15,CDSL,123677.0,1950.0,11.8385,0.874,0.935,11.59,ACCUMULATION,0.905
LOGISTICS,2012-10-15,CDSL,10634.0,192.0,1.0179,2.068,1.005,11.44,STRONG_ACCUMULATION,1.536
MEDIA,2012-10-15,CDSL,12373.0,127.0,1.1844,1.62,0.823,27.57,ACCUMULATION,1.222
METAL,2012-10-15,CDSL,38676.0,1206.0,3.7021,0.608,1.949,0.84,ACCUMULATION,1.278
PHARMA,2012-10-15,CDSL,57637.0,212.0,5.5171,1.412,-0.744,12.55,DISTRIBUTION,0.334
REALTY,2012-10-15,CDSL,16490.0,-12.0,1.5784,1.631,-0.047,8.25,NEUTRAL,0.792
SERVICES,2012-10-15,CDSL,14070.0,56.0,1.3468,0.61,0.367,6.21,NEUTRAL,0.488
TELECOM,2012-10-15,CDSL,22431.0,424.0,2.1471,-0.833,1.724,-13.06,ACCUMULATION,0.446
TEXTILES,2012-10-15,CDSL,16692.0,134.0,1.5978,2.007,0.074,19.48,NEUTRAL,1.04
AUTO,2012-10-31,CDSL,54303.0,1188.0,5.2456,2.132,1.412,16.52,STRONG_ACCUMULATION,1.772
CAPITAL_GOODS,2012-10-31,CDSL,81487.0,1198.0,7.8715,1.115,0.859,14.77,ACCUMULATION,0.987
CEMENT,2012-10-31,CDSL,27751.0,13.0,2.6807,1.277,-1.386,19.47,DISTRIBUTION,-0.054
CHEMICALS,2012-10-31,CDSL,8272.0,121.0,0.7991,0.624,0.098,5.2,NEUTRAL,0.361
COMMODITIES,2012-10-31,CDSL,447.0,-2.0,0.0432,0.459,-0.398,19.52,NEUTRAL,0.03
ENERGY,2012-10-31,CDSL,87371.0,49.0,8.4399,1.116,-0.515,10.04,DISTRIBUTION,0.301
FINANCIAL_SERVICES,2012-10-31,CDSL,310381.0,4894.0,29.9822,1.556,0.62,14.35,ACCUMULATION,1.088
FMCG,2012-10-31,CDSL,113075.0,954.0,10.9228,1.513,0.101,17.32,NEUTRAL,0.807
HEALTHCARE,2012-10-31,CDSL,5412.0,106.0,0.5228,0.953,1.693,11.86,ACCUMULATION,1.323
INFRASTRUCTURE,2012-10-31,CDSL,36723.0,605.0,3.5474,0.723,1.101,5.66,ACCUMULATION,0.912
IT,2012-10-31,CDSL,124366.0,1207.0,12.0135,0.898,0.404,12.1,NEUTRAL,0.651
LOGISTICS,2012-10-31,CDSL,10153.0,29.0,0.9808,1.013,-0.219,5.14,NEUTRAL,0.397
MEDIA,2012-10-31,CDSL,12434.0,-25.0,1.2011,1.459,-0.355,19.11,NEUTRAL,0.552
METAL,2012-10-31,CDSL,36906.0,74.0,3.565,-0.44,-0.172,-0.55,NEUTRAL,-0.306
PHARMA,2012-10-31,CDSL,57991.0,650.0,5.6018,1.343,0.398,9.47,NEUTRAL,0.871
REALTY,2012-10-31,CDSL,15517.0,-354.0,1.4989,0.626,-2.462,6.14,DISTRIBUTION,-0.918
SERVICES,2012-10-31,CDSL,13587.0,4.0,1.3125,0.192,-0.151,14.1,NEUTRAL,0.021
TELECOM,2012-10-31,CDSL,22837.0,89.0,2.206,-0.602,0.425,-8.85,NEUTRAL,-0.088
TEXTILES,2012-10-31,CDSL,16204.0,176.0,1.5653,1.373,0.484,12.55,NEUTRAL,0.928
AUTO,2012-11-15,CDSL,54987.0,715.0,5.22,1.943,0.682,15.59,ACCUMULATION,1.312
CAPITAL_GOODS,2012-11-15,CDSL,84046.0,392.0,7.9786,1.476,0.122,12.8,NEUTRAL,0.799
CEMENT,2012-11-15,CDSL,27703.0,158.0,2.6299,1.16,-0.64,11.75,DISTRIBUTION,0.26
CHEMICALS,2012-11-15,CDSL,8326.0,-42.0,0.7904,0.714,-1.033,3.49,DISTRIBUTION,-0.159
COMMODITIES,2012-11-15,CDSL,447.0,4.0,0.0424,0.441,0.182,21.47,NEUTRAL,0.311
ENERGY,2012-11-15,CDSL,84910.0,-870.0,8.0606,0.737,-0.924,2.95,DISTRIBUTION,-0.094
FINANCIAL_SERVICES,2012-11-15,CDSL,319728.0,725.0,30.3523,1.697,-0.576,14.72,DISTRIBUTION,0.56
FMCG,2012-11-15,CDSL,116273.0,291.0,11.038,1.587,-1.889,15.56,DISTRIBUTION,-0.151
HEALTHCARE,2012-11-15,CDSL,5456.0,43.0,0.5179,0.991,0.648,16.26,ACCUMULATION,0.82
INFRASTRUCTURE,2012-11-15,CDSL,37175.0,197.0,3.5291,0.876,-0.223,2.42,NEUTRAL,0.327
IT,2012-11-15,CDSL,122977.0,634.0,11.6744,0.685,-0.006,5.75,NEUTRAL,0.34
LOGISTICS,2012-11-15,CDSL,10265.0,-63.0,0.9745,1.138,-0.884,3.87,DISTRIBUTION,0.127
MEDIA,2012-11-15,CDSL,13347.0,63.0,1.2671,1.747,0.347,22.07,NEUTRAL,1.047
METAL,2012-11-15,CDSL,36016.0,24.0,3.4191,-0.93,-0.26,-6.45,NEUTRAL,-0.595
PHARMA,2012-11-15,CDSL,59089.0,1046.0,5.6094,1.444,1.333,8.71,STRONG_ACCUMULATION,1.389
REALTY,2012-11-15,CDSL,16856.0,-108.0,1.6002,1.705,-0.555,13.42,DISTRIBUTION,0.575
SERVICES,2012-11-15,CDSL,14205.0,20.0,1.3485,0.702,0.016,14.22,NEUTRAL,0.359
TELECOM,2012-11-15,CDSL,24988.0,23.0,2.3721,0.469,0.16,12.98,NEUTRAL,0.315
TEXTILES,2012-11-15,CDSL,16597.0,113.0,1.5756,1.519,-0.178,11.85,NEUTRAL,0.67
AUTO,2012-11-30,CDSL,56967.0,923.0,5.1732,2.076,0.934,21.58,ACCUMULATION,1.505
CAPITAL_GOODS,2012-11-30,CDSL,85704.0,421.0,7.7829,1.595,0.145,21.39,NEUTRAL,0.87
CEMENT,2012-11-30,CDSL,27810.0,52.0,2.5255,1.102,-1.09,14.71,DISTRIBUTION,0.006
CHEMICALS,2012-11-30,CDSL,8480.0,-83.0,0.7701,1.013,-1.225,4.6,DISTRIBUTION,-0.106
COMMODITIES,2012-11-30,CDSL,471.0,6.0,0.0428,0.793,0.372,32.68,NEUTRAL,0.583
ENERGY,2012-11-30,CDSL,86565.0,-144.0,7.8611,0.912,-0.529,7.21,DISTRIBUTION,0.192
FINANCIAL_SERVICES,2012-11-30,CDSL,340282.0,2725.0,30.9015,2.071,0.024,24.39,NEUTRAL,1.048
FMCG,2012-11-30,CDSL,122800.0,1067.0,11.1516,1.841,0.561,17.9,ACCUMULATION,1.201
HEALTHCARE,2012-11-30,CDSL,5504.0,-141.0,0.4998,1.037,-1.962,23.21,DISTRIBUTION,-0.463
INFRASTRUCTURE,2012-11-30,CDSL,37765.0,340.0,3.4295,1.07,0.252,8.21,NEUTRAL,0.661
IT,2012-11-30,CDSL,128249.0,1054.0,11.6465,1.255,0.296,6.53,NEUTRAL,0.775
LOGISTICS,2012-11-30,CDSL,10225.0,146.0,0.9285,0.991,0.73,9.28,ACCUMULATION,0.861
MEDIA,2012-11-30,CDSL,13612.0,193.0,1.2361,1.658,1.307,29.89,STRONG_ACCUMULATION,1.482
METAL,2012-11-30,CDSL,37683.0,-42.0,3.422,0.106,-0.38,11.54,NEUTRAL,-0.137
PHARMA,2012-11-30,CDSL,61580.0,1056.0,5.5922,1.761,1.244,9.1,STRONG_ACCUMULATION,1.502
REALTY,2012-11-30,CDSL,17271.0,148.0,1.5684,1.786,1.32,28.57,STRONG_ACCUMULATION,1.553
SERVICES,2012-11-30,CDSL,14376.0,114.0,1.3055,0.811,0.971,24.75,ACCUMULATION,0.891
TELECOM,2012-11-30,CDSL,28513.0,637.0,2.5893,1.923,2.133,35.87,STRONG_ACCUMULATION,2.028
TEXTILES,2012-11-30,CDSL,17327.0,104.0,1.5735,1.816,-0.268,20.67,NEUTRAL,0.774
AUTO,2012-12-15,CDSL,58974.0,1327.0,5.2676,2.131,1.397,20.26,STRONG_ACCUMULATION,1.764
CAPITAL_GOODS,2012-12-15,CDSL,87264.0,435.0,7.7944,1.664,0.154,15.1,NEUTRAL,0.909
CEMENT,2012-12-15,CDSL,28141.0,-65.0,2.5136,1.105,-1.5,10.66,DISTRIBUTION,-0.198
CHEMICALS,2012-12-15,CDSL,8540.0,-98.0,0.7628,1.08,-1.229,-0.19,DISTRIBUTION,-0.075
COMMODITIES,2012-12-15,CDSL,456.0,6.0,0.0407,0.523,0.36,20.32,NEUTRAL,0.442
ENERGY,2012-12-15,CDSL,88825.0,840.0,7.9339,1.141,-0.01,2.47,NEUTRAL,0.566
FINANCIAL_SERVICES,2012-12-15,CDSL,352573.0,5381.0,31.4919,2.069,0.808,21.5,ACCUMULATION,1.438
FMCG,2012-12-15,CDSL,122632.0,2066.0,10.9535,1.615,2.683,15.79,STRONG_ACCUMULATION,2.149
HEALTHCARE,2012-12-15,CDSL,5343.0,-125.0,0.4772,0.608,-1.544,10.46,DISTRIBUTION,-0.468
INFRASTRUCTURE,2012-12-15,CDSL,37692.0,533.0,3.3667,0.975,0.877,4.92,ACCUMULATION,0.926
IT,2012-12-15,CDSL,123240.0,2033.0,11.0078,0.594,0.984,-6.44,ACCUMULATION,0.789
LOGISTICS,2012-12-15,CDSL,10424.0,100.0,0.9311,1.272,0.349,9.98,NEUTRAL,0.81
MEDIA,2012-12-15,CDSL,14178.0,222.0,1.2664,1.719,1.399,26.93,STRONG_ACCUMULATION,1.559
METAL,2012-12-15,CDSL,41514.0,2121.0,3.708,2.106,2.788,16.11,STRONG_ACCUMULATION,2.447
PHARMA,2012-12-15,CDSL,62815.0,960.0,5.6107,1.765,0.94,10.06,ACCUMULATION,1.353
REALTY,2012-12-15,CDSL,17844.0,-33.0,1.5938,1.921,-0.054,23.03,NEUTRAL,0.933
SERVICES,2012-12-15,CDSL,15342.0,145.0,1.3704,1.514,1.208,20.83,STRONG_ACCUMULATION,1.361
TELECOM,2012-12-15,CDSL,27272.0,887.0,2.4359,1.241,2.333,25.88,STRONG_ACCUMULATION,1.787
TEXTILES,2012-12-15,CDSL,16497.0,78.0,1.4735,1.098,-0.542,8.11,DISTRIBUTION,0.278
AUTO,2013-01-15,CDSL,60891.0,1497.0,5.1768,2.13,1.485,16.04,STRONG_ACCUMULATION,1.808
CAPITAL_GOODS,2013-01-15,CDSL,92437.0,1811.0,7.8587,2.135,1.403,12.56,STRONG_ACCUMULATION,1.769
CEMENT,2013-01-15,CDSL,28017.0,609.0,2.3819,1.011,1.532,1.07,STRONG_ACCUMULATION,1.272
CHEMICALS,2013-01-15,CDSL,8998.0,15.0,0.765,1.868,-0.416,5.18,NEUTRAL,0.726
COMMODITIES,2013-01-15,CDSL,476.0,-2.0,0.0405,0.823,-0.482,22.68,NEUTRAL,0.17
ENERGY,2013-01-15,CDSL,94264.0,1595.0,8.014,1.675,0.389,4.59,NEUTRAL,1.032
FINANCIAL_SERVICES,2013-01-15,CDSL,366387.0,6396.0,31.149,2.084,1.058,17.43,STRONG_ACCUMULATION,1.571
FMCG,2013-01-15,CDSL,118685.0,-337.0,10.0902,1.217,-2.444,9.16,DISTRIBUTION,-0.613
HEALTHCARE,2013-01-15,CDSL,5418.0,37.0,0.4606,0.764,0.653,5.74,ACCUMULATION,0.709
INFRASTRUCTURE,2013-01-15,CDSL,39885.0,1193.0,3.3909,1.743,2.458,4.04,STRONG_ACCUMULATION,2.101
IT,2013-01-15,CDSL,141629.0,1223.0,12.0408,2.349,0.352,11.66,NEUTRAL,1.351
LOGISTICS,2013-01-15,CDSL,10414.0,-39.0,0.8854,1.167,-0.762,1.99,DISTRIBUTION,0.203
MEDIA,2013-01-15,CDSL,15509.0,220.0,1.3185,2.021,1.276,23.41,STRONG_ACCUMULATION,1.648
METAL,2013-01-15,CDSL,44467.0,777.0,3.7804,2.703,0.744,15.91,ACCUMULATION,1.724
PHARMA,2013-01-15,CDSL,65382.0,1207.0,5.5586,1.951,1.434,14.59,STRONG_ACCUMULATION,1.692
REALTY,2013-01-15,CDSL,19559.0,-107.0,1.6628,2.475,-0.611,18.83,DISTRIBUTION,0.932
SERVICES,2013-01-15,CDSL,15804.0,694.0,1.3436,1.689,3.461,13.99,STRONG_ACCUMULATION,2.575
TELECOM,2013-01-15,CDSL,31501.0,431.0,2.6781,2.44,0.966,38.35,ACCUMULATION,1.703
TEXTILES,2013-01-15,CDSL,16516.0,108.0,1.4041,1.045,-0.188,2.1,NEUTRAL,0.428
AUTO,2013-01-31,CDSL,60203.0,1559.0,5.1466,1.755,1.436,15.78,STRONG_ACCUMULATION,1.595
CAPITAL_GOODS,2013-01-31,CDSL,88163.0,939.0,7.5369,1.351,0.537,4.22,ACCUMULATION,0.944
CEMENT,2013-01-31,CDSL,27790.0,407.0,2.3757,0.908,0.596,-3.85,ACCUMULATION,0.752
CHEMICALS,2013-01-31,CDSL,8634.0,-14.0,0.7381,1.019,-0.604,0.15,DISTRIBUTION,0.207
COMMODITIES,2013-01-31,CDSL,468.0,5.0,0.04,0.66,0.279,8.33,NEUTRAL,0.47
ENERGY,2013-01-31,CDSL,99641.0,3006.0,8.5181,2.018,1.105,11.32,STRONG_ACCUMULATION,1.561
FINANCIAL_SERVICES,2013-01-31,CDSL,361724.0,7109.0,30.923,1.73,1.195,16.76,STRONG_ACCUMULATION,1.462
FMCG,2013-01-31,CDSL,120975.0,1628.0,10.3419,1.287,1.349,5.71,STRONG_ACCUMULATION,1.318
HEALTHCARE,2013-01-31,CDSL,5081.0,1.0,0.4344,-0.106,0.147,-5.08,NEUTRAL,0.02
INFRASTRUCTURE,2013-01-31,CDSL,38155.0,169.0,3.2618,0.95,-0.457,-0.52,NEUTRAL,0.246
IT,2013-01-31,CDSL,142496.0,1741.0,12.1817,2.063,0.729,15.22,ACCUMULATION,1.396
LOGISTICS,2013-01-31,CDSL,10397.0,76.0,0.8888,1.068,0.193,-2.23,NEUTRAL,0.631
MEDIA,2013-01-31,CDSL,15706.0,354.0,1.3427,1.842,1.972,26.94,STRONG_ACCUMULATION,1.907
METAL,2013-01-31,CDSL,42697.0,484.0,3.6501,1.725,0.292,10.4,NEUTRAL,1.008
PHARMA,2013-01-31,CDSL,65347.0,1583.0,5.5864,1.723,2.015,13.38,STRONG_ACCUMULATION,1.869
REALTY,2013-01-31,CDSL,19574.0,377.0,1.6733,2.089,2.518,18.7,STRONG_ACCUMULATION,2.303
SERVICES,2013-01-31,CDSL,15484.0,361.0,1.3237,1.321,1.474,10.05,STRONG_ACCUMULATION,1.397
TELECOM,2013-01-31,CDSL,31040.0,967.0,2.6535,1.95,2.103,38.38,STRONG_ACCUMULATION,2.026
TEXTILES,2013-01-31,CDSL,16182.0,140.0,1.3834,0.759,0.189,-3.06,NEUTRAL,0.474
AUTO,2013-02-15,CDSL,58749.0,1381.0,5.0582,1.365,1.128,8.19,STRONG_ACCUMULATION,1.246
CAPITAL_GOODS,2013-02-15,CDSL,85447.0,634.0,7.3569,0.895,0.229,4.86,NEUTRAL,0.562
CEMENT,2013-02-15,CDSL,27380.0,287.0,2.3574,0.772,0.042,-1.34,NEUTRAL,0.407
CHEMICALS,2013-02-15,CDSL,8601.0,20.0,0.7405,0.904,-0.343,3.98,NEUTRAL,0.28
COMMODITIES,2013-02-15,CDSL,419.0,-3.0,0.0361,-0.19,-0.602,-6.26,DISTRIBUTION,-0.396
ENERGY,2013-02-15,CDSL,97619.0,3889.0,8.4049,1.61,1.461,11.73,STRONG_ACCUMULATION,1.536
FINANCIAL_SERVICES,2013-02-15,CDSL,361414.0,6381.0,31.1174,1.563,0.925,16.44,ACCUMULATION,1.244
FMCG,2013-02-15,CDSL,119268.0,1385.0,10.2689,1.095,0.841,5.48,ACCUMULATION,0.968
HEALTHCARE,2013-02-15,CDSL,5017.0,-15.0,0.432,-0.269,-0.081,-7.3,NEUTRAL,-0.175
INFRASTRUCTURE,2013-02-15,CDSL,41878.0,5422.0,3.6057,2.146,4.078,14.04,STRONG_ACCUMULATION,3.112
IT,2013-02-15,CDSL,146253.0,2913.0,12.5922,2.068,1.516,17.6,STRONG_ACCUMULATION,1.792
LOGISTICS,2013-02-15,CDSL,10725.0,279.0,0.9234,1.537,1.726,5.63,STRONG_ACCUMULATION,1.631
MEDIA,2013-02-15,CDSL,15488.0,518.0,1.3335,1.585,2.469,24.56,STRONG_ACCUMULATION,2.027
METAL,2013-02-15,CDSL,39066.0,103.0,3.3635,0.271,-0.293,5.85,NEUTRAL,-0.011
PHARMA,2013-02-15,CDSL,66170.0,1881.0,5.6972,1.674,2.227,14.1,STRONG_ACCUMULATION,1.95
REALTY,2013-02-15,CDSL,18151.0,577.0,1.5628,1.221,2.803,16.97,STRONG_ACCUMULATION,2.012
SERVICES,2013-02-15,CDSL,14462.0,491.0,1.2452,0.499,1.892,6.44,ACCUMULATION,1.196
TELECOM,2013-02-15,CDSL,29440.0,905.0,2.5348,1.31,1.734,28.91,STRONG_ACCUMULATION,1.522
TEXTILES,2013-02-15,CDSL,15907.0,215.0,1.3696,0.53,1.049,-1.83,ACCUMULATION,0.789
AUTO,2013-02-28,CDSL,57174.0,644.0,5.0878,1.018,0.149,3.98,NEUTRAL,0.584
CAPITAL_GOODS,2013-02-28,CDSL,81122.0,141.0,7.2188,0.229,-0.266,-3.48,NEUTRAL,-0.019
CEMENT,2013-02-28,CDSL,27330.0,604.0,2.432,0.732,1.425,-1.35,ACCUMULATION,1.079
CHEMICALS,2013-02-28,CDSL,8087.0,32.0,0.7196,-0.207,-0.246,-2.87,NEUTRAL,-0.226
COMMODITIES,2013-02-28,CDSL,378.0,-9.0,0.0336,-0.883,-1.211,-15.44,DISTRIBUTION,-1.047
ENERGY,2013-02-28,CDSL,92883.0,1500.0,8.2654,1.031,0.181,9.39,NEUTRAL,0.606
FINANCIAL_SERVICES,2013-02-28,CDSL,336755.0,4519.0,29.9669,0.907,0.342,5.33,NEUTRAL,0.625
FMCG,2013-02-28,CDSL,116499.0,-14.0,10.3669,0.856,-1.696,0.19,DISTRIBUTION,-0.42
HEALTHCARE,2013-02-28,CDSL,4911.0,3.0,0.437,-0.542,0.18,-9.99,NEUTRAL,-0.181
INFRASTRUCTURE,2013-02-28,CDSL,41125.0,5946.0,3.6596,1.677,3.104,10.63,STRONG_ACCUMULATION,2.391
IT,2013-02-28,CDSL,153278.0,2747.0,13.6398,2.244,1.296,24.64,STRONG_ACCUMULATION,1.77
LOGISTICS,2013-02-28,CDSL,10688.0,395.0,0.9511,1.364,2.233,4.12,STRONG_ACCUMULATION,1.799
MEDIA,2013-02-28,CDSL,14882.0,425.0,1.3243,1.255,1.731,11.5,STRONG_ACCUMULATION,1.493
METAL,2013-02-28,CDSL,35389.0,-789.0,3.1492,-1.159,-1.564,-1.74,STRONG_DISTRIBUTION,-1.361
PHARMA,2013-02-28,CDSL,65888.0,1580.0,5.8632,1.494,1.504,11.51,STRONG_ACCUMULATION,1.499
REALTY,2013-02-28,CDSL,18183.0,645.0,1.6181,1.166,2.513,7.87,STRONG_ACCUMULATION,1.839
SERVICES,2013-02-28,CDSL,13653.0,181.0,1.2149,-0.149,0.366,-3.89,NEUTRAL,0.108
TELECOM,2013-02-28,CDSL,29976.0,145.0,2.6675,1.378,-0.08,19.96,NEUTRAL,0.649
TEXTILES,2013-02-28,CDSL,15556.0,154.0,1.3843,0.249,0.296,-6.27,NEUTRAL,0.272
AUTO,2013-03-15,CDSL,58478.0,262.0,5.0469,1.188,-0.36,2.65,NEUTRAL,0.414
CAPITAL_GOODS,2013-03-15,CDSL,84752.0,-52.0,7.3145,0.768,-0.454,-1.11,NEUTRAL,0.157
CEMENT,2013-03-15,CDSL,27545.0,511.0,2.3773,0.759,0.954,-0.95,ACCUMULATION,0.857
CHEMICALS,2013-03-15,CDSL,8359.0,-34.0,0.7214,0.388,-0.731,-1.43,DISTRIBUTION,-0.171
COMMODITIES,2013-03-15,CDSL,368.0,-6.0,0.0318,-1.013,-0.838,-21.87,DISTRIBUTION,-0.925
ENERGY,2013-03-15,CDSL,95011.0,-1140.0,8.1999,1.193,-1.193,9.76,DISTRIBUTION,0.0
FINANCIAL_SERVICES,2013-03-15,CDSL,349241.0,2597.0,30.1411,1.152,-0.258,2.63,NEUTRAL,0.447
FMCG,2013-03-15,CDSL,121209.0,1012.0,10.4609,1.137,0.189,-1.3,NEUTRAL,0.663
HEALTHCARE,2013-03-15,CDSL,4880.0,9.0,0.4212,-0.609,0.264,-11.34,NEUTRAL,-0.172
INFRASTRUCTURE,2013-03-15,CDSL,42118.0,346.0,3.635,1.819,-0.29,11.53,NEUTRAL,0.764
IT,2013-03-15,CDSL,158140.0,2502.0,13.6482,2.221,1.057,23.31,STRONG_ACCUMULATION,1.639
LOGISTICS,2013-03-15,CDSL,10923.0,326.0,0.9427,1.622,1.594,6.83,STRONG_ACCUMULATION,1.608
MEDIA,2013-03-15,CDSL,15416.0,301.0,1.3305,1.366,1.006,13.25,STRONG_ACCUMULATION,1.186
METAL,2013-03-15,CDSL,35585.0,-929.0,3.0711,-1.028,-1.621,-5.57,STRONG_DISTRIBUTION,-1.325
PHARMA,2013-03-15,CDSL,68888.0,1334.0,5.9454,1.769,0.993,11.87,ACCUMULATION,1.381
REALTY,2013-03-15,CDSL,18640.0,436.0,1.6087,1.319,1.502,7.93,STRONG_ACCUMULATION,1.41
SERVICES,2013-03-15,CDSL,14998.0,246.0,1.2944,0.92,0.668,4.33,ACCUMULATION,0.794
TELECOM,2013-03-15,CDSL,28766.0,-349.0,2.4826,0.947,-1.215,0.89,DISTRIBUTION,-0.134
TEXTILES,2013-03-15,CDSL,15370.0,63.0,1.3265,0.098,-0.81,-11.29,DISTRIBUTION,-0.356
AUTO,2013-03-31,CDSL,55133.0,375.0,4.9087,0.558,-0.199,-6.51,NEUTRAL,0.18
CAPITAL_GOODS,2013-03-31,CDSL,79339.0,331.0,7.0639,-0.085,-0.047,-9.08,NEUTRAL,-0.066
CEMENT,2013-03-31,CDSL,26252.0,334.0,2.3373,0.413,0.137,-6.71,NEUTRAL,0.275
CHEMICALS,2013-03-31,CDSL,8409.0,62.0,0.7487,0.488,0.021,-1.53,NEUTRAL,0.255
COMMODITIES,2013-03-31,CDSL,354.0,1.0,0.0315,-1.195,-0.041,-22.37,NEUTRAL,-0.618
ENERGY,2013-03-31,CDSL,88628.0,-766.0,7.8909,0.485,-0.949,-0.22,DISTRIBUTION,-0.232
FINANCIAL_SERVICES,2013-03-31,CDSL,338178.0,2198.0,30.1095,0.845,-0.377,-4.08,NEUTRAL,0.234
FMCG,2013-03-31,CDSL,122813.0,1716.0,10.9346,1.186,1.412,0.15,STRONG_ACCUMULATION,1.299
HEALTHCARE,2013-03-31,CDSL,5046.0,18.0,0.4493,-0.137,0.393,-5.56,NEUTRAL,0.128
INFRASTRUCTURE,2013-03-31,CDSL,39940.0,-108.0,3.556,1.034,-0.556,5.96,DISTRIBUTION,0.239
IT,2013-03-31,CDSL,158340.0,2002.0,14.0977,1.974,0.663,28.48,ACCUMULATION,1.319
LOGISTICS,2013-03-31,CDSL,10850.0,223.0,0.966,1.398,0.859,4.09,ACCUMULATION,1.128
MEDIA,2013-03-31,CDSL,14970.0,393.0,1.3328,1.133,1.404,5.59,STRONG_ACCUMULATION,1.268
METAL,2013-03-31,CDSL,33851.0,-99.0,3.0139,-1.587,-0.4,-18.46,NEUTRAL,-0.994
PHARMA,2013-03-31,CDSL,69248.0,1873.0,6.1655,1.663,1.805,10.24,STRONG_ACCUMULATION,1.734
REALTY,2013-03-31,CDSL,16167.0,144.0,1.4394,0.022,0.305,-9.4,NEUTRAL,0.164
SERVICES,2013-03-31,CDSL,13588.0,176.0,1.2098,-0.242,0.306,-11.43,NEUTRAL,0.032
TELECOM,2013-03-31,CDSL,26890.0,-609.0,2.3941,0.338,-1.68,-1.4,DISTRIBUTION,-0.671
TEXTILES,2013-03-31,CDSL,15165.0,90.0,1.3502,-0.069,-0.458,-8.07,NEUTRAL,-0.264
AUTO,2013-04-15,CDSL,54152.0,198.0,4.8996,0.367,-0.439,-11.07,NEUTRAL,-0.036
CAPITAL_GOODS,2013-04-15,CDSL,79013.0,-203.0,7.1491,-0.135,-0.609,-14.52,DISTRIBUTION,-0.372
CEMENT,2013-04-15,CDSL,26232.0,115.0,2.3735,0.398,-0.861,-6.37,DISTRIBUTION,-0.231
CHEMICALS,2013-04-15,CDSL,8269.0,93.0,0.7482,0.161,0.263,-8.1,NEUTRAL,0.212
COMMODITIES,2013-04-15,CDSL,419.0,64.0,0.0379,-0.042,3.925,-11.97,ACCUMULATION,1.942
ENERGY,2013-04-15,CDSL,90294.0,-994.0,8.1698,0.65,-1.025,-4.21,DISTRIBUTION,-0.187
FINANCIAL_SERVICES,2013-04-15,CDSL,335621.0,858.0,30.3668,0.756,-0.79,-8.4,DISTRIBUTION,-0.017
FMCG,2013-04-15,CDSL,124505.0,1492.0,11.2651,1.236,0.96,4.9,ACCUMULATION,1.098
HEALTHCARE,2013-04-15,CDSL,5031.0,48.0,0.4552,-0.176,0.835,-7.14,ACCUMULATION,0.33
INFRASTRUCTURE,2013-04-15,CDSL,40283.0,-242.0,3.6448,1.095,-0.622,1.0,DISTRIBUTION,0.236
IT,2013-04-15,CDSL,139550.0,364.0,12.6264,0.77,-0.558,-1.47,DISTRIBUTION,0.106
LOGISTICS,2013-04-15,CDSL,11222.0,134.0,1.0154,1.816,0.245,7.76,NEUTRAL,1.03
MEDIA,2013-04-15,CDSL,14684.0,225.0,1.3286,0.98,0.5,-5.32,NEUTRAL,0.74
METAL,2013-04-15,CDSL,32101.0,-170.0,2.9045,-2.006,-0.493,-27.81,NEUTRAL,-1.249
PHARMA,2013-04-15,CDSL,72373.0,1505.0,6.5483,1.89,1.1,10.69,STRONG_ACCUMULATION,1.495
REALTY,2013-04-15,CDSL,16646.0,57.0,1.5061,0.273,-0.056,-14.89,NEUTRAL,0.109
SERVICES,2013-04-15,CDSL,13442.0,-32.0,1.2162,-0.357,-0.745,-14.95,DISTRIBUTION,-0.551
TELECOM,2013-04-15,CDSL,26374.0,-496.0,2.3863,0.165,-1.334,-16.28,DISTRIBUTION,-0.585
TEXTILES,2013-04-15,CDSL,15012.0,104.0,1.3583,-0.193,-0.272,-9.11,NEUTRAL,-0.233
AUTO,2013-04-30,CDSL,60796.0,212.0,5.197,1.516,-0.409,0.99,NEUTRAL,0.553
CAPITAL_GOODS,2013-04-30,CDSL,84249.0,2.0,7.2018,0.708,-0.375,-4.44,NEUTRAL,0.166
CEMENT,2013-04-30,CDSL,27565.0,173.0,2.3563,0.733,-0.571,-0.81,DISTRIBUTION,0.081
CHEMICALS,2013-04-30,CDSL,8289.0,65.0,0.7086,0.204,0.033,-4.0,NEUTRAL,0.118
COMMODITIES,2013-04-30,CDSL,420.0,62.0,0.0359,-0.023,2.941,-10.26,ACCUMULATION,1.459
ENERGY,2013-04-30,CDSL,91160.0,-813.0,7.7925,0.724,-0.893,-8.51,DISTRIBUTION,-0.085
FINANCIAL_SERVICES,2013-04-30,CDSL,364359.0,2792.0,31.1461,1.387,-0.146,0.73,NEUTRAL,0.621
FMCG,2013-04-30,CDSL,138116.0,1553.0,11.8064,1.97,1.027,14.17,STRONG_ACCUMULATION,1.498
HEALTHCARE,2013-04-30,CDSL,5225.0,219.0,0.4466,0.387,2.817,2.83,ACCUMULATION,1.602
INFRASTRUCTURE,2013-04-30,CDSL,43099.0,370.0,3.6842,1.845,-0.226,12.96,NEUTRAL,0.809
IT,2013-04-30,CDSL,130966.0,-1883.0,11.1952,0.222,-2.028,-8.09,DISTRIBUTION,-0.903
LOGISTICS,2013-04-30,CDSL,11468.0,139.0,0.9803,1.966,0.274,10.3,NEUTRAL,1.12
MEDIA,2013-04-30,CDSL,16364.0,258.0,1.3988,1.511,0.658,4.19,ACCUMULATION,1.085
METAL,2013-04-30,CDSL,32755.0,-385.0,2.8,-1.634,-0.791,-23.29,DISTRIBUTION,-1.212
PHARMA,2013-04-30,CDSL,76977.0,1390.0,6.5801,2.184,0.866,17.8,ACCUMULATION,1.525
REALTY,2013-04-30,CDSL,17456.0,114.0,1.4922,0.695,0.183,-10.82,NEUTRAL,0.439
SERVICES,2013-04-30,CDSL,13912.0,222.0,1.1892,0.047,0.567,-10.15,ACCUMULATION,0.307
TELECOM,2013-04-30,CDSL,30633.0,207.0,2.6186,1.483,0.248,-1.31,NEUTRAL,0.866
TEXTILES,2013-04-30,CDSL,16029.0,242.0,1.3702,0.66,1.438,-0.95,ACCUMULATION,1.049
AUTO,2013-05-15,NSDL,63314.0,588.0,5.1698,1.806,0.14,7.77,NEUTRAL,0.973
CAPITAL_GOODS,2013-05-15,NSDL,87211.0,800.0,7.1211,1.147,0.508,2.06,ACCUMULATION,0.828
CEMENT,2013-05-15,NSDL,28198.0,296.0,2.3025,0.874,0.019,2.99,NEUTRAL,0.447
CHEMICALS,2013-05-15,NSDL,9152.0,225.0,0.7473,2.039,1.298,6.41,STRONG_ACCUMULATION,1.669
COMMODITIES,2013-05-15,NSDL,423.0,1.0,0.0345,0.032,-0.273,0.95,NEUTRAL,-0.121
ENERGY,2013-05-15,NSDL,93182.0,279.0,7.6087,0.919,-0.295,-4.55,NEUTRAL,0.312
FINANCIAL_SERVICES,2013-05-15,NSDL,385666.0,5959.0,31.4911,1.751,0.894,6.71,ACCUMULATION,1.323
FMCG,2013-05-15,NSDL,143698.0,2018.0,11.7335,2.079,1.726,20.48,STRONG_ACCUMULATION,1.903
HEALTHCARE,2013-05-15,NSDL,5953.0,209.0,0.4861,2.246,2.322,18.66,STRONG_ACCUMULATION,2.284
INFRASTRUCTURE,2013-05-15,NSDL,44133.0,1229.0,3.6036,1.954,0.327,5.38,NEUTRAL,1.141
IT,2013-05-15,NSDL,138175.0,-1690.0,11.2825,0.668,-1.735,-5.52,DISTRIBUTION,-0.534
LOGISTICS,2013-05-15,NSDL,11904.0,110.0,0.972,2.261,0.066,10.99,NEUTRAL,1.163
MEDIA,2013-05-15,NSDL,17738.0,343.0,1.4484,1.838,1.075,14.53,STRONG_ACCUMULATION,1.457
METAL,2013-05-15,NSDL,34224.0,402.0,2.7945,-1.081,0.399,-12.39,NEUTRAL,-0.341
PHARMA,2013-05-15,NSDL,80957.0,1655.0,6.6104,2.308,1.265,22.35,STRONG_ACCUMULATION,1.786
REALTY,2013-05-15,NSDL,18006.0,60.0,1.4703,0.962,-0.051,-0.8,NEUTRAL,0.455
SERVICES,2013-05-15,NSDL,14326.0,222.0,1.1698,0.403,0.553,-0.94,ACCUMULATION,0.478
TELECOM,2013-05-15,NSDL,31479.0,732.0,2.5704,1.627,1.372,6.93,STRONG_ACCUMULATION,1.5
TEXTILES,2013-05-15,NSDL,16944.0,326.0,1.3835,1.371,2.202,6.52,STRONG_ACCUMULATION,1.786
AUTO,2013-05-31,NSDL,62063.0,339.0,5.1248,1.447,-0.258,8.55,NEUTRAL,0.595
CAPITAL_GOODS,2013-05-31,NSDL,86092.0,1559.0,7.109,0.914,1.274,6.13,ACCUMULATION,1.094
CEMENT,2013-05-31,NSDL,27103.0,31.0,2.238,0.52,-1.254,-0.83,DISTRIBUTION,-0.367
CHEMICALS,2013-05-31,NSDL,9271.0,565.0,0.7656,2.014,3.079,14.64,STRONG_ACCUMULATION,2.546
COMMODITIES,2013-05-31,NSDL,434.0,1.0,0.0358,0.243,-0.258,14.81,NEUTRAL,-0.008
ENERGY,2013-05-31,NSDL,93205.0,1567.0,7.6964,0.853,0.432,0.35,NEUTRAL,0.642
FINANCIAL_SERVICES,2013-05-31,NSDL,375542.0,6346.0,31.0103,1.387,1.029,11.52,STRONG_ACCUMULATION,1.208
FMCG,2013-05-31,NSDL,145760.0,1537.0,12.0361,1.976,0.817,25.12,ACCUMULATION,1.397
HEALTHCARE,2013-05-31,NSDL,6186.0,73.0,0.5108,2.408,0.669,25.96,ACCUMULATION,1.538
INFRASTRUCTURE,2013-05-31,NSDL,42978.0,1468.0,3.5489,1.471,0.45,4.51,NEUTRAL,0.961
IT,2013-05-31,NSDL,141052.0,642.0,11.6473,0.791,-0.182,-7.98,NEUTRAL,0.304
LOGISTICS,2013-05-31,NSDL,12250.0,674.0,1.0115,2.301,3.106,14.61,STRONG_ACCUMULATION,2.704
MEDIA,2013-05-31,NSDL,16664.0,431.0,1.376,1.349,1.418,11.97,STRONG_ACCUMULATION,1.383
METAL,2013-05-31,NSDL,32831.0,731.0,2.711,-1.428,0.85,-7.23,ACCUMULATION,-0.289
PHARMA,2013-05-31,NSDL,81723.0,2238.0,6.7483,2.102,2.022,24.03,STRONG_ACCUMULATION,2.062
REALTY,2013-05-31,NSDL,17117.0,-195.0,1.4134,0.439,-1.112,-5.86,DISTRIBUTION,-0.337
SERVICES,2013-05-31,NSDL,14067.0,462.0,1.1616,0.196,1.658,3.03,ACCUMULATION,0.927
TELECOM,2013-05-31,NSDL,29994.0,554.0,2.4767,1.112,0.919,0.06,ACCUMULATION,1.016
TEXTILES,2013-05-31,NSDL,16691.0,236.0,1.3783,1.069,1.153,7.3,STRONG_ACCUMULATION,1.111
AUTO,2013-06-15,NSDL,59011.0,-155.0,5.0663,0.864,-0.942,0.91,DISTRIBUTION,-0.039
CAPITAL_GOODS,2013-06-15,NSDL,83066.0,1044.0,7.1315,0.395,0.659,-1.99,ACCUMULATION,0.527
CEMENT,2013-06-15,NSDL,26735.0,-80.0,2.2953,0.354,-1.675,-2.94,DISTRIBUTION,-0.661
CHEMICALS,2013-06-15,NSDL,9056.0,450.0,0.7775,1.445,2.045,8.34,STRONG_ACCUMULATION,1.745
COMMODITIES,2013-06-15,NSDL,408.0,6.0,0.035,-0.148,0.053,10.87,NEUTRAL,-0.048
ENERGY,2013-06-15,NSDL,91150.0,578.0,7.8256,0.567,-0.156,-4.06,NEUTRAL,0.205
FINANCIAL_SERVICES,2013-06-15,NSDL,354912.0,1471.0,30.4706,0.849,-0.669,1.62,DISTRIBUTION,0.09
FMCG,2013-06-15,NSDL,141197.0,-91.0,12.1223,1.572,-1.89,16.49,DISTRIBUTION,-0.159
HEALTHCARE,2013-06-15,NSDL,6181.0,146.0,0.5307,2.345,1.395,26.66,STRONG_ACCUMULATION,1.87
INFRASTRUCTURE,2013-06-15,NSDL,41483.0,839.0,3.5615,0.981,0.007,-1.51,NEUTRAL,0.494
IT,2013-06-15,NSDL,138943.0,621.0,11.9288,0.595,-0.339,-12.14,NEUTRAL,0.128
LOGISTICS,2013-06-15,NSDL,12975.0,1153.0,1.114,2.576,3.768,18.79,STRONG_ACCUMULATION,3.172
MEDIA,2013-06-15,NSDL,15736.0,107.0,1.351,0.962,-0.389,2.08,NEUTRAL,0.286
METAL,2013-06-15,NSDL,30248.0,314.0,2.5969,-2.006,0.17,-15.0,NEUTRAL,-0.918
PHARMA,2013-06-15,NSDL,80438.0,1610.0,6.9059,1.774,0.931,16.77,ACCUMULATION,1.353
REALTY,2013-06-15,NSDL,16248.0,-214.0,1.395,-0.057,-1.166,-12.83,DISTRIBUTION,-0.611
SERVICES,2013-06-15,NSDL,12763.0,504.0,1.0958,-0.931,1.696,-14.9,ACCUMULATION,0.382
TELECOM,2013-06-15,NSDL,29201.0,-126.0,2.507,0.804,-0.601,1.51,DISTRIBUTION,0.102
TEXTILES,2013-06-15,NSDL,15019.0,-7.0,1.2894,-0.337,-1.528,-2.28,DISTRIBUTION,-0.932
AUTO,2013-06-30,CDSL,59858.0,-615.0,5.1813,0.935,-1.524,8.57,DISTRIBUTION,-0.294
CAPITAL_GOODS,2013-06-30,CDSL,79131.0,-1148.0,6.8495,-0.263,-1.599,-0.26,DISTRIBUTION,-0.931
CEMENT,2013-06-30,CDSL,26765.0,-248.0,2.3168,0.296,-2.152,1.95,DISTRIBUTION,-0.928
CHEMICALS,2013-06-30,CDSL,8864.0,73.0,0.7673,0.996,-0.184,5.41,NEUTRAL,0.406
COMMODITIES,2013-06-30,CDSL,385.0,5.0,0.0333,-0.743,0.03,8.76,NEUTRAL,-0.356
ENERGY,2013-06-30,CDSL,93917.0,-922.0,8.1294,0.868,-1.001,5.97,DISTRIBUTION,-0.066
FINANCIAL_SERVICES,2013-06-30,CDSL,347264.0,-5686.0,30.0589,0.612,-2.709,2.69,DISTRIBUTION,-1.048
FMCG,2013-06-30,CDSL,134965.0,-3334.0,11.6825,1.137,-4.022,9.89,DISTRIBUTION,-1.443
HEALTHCARE,2013-06-30,CDSL,6364.0,69.0,0.5509,2.338,0.475,26.12,NEUTRAL,1.407
INFRASTRUCTURE,2013-06-30,CDSL,40841.0,67.0,3.5352,0.737,-0.512,2.26,DISTRIBUTION,0.112
IT,2013-06-30,CDSL,144128.0,-413.0,12.4756,0.891,-1.169,-8.98,DISTRIBUTION,-0.139
LOGISTICS,2013-06-30,CDSL,12788.0,638.0,1.1069,2.127,1.644,17.86,STRONG_ACCUMULATION,1.885
MEDIA,2013-06-30,CDSL,16419.0,-140.0,1.4212,1.134,-1.755,9.68,DISTRIBUTION,-0.31
METAL,2013-06-30,CDSL,29011.0,-310.0,2.5112,-2.072,-0.808,-14.3,DISTRIBUTION,-1.44
PHARMA,2013-06-30,CDSL,81551.0,94.0,7.059,1.71,-1.404,17.77,DISTRIBUTION,0.153
REALTY,2013-06-30,CDSL,15456.0,-55.0,1.3379,-0.558,-0.509,-4.4,DISTRIBUTION,-0.534
SERVICES,2013-06-30,CDSL,13180.0,63.0,1.1408,-0.523,-0.395,-3.0,NEUTRAL,-0.459
TELECOM,2013-06-30,CDSL,29960.0,-247.0,2.5933,0.967,-0.851,11.42,DISTRIBUTION,0.058
TEXTILES,2013-06-30,CDSL,14432.0,-26.0,1.2492,-0.902,-1.677,-4.83,DISTRIBUTION,-1.29
AUTO,2013-07-15,NSDL,58887.0,-623.0,4.9734,0.71,-1.562,8.74,DISTRIBUTION,-0.426
CAPITAL_GOODS,2013-07-15,NSDL,77249.0,-1101.0,6.5242,-0.645,-1.647,-2.23,DISTRIBUTION,-1.146
CEMENT,2013-07-15,NSDL,27743.0,19.0,2.3431,0.626,-0.976,5.76,DISTRIBUTION,-0.175
CHEMICALS,2013-07-15,NSDL,9183.0,-3.0,0.7756,1.545,-0.641,11.05,DISTRIBUTION,0.452
COMMODITIES,2013-07-15,NSDL,429.0,32.0,0.0362,0.477,1.424,2.39,ACCUMULATION,0.95
ENERGY,2013-07-15,NSDL,94297.0,272.0,7.964,0.875,-0.362,4.43,NEUTRAL,0.257
FINANCIAL_SERVICES,2013-07-15,NSDL,348414.0,-4323.0,29.4257,0.583,-2.115,3.81,DISTRIBUTION,-0.766
FMCG,2013-07-15,NSDL,138110.0,-10639.0,11.6643,1.253,-4.447,10.93,DISTRIBUTION,-1.597
HEALTHCARE,2013-07-15,NSDL,6078.0,-52.0,0.5133,1.585,-0.871,20.81,DISTRIBUTION,0.357
INFRASTRUCTURE,2013-07-15,NSDL,41826.0,347.0,3.5325,0.995,-0.334,3.83,NEUTRAL,0.331
IT,2013-07-15,NSDL,157116.0,11.0,13.2694,1.654,-0.782,12.59,DISTRIBUTION,0.436
LOGISTICS,2013-07-15,NSDL,13081.0,195.0,1.1048,2.12,-0.091,16.57,NEUTRAL,1.014
MEDIA,2013-07-15,NSDL,16904.0,110.0,1.4276,1.24,-0.381,15.12,NEUTRAL,0.429
METAL,2013-07-15,NSDL,29522.0,-463.0,2.4933,-1.734,-1.037,-8.03,STRONG_DISTRIBUTION,-1.385
PHARMA,2013-07-15,NSDL,88101.0,392.0,7.4407,2.072,-1.002,21.73,DISTRIBUTION,0.535
REALTY,2013-07-15,NSDL,15625.0,-84.0,1.3196,-0.528,-0.63,-6.13,DISTRIBUTION,-0.579
SERVICES,2013-07-15,NSDL,13500.0,71.0,1.1402,-0.199,-0.35,0.43,NEUTRAL,-0.274
TELECOM,2013-07-15,NSDL,32859.0,159.0,2.7751,1.658,0.058,24.59,NEUTRAL,0.858
TEXTILES,2013-07-15,NSDL,15121.0,243.0,1.2771,-0.388,1.511,0.73,ACCUMULATION,0.561
AUTO,2013-07-31,CDSL,57768.0,-602.0,5.2096,0.447,-1.542,-4.98,DISTRIBUTION,-0.547
CAPITAL_GOODS,2013-07-31,CDSL,72769.0,-163.0,6.5625,-1.423,-0.72,-13.63,DISTRIBUTION,-1.071
CEMENT,2013-07-31,CDSL,25229.0,290.0,2.2752,-0.646,0.122,-8.47,NEUTRAL,-0.262
CHEMICALS,2013-07-31,CDSL,8408.0,86.0,0.7583,-0.156,-0.144,1.44,NEUTRAL,-0.15
COMMODITIES,2013-07-31,CDSL,384.0,34.0,0.0346,-0.727,1.404,-8.57,ACCUMULATION,0.338
ENERGY,2013-07-31,CDSL,91643.0,842.0,8.2646,0.42,-0.06,0.53,NEUTRAL,0.18
FINANCIAL_SERVICES,2013-07-31,CDSL,299758.0,-4705.0,27.0328,-0.786,-1.997,-17.73,DISTRIBUTION,-1.392
FMCG,2013-07-31,CDSL,132993.0,-7193.0,11.9936,0.876,-2.524,-3.71,DISTRIBUTION,-0.824
HEALTHCARE,2013-07-31,CDSL,5876.0,7.0,0.5299,1.101,-0.218,12.46,NEUTRAL,0.442
INFRASTRUCTURE,2013-07-31,CDSL,38684.0,639.0,3.4886,-0.138,-0.156,-10.24,NEUTRAL,-0.147
IT,2013-07-31,CDSL,173094.0,2554.0,15.61,2.353,1.145,32.17,STRONG_ACCUMULATION,1.749
LOGISTICS,2013-07-31,CDSL,11420.0,22.0,1.0299,0.585,-0.735,-0.42,DISTRIBUTION,-0.075
MEDIA,2013-07-31,CDSL,17044.0,282.0,1.5371,1.226,0.549,4.16,ACCUMULATION,0.887
METAL,2013-07-31,CDSL,25565.0,-283.0,2.3055,-2.334,-0.748,-21.95,DISTRIBUTION,-1.541
PHARMA,2013-07-31,CDSL,71770.0,737.0,6.4724,0.549,-0.536,-6.76,DISTRIBUTION,0.007
REALTY,2013-07-31,CDSL,13384.0,50.0,1.207,-1.809,-0.055,-23.33,NEUTRAL,-0.932
SERVICES,2013-07-31,CDSL,12426.0,99.0,1.1206,-1.182,-0.24,-10.68,NEUTRAL,-0.711
TELECOM,2013-07-31,CDSL,35708.0,298.0,3.2202,2.133,0.338,16.57,NEUTRAL,1.236
TEXTILES,2013-07-31,CDSL,14943.0,314.0,1.3476,-0.665,2.048,-6.78,ACCUMULATION,0.692
AUTO,2013-08-15,CDSL,58173.0,-402.0,5.1742,0.468,-1.278,-8.12,DISTRIBUTION,-0.405
CAPITAL_GOODS,2013-08-15,CDSL,65661.0,-131.0,5.8402,-2.345,-0.728,-24.71,DISTRIBUTION,-1.537
CEMENT,2013-08-15,CDSL,25074.0,110.0,2.2302,-0.91,-0.569,-11.08,DISTRIBUTION,-0.74
CHEMICALS,2013-08-15,CDSL,8799.0,142.0,0.7826,0.697,0.175,-3.86,NEUTRAL,0.436
COMMODITIES,2013-08-15,CDSL,377.0,2.0,0.0335,-0.883,-0.247,-10.87,NEUTRAL,-0.565
ENERGY,2013-08-15,CDSL,91033.0,242.0,8.0969,0.252,-0.416,-2.31,NEUTRAL,-0.082
FINANCIAL_SERVICES,2013-08-15,CDSL,299873.0,-3882.0,26.6721,-0.859,-1.663,-22.25,DISTRIBUTION,-1.261
FMCG,2013-08-15,CDSL,132482.0,-111.0,11.7836,0.784,-0.075,-7.81,NEUTRAL,0.355
HEALTHCARE,2013-08-15,CDSL,6032.0,16.0,0.5365,1.291,-0.141,1.33,NEUTRAL,0.575
INFRASTRUCTURE,2013-08-15,CDSL,40133.0,573.0,3.5696,0.335,-0.211,-9.06,NEUTRAL,0.062
IT,2013-08-15,CDSL,177372.0,2845.0,15.7763,2.254,1.27,28.37,STRONG_ACCUMULATION,1.762
LOGISTICS,2013-08-15,CDSL,12458.0,-10.0,1.1081,1.419,-0.834,4.65,DISTRIBUTION,0.293
MEDIA,2013-08-15,CDSL,17757.0,325.0,1.5794,1.425,0.753,0.11,ACCUMULATION,1.089
METAL,2013-08-15,CDSL,27798.0,45.0,2.4725,-1.641,-0.238,-18.78,NEUTRAL,-0.94
PHARMA,2013-08-15,CDSL,85016.0,166.0,7.5617,1.642,-1.466,5.01,DISTRIBUTION,0.088
REALTY,2013-08-15,CDSL,13739.0,94.0,1.222,-1.536,0.129,-23.7,NEUTRAL,-0.704
SERVICES,2013-08-15,CDSL,12111.0,4.0,1.0772,-1.404,-0.768,-15.46,DISTRIBUTION,-1.086
TELECOM,2013-08-15,CDSL,35665.0,204.0,3.1722,1.878,0.087,13.3,NEUTRAL,0.982
TEXTILES,2013-08-15,CDSL,14741.0,251.0,1.3111,-0.948,1.263,-13.0,ACCUMULATION,0.157
AUTO,2013-08-31,CDSL,54788.0,-29.0,5.1739,-0.285,-0.712,-11.72,DISTRIBUTION,-0.498
CAPITAL_GOODS,2013-08-31,CDSL,61095.0,-376.0,5.7695,-2.582,-0.973,-29.04,DISTRIBUTION,-1.777
CEMENT,2013-08-31,CDSL,22244.0,68.0,2.1006,-2.664,-0.685,-17.93,DISTRIBUTION,-1.675
CHEMICALS,2013-08-31,CDSL,8192.0,89.0,0.7736,-0.915,-0.121,-11.64,NEUTRAL,-0.518
COMMODITIES,2013-08-31,CDSL,360.0,2.0,0.034,-1.269,-0.268,-17.05,NEUTRAL,-0.768
ENERGY,2013-08-31,CDSL,86182.0,-673.0,8.1385,-0.79,-0.891,-7.54,DISTRIBUTION,-0.841
FINANCIAL_SERVICES,2013-08-31,CDSL,265119.0,-4509.0,25.0363,-1.835,-1.675,-29.4,STRONG_DISTRIBUTION,-1.755
FMCG,2013-08-31,CDSL,123574.0,-1738.0,11.6696,0.096,-0.593,-15.22,DISTRIBUTION,-0.248
HEALTHCARE,2013-08-31,CDSL,5462.0,25.0,0.5158,0.167,-0.056,-11.7,NEUTRAL,0.056
INFRASTRUCTURE,2013-08-31,CDSL,38125.0,556.0,3.6003,-0.467,-0.224,-11.29,NEUTRAL,-0.346
IT,2013-08-31,CDSL,187581.0,821.0,17.7141,2.435,-0.327,32.99,NEUTRAL,1.054
LOGISTICS,2013-08-31,CDSL,11450.0,-17.0,1.0813,0.447,-0.829,-6.53,DISTRIBUTION,-0.191
MEDIA,2013-08-31,CDSL,16147.0,124.0,1.5248,0.702,-0.591,-3.1,DISTRIBUTION,0.055
METAL,2013-08-31,CDSL,27712.0,-80.0,2.617,-1.509,-0.392,-15.59,NEUTRAL,-0.95
PHARMA,2013-08-31,CDSL,83106.0,-481.0,7.848,1.363,-2.218,1.69,DISTRIBUTION,-0.427
REALTY,2013-08-31,CDSL,11798.0,-71.0,1.1141,-2.294,-0.546,-31.07,DISTRIBUTION,-1.42
SERVICES,2013-08-31,CDSL,11244.0,95.0,1.0618,-1.953,-0.371,-20.07,NEUTRAL,-1.162
TELECOM,2013-08-31,CDSL,31584.0,-183.0,2.9826,0.837,-0.772,5.3,DISTRIBUTION,0.032
TEXTILES,2013-08-31,CDSL,13176.0,15.0,1.2443,-2.438,-1.19,-21.06,STRONG_DISTRIBUTION,-1.814
AUTO,2013-09-15,CDSL,57547.0,-5.0,5.0814,0.235,-0.654,-2.48,DISTRIBUTION,-0.21
CAPITAL_GOODS,2013-09-15,CDSL,67947.0,-8.0,5.9998,-1.6,-0.519,-18.2,DISTRIBUTION,-1.06
CEMENT,2013-09-15,CDSL,24729.0,136.0,2.1836,-1.274,-0.352,-7.5,NEUTRAL,-0.813
CHEMICALS,2013-09-15,CDSL,8720.0,105.0,0.77,0.43,0.046,-3.71,NEUTRAL,0.238
COMMODITIES,2013-09-15,CDSL,377.0,1.0,0.0333,-0.828,-0.347,-7.6,NEUTRAL,-0.587
ENERGY,2013-09-15,CDSL,91956.0,95.0,8.1198,0.331,-0.406,0.88,NEUTRAL,-0.038
FINANCIAL_SERVICES,2013-09-15,CDSL,298869.0,-3288.0,26.3903,-0.931,-1.287,-15.79,DISTRIBUTION,-1.109
FMCG,2013-09-15,CDSL,131590.0,-672.0,11.6195,0.645,-0.203,-6.8,NEUTRAL,0.221
HEALTHCARE,2013-09-15,CDSL,5421.0,-3.0,0.4787,0.045,-0.375,-12.3,NEUTRAL,-0.165
INFRASTRUCTURE,2013-09-15,CDSL,40438.0,90.0,3.5707,0.368,-0.539,-2.52,DISTRIBUTION,-0.086
IT,2013-09-15,CDSL,184635.0,1872.0,16.3034,2.045,0.47,32.89,NEUTRAL,1.257
LOGISTICS,2013-09-15,CDSL,10839.0,-27.0,0.9571,-0.174,-0.832,-16.46,DISTRIBUTION,-0.503
MEDIA,2013-09-15,CDSL,16112.0,40.0,1.4227,0.631,-1.091,2.39,DISTRIBUTION,-0.23
METAL,2013-09-15,CDSL,32985.0,148.0,2.9126,-0.368,-0.012,9.05,NEUTRAL,-0.19
PHARMA,2013-09-15,CDSL,87547.0,-137.0,7.7304,1.63,-1.589,8.84,DISTRIBUTION,0.02
REALTY,2013-09-15,CDSL,13381.0,-94.0,1.1815,-1.421,-0.61,-17.65,DISTRIBUTION,-1.016
SERVICES,2013-09-15,CDSL,11647.0,97.0,1.0284,-1.587,-0.392,-8.74,NEUTRAL,-0.99
TELECOM,2013-09-15,CDSL,33831.0,-296.0,2.9873,1.261,-0.959,15.86,DISTRIBUTION,0.151
TEXTILES,2013-09-15,CDSL,13925.0,-50.0,1.2296,-1.617,-1.684,-7.28,STRONG_DISTRIBUTION,-1.651
AUTO,2013-09-30,CDSL,58180.0,433.0,5.164,0.318,-0.038,-2.8,NEUTRAL,0.14
CAPITAL_GOODS,2013-09-30,CDSL,67560.0,1075.0,5.9965,-1.55,0.7,-14.62,ACCUMULATION,-0.425
CEMENT,2013-09-30,CDSL,25968.0,340.0,2.3049,-0.52,0.648,-2.98,ACCUMULATION,0.064
CHEMICALS,2013-09-30,CDSL,8997.0,227.0,0.7986,1.138,0.867,1.5,ACCUMULATION,1.002
COMMODITIES,2013-09-30,CDSL,360.0,0.0,0.032,-1.255,-0.409,-6.49,NEUTRAL,-0.832
ENERGY,2013-09-30,CDSL,89353.0,2003.0,7.9308,-0.351,0.672,-4.86,ACCUMULATION,0.161
FINANCIAL_SERVICES,2013-09-30,CDSL,285551.0,2663.0,25.3451,-1.356,0.076,-17.77,NEUTRAL,-0.64
FMCG,2013-09-30,CDSL,134083.0,806.0,11.901,0.793,0.308,-0.65,NEUTRAL,0.55
HEALTHCARE,2013-09-30,CDSL,5775.0,-40.0,0.5126,0.685,-0.777,-9.26,DISTRIBUTION,-0.046
INFRASTRUCTURE,2013-09-30,CDSL,42123.0,593.0,3.7388,0.992,-0.212,3.14,NEUTRAL,0.39
IT,2013-09-30,CDSL,185306.0,1696.0,16.4475,1.871,0.31,28.57,NEUTRAL,1.091
LOGISTICS,2013-09-30,CDSL,12509.0,148.0,1.1103,1.328,-0.191,-2.18,NEUTRAL,0.569
MEDIA,2013-09-30,CDSL,16507.0,206.0,1.4651,0.765,-0.01,0.54,NEUTRAL,0.378
METAL,2013-09-30,CDSL,32830.0,497.0,2.9139,-0.358,0.527,13.16,ACCUMULATION,0.085
PHARMA,2013-09-30,CDSL,89223.0,810.0,7.9193,1.635,-0.246,9.41,NEUTRAL,0.695
REALTY,2013-09-30,CDSL,12104.0,119.0,1.0743,-1.869,0.273,-21.69,NEUTRAL,-0.798
SERVICES,2013-09-30,CDSL,11891.0,21.0,1.0554,-1.34,-0.8,-9.78,DISTRIBUTION,-1.07
TELECOM,2013-09-30,CDSL,34003.0,78.0,3.0181,1.212,-0.136,13.49,NEUTRAL,0.538
TEXTILES,2013-09-30,CDSL,14328.0,-27.0,1.2717,-1.178,-1.381,-0.72,STRONG_DISTRIBUTION,-1.28
AUTO,2013-10-15,CDSL,61144.0,686.0,5.1151,1.086,0.308,3.83,NEUTRAL,0.697
CAPITAL_GOODS,2013-10-15,CDSL,75303.0,1200.0,6.2996,-0.603,0.798,-2.52,ACCUMULATION,0.098
CEMENT,2013-10-15,CDSL,27881.0,358.0,2.3324,0.687,0.75,0.5,ACCUMULATION,0.719
CHEMICALS,2013-10-15,CDSL,9291.0,230.0,0.7773,1.81,0.821,1.18,ACCUMULATION,1.316
COMMODITIES,2013-10-15,CDSL,386.0,-7.0,0.0323,-0.63,-0.759,-10.02,DISTRIBUTION,-0.695
ENERGY,2013-10-15,CDSL,92217.0,1325.0,7.7146,0.285,0.268,-2.21,NEUTRAL,0.276
FINANCIAL_SERVICES,2013-10-15,CDSL,304149.0,1570.0,25.4441,-0.868,-0.157,-12.7,NEUTRAL,-0.512
FMCG,2013-10-15,CDSL,133103.0,256.0,11.135,0.652,0.133,-3.63,NEUTRAL,0.393
HEALTHCARE,2013-10-15,CDSL,5569.0,-20.0,0.4659,0.194,-0.593,-8.37,DISTRIBUTION,-0.199
INFRASTRUCTURE,2013-10-15,CDSL,42332.0,831.0,3.5414,1.033,-0.057,1.21,NEUTRAL,0.488
IT,2013-10-15,CDSL,208998.0,1948.0,17.4841,2.518,0.521,33.02,ACCUMULATION,1.519
LOGISTICS,2013-10-15,CDSL,12982.0,185.0,1.086,1.651,-0.072,-0.76,NEUTRAL,0.789
MEDIA,2013-10-15,CDSL,17508.0,457.0,1.4647,1.247,1.475,3.57,STRONG_ACCUMULATION,1.361
METAL,2013-10-15,CDSL,34608.0,237.0,2.8952,0.013,0.115,17.23,NEUTRAL,0.064
PHARMA,2013-10-15,CDSL,92615.0,1230.0,7.7479,1.761,0.345,5.12,NEUTRAL,1.053
REALTY,2013-10-15,CDSL,13807.0,225.0,1.155,-1.096,0.671,-11.64,ACCUMULATION,-0.213
SERVICES,2013-10-15,CDSL,12494.0,51.0,1.0452,-0.919,-0.648,-7.45,DISTRIBUTION,-0.784
TELECOM,2013-10-15,CDSL,36328.0,158.0,3.0391,1.65,0.017,10.56,NEUTRAL,0.833
TEXTILES,2013-10-15,CDSL,14646.0,-63.0,1.2252,-0.891,-1.6,-3.14,DISTRIBUTION,-1.246
AUTO,2013-10-31,CDSL,63485.0,749.0,5.1208,1.761,0.362,9.9,NEUTRAL,1.061
CAPITAL_GOODS,2013-10-31,CDSL,78459.0,1549.0,6.3286,-0.207,1.105,7.82,ACCUMULATION,0.449
CEMENT,2013-10-31,CDSL,27633.0,330.0,2.2289,0.464,0.574,9.53,ACCUMULATION,0.519
CHEMICALS,2013-10-31,CDSL,10123.0,251.0,0.8165,3.099,0.893,20.4,ACCUMULATION,1.996
COMMODITIES,2013-10-31,CDSL,387.0,-7.0,0.0312,-0.615,-0.741,0.78,DISTRIBUTION,-0.678
ENERGY,2013-10-31,CDSL,97257.0,1478.0,7.8449,1.576,0.337,6.13,NEUTRAL,0.957
FINANCIAL_SERVICES,2013-10-31,CDSL,329491.0,2486.0,26.5771,-0.11,0.059,9.92,NEUTRAL,-0.026
FMCG,2013-10-31,CDSL,134947.0,-124.0,10.885,0.768,0.019,1.47,NEUTRAL,0.394
HEALTHCARE,2013-10-31,CDSL,5647.0,-10.0,0.4555,0.312,-0.498,-3.9,NEUTRAL,-0.093
INFRASTRUCTURE,2013-10-31,CDSL,44309.0,523.0,3.574,1.798,-0.272,14.54,NEUTRAL,0.763
IT,2013-10-31,CDSL,205113.0,4631.0,16.5447,2.053,2.302,18.5,STRONG_ACCUMULATION,2.178
LOGISTICS,2013-10-31,CDSL,13298.0,233.0,1.0726,1.799,0.09,16.44,NEUTRAL,0.945
MEDIA,2013-10-31,CDSL,19049.0,550.0,1.5365,2.004,1.831,11.76,STRONG_ACCUMULATION,1.917
METAL,2013-10-31,CDSL,37128.0,939.0,2.9948,0.536,1.121,45.23,ACCUMULATION,0.829
PHARMA,2013-10-31,CDSL,91899.0,993.0,7.4127,1.559,0.001,28.05,NEUTRAL,0.78
REALTY,2013-10-31,CDSL,13965.0,153.0,1.1264,-1.003,0.326,4.34,NEUTRAL,-0.338
SERVICES,2013-10-31,CDSL,14079.0,13.0,1.1356,0.378,-0.852,13.3,DISTRIBUTION,-0.237
TELECOM,2013-10-31,CDSL,37693.0,478.0,3.0404,1.834,0.67,5.56,ACCUMULATION,1.252
TEXTILES,2013-10-31,CDSL,15792.0,187.0,1.2738,0.211,0.596,5.68,ACCUMULATION,0.403
AUTO,2013-11-15,CDSL,63533.0,621.0,5.2564,1.66,0.183,9.21,NEUTRAL,0.921
CAPITAL_GOODS,2013-11-15,CDSL,78901.0,1516.0,6.5279,-0.134,1.07,20.16,ACCUMULATION,0.468
CEMENT,2013-11-15,CDSL,26198.0,147.0,2.1675,-0.512,-0.266,4.48,NEUTRAL,-0.389
CHEMICALS,2013-11-15,CDSL,10264.0,398.0,0.8492,2.722,1.684,16.65,STRONG_ACCUMULATION,2.203
COMMODITIES,2013-11-15,CDSL,379.0,0.0,0.0314,-0.817,-0.381,0.53,NEUTRAL,-0.599
ENERGY,2013-11-15,CDSL,92574.0,1899.0,7.6591,0.24,0.722,1.69,ACCUMULATION,0.481
FINANCIAL_SERVICES,2013-11-15,CDSL,312443.0,2448.0,25.8501,-0.676,0.09,4.19,NEUTRAL,-0.293
FMCG,2013-11-15,CDSL,127644.0,-14.0,10.5607,-0.027,0.068,-3.65,NEUTRAL,0.021
HEALTHCARE,2013-11-15,CDSL,5524.0,12.0,0.457,-0.011,-0.208,-8.42,NEUTRAL,-0.11
INFRASTRUCTURE,2013-11-15,CDSL,43428.0,529.0,3.593,1.283,-0.27,8.21,NEUTRAL,0.506
IT,2013-11-15,CDSL,206023.0,4148.0,17.0454,1.861,1.77,16.15,STRONG_ACCUMULATION,1.816
LOGISTICS,2013-11-15,CDSL,13565.0,178.0,1.1223,1.839,-0.115,8.89,NEUTRAL,0.862
MEDIA,2013-11-15,CDSL,19428.0,457.0,1.6074,2.019,1.184,9.41,STRONG_ACCUMULATION,1.602
METAL,2013-11-15,CDSL,37576.0,1296.0,3.1089,0.641,1.597,35.18,ACCUMULATION,1.119
PHARMA,2013-11-15,CDSL,91607.0,-142.0,7.5791,1.422,-1.573,7.75,DISTRIBUTION,-0.076
REALTY,2013-11-15,CDSL,13479.0,17.0,1.1152,-1.143,-0.238,-1.89,NEUTRAL,-0.691
SERVICES,2013-11-15,CDSL,15171.0,90.0,1.2552,1.226,-0.441,25.27,NEUTRAL,0.392
TELECOM,2013-11-15,CDSL,35922.0,669.0,2.972,1.327,1.027,0.72,STRONG_ACCUMULATION,1.177
TEXTILES,2013-11-15,CDSL,15015.0,247.0,1.2423,-0.507,1.052,1.86,ACCUMULATION,0.273
AUTO,2013-11-30,CDSL,64873.0,486.0,5.2566,1.97,0.053,18.41,NEUTRAL,1.012
CAPITAL_GOODS,2013-11-30,CDSL,85655.0,1895.0,6.9406,0.74,1.648,40.2,ACCUMULATION,1.194
CEMENT,2013-11-30,CDSL,26902.0,-167.0,2.1799,0.044,-1.601,20.94,DISTRIBUTION,-0.778
CHEMICALS,2013-11-30,CDSL,10788.0,398.0,0.8741,2.867,1.577,31.69,STRONG_ACCUMULATION,2.222
COMMODITIES,2013-11-30,CDSL,385.0,0.0,0.0312,-0.607,-0.396,6.94,NEUTRAL,-0.502
ENERGY,2013-11-30,CDSL,94383.0,479.0,7.6478,0.694,-0.095,9.52,NEUTRAL,0.299
FINANCIAL_SERVICES,2013-11-30,CDSL,323267.0,187.0,26.1941,-0.338,-0.379,21.93,NEUTRAL,-0.359
FMCG,2013-11-30,CDSL,130072.0,-309.0,10.5397,0.175,-0.017,5.26,NEUTRAL,0.079
HEALTHCARE,2013-11-30,CDSL,5302.0,25.0,0.4296,-0.532,-0.005,-2.93,NEUTRAL,-0.269
INFRASTRUCTURE,2013-11-30,CDSL,43644.0,185.0,3.5364,1.271,-0.483,14.48,NEUTRAL,0.394
IT,2013-11-30,CDSL,205882.0,2234.0,16.6825,1.682,0.497,9.76,NEUTRAL,1.089
LOGISTICS,2013-11-30,CDSL,14278.0,327.0,1.1569,2.149,0.425,24.7,NEUTRAL,1.287
MEDIA,2013-11-30,CDSL,18531.0,165.0,1.5016,1.439,-0.518,14.76,DISTRIBUTION,0.461
METAL,2013-11-30,CDSL,39210.0,1032.0,3.1772,0.98,1.23,41.49,ACCUMULATION,1.105
PHARMA,2013-11-30,CDSL,90346.0,-777.0,7.3207,1.226,-2.207,8.71,DISTRIBUTION,-0.49
REALTY,2013-11-30,CDSL,13511.0,-88.0,1.0948,-1.053,-0.671,14.52,DISTRIBUTION,-0.862
SERVICES,2013-11-30,CDSL,16268.0,185.0,1.3182,1.904,0.044,44.68,NEUTRAL,0.974
TELECOM,2013-11-30,CDSL,35719.0,385.0,2.8943,1.222,0.38,13.09,NEUTRAL,0.801
TEXTILES,2013-11-30,CDSL,15104.0,-91.0,1.2239,-0.369,-1.769,14.63,DISTRIBUTION,-1.069
AUTO,2013-12-15,CDSL,65622.0,1074.0,5.297,1.999,0.992,14.03,ACCUMULATION,1.496
CAPITAL_GOODS,2013-12-15,CDSL,85105.0,2540.0,6.8696,0.645,2.153,25.25,ACCUMULATION,1.399
CEMENT,2013-12-15,CDSL,26008.0,-99.0,2.0994,-0.57,-1.247,5.17,DISTRIBUTION,-0.909
CHEMICALS,2013-12-15,CDSL,10817.0,293.0,0.8731,2.438,0.905,24.05,ACCUMULATION,1.671
COMMODITIES,2013-12-15,CDSL,384.0,0.0,0.031,-0.578,-0.401,1.86,NEUTRAL,-0.489
ENERGY,2013-12-15,CDSL,94753.0,379.0,7.6484,0.735,-0.183,3.04,NEUTRAL,0.276
FINANCIAL_SERVICES,2013-12-15,CDSL,327445.0,3049.0,26.4312,-0.222,0.377,9.56,NEUTRAL,0.077
FMCG,2013-12-15,CDSL,126512.0,-398.0,10.212,-0.297,-0.03,-3.86,NEUTRAL,-0.163
HEALTHCARE,2013-12-15,CDSL,5222.0,19.0,0.4215,-0.698,-0.038,-3.67,NEUTRAL,-0.368
INFRASTRUCTURE,2013-12-15,CDSL,43673.0,617.0,3.5253,1.214,-0.189,8.0,NEUTRAL,0.512
IT,2013-12-15,CDSL,210374.0,1726.0,16.9813,1.673,0.149,13.94,NEUTRAL,0.911
LOGISTICS,2013-12-15,CDSL,14212.0,429.0,1.1472,1.879,0.749,31.12,ACCUMULATION,1.314
MEDIA,2013-12-15,CDSL,19556.0,104.0,1.5785,1.923,-0.939,21.38,DISTRIBUTION,0.492
METAL,2013-12-15,CDSL,40490.0,1310.0,3.2683,1.192,1.504,22.75,STRONG_ACCUMULATION,1.348
PHARMA,2013-12-15,CDSL,89378.0,-446.0,7.2145,1.07,-1.634,2.09,DISTRIBUTION,-0.282
REALTY,2013-12-15,CDSL,13488.0,24.0,1.0887,-1.007,-0.275,0.8,NEUTRAL,-0.641
SERVICES,2013-12-15,CDSL,16103.0,62.0,1.2998,1.611,-0.642,38.26,DISTRIBUTION,0.484
TELECOM,2013-12-15,CDSL,34951.0,361.0,2.8212,0.98,0.301,3.31,NEUTRAL,0.64
TEXTILES,2013-12-15,CDSL,14766.0,-141.0,1.1919,-0.655,-1.925,6.04,DISTRIBUTION,-1.29
AUTO,2013-12-31,CDSL,67011.0,789.0,5.2168,2.156,0.535,15.18,ACCUMULATION,1.346
CAPITAL_GOODS,2013-12-31,CDSL,88520.0,1398.0,6.8913,1.045,0.844,31.02,ACCUMULATION,0.944
CEMENT,2013-12-31,CDSL,26186.0,43.0,2.0386,-0.397,-0.592,0.84,DISTRIBUTION,-0.494
CHEMICALS,2013-12-31,CDSL,11596.0,217.0,0.9027,2.762,0.416,28.89,NEUTRAL,1.589
COMMODITIES,2013-12-31,CDSL,386.0,-10.0,0.0301,-0.47,-0.885,7.22,DISTRIBUTION,-0.677
ENERGY,2013-12-31,CDSL,97986.0,897.0,7.6282,1.586,0.173,9.66,NEUTRAL,0.88
FINANCIAL_SERVICES,2013-12-31,CDSL,330337.0,3221.0,25.7168,-0.139,0.396,15.68,NEUTRAL,0.129
FMCG,2013-12-31,CDSL,130144.0,-157.0,10.1317,0.074,0.061,-2.94,NEUTRAL,0.068
HEALTHCARE,2013-12-31,CDSL,5967.0,27.0,0.4645,0.985,0.07,3.32,NEUTRAL,0.527
INFRASTRUCTURE,2013-12-31,CDSL,49647.0,3340.0,3.865,3.116,1.515,17.86,STRONG_ACCUMULATION,2.316
IT,2013-12-31,CDSL,225401.0,2036.0,17.5475,1.959,0.32,21.64,NEUTRAL,1.139
LOGISTICS,2013-12-31,CDSL,14649.0,146.0,1.1404,1.977,-0.349,17.11,NEUTRAL,0.814
MEDIA,2013-12-31,CDSL,19974.0,243.0,1.555,1.987,-0.143,21.0,NEUTRAL,0.922
METAL,2013-12-31,CDSL,42498.0,1069.0,3.3085,1.484,1.075,29.45,STRONG_ACCUMULATION,1.28
PHARMA,2013-12-31,CDSL,92073.0,-188.0,7.1679,1.238,-1.223,3.19,DISTRIBUTION,0.007
REALTY,2013-12-31,CDSL,14515.0,229.0,1.13,-0.525,0.607,19.92,ACCUMULATION,0.041
SERVICES,2013-12-31,CDSL,16863.0,89.0,1.3128,1.92,-0.514,41.81,DISTRIBUTION,0.703
TELECOM,2013-12-31,CDSL,35503.0,327.0,2.7639,1.081,0.197,4.41,NEUTRAL,0.639
TEXTILES,2013-12-31,CDSL,15264.0,7.0,1.1883,-0.104,-0.744,6.53,DISTRIBUTION,-0.424
AUTO,2014-01-15,CDSL,66058.0,-36.0,5.1233,1.683,-0.711,8.04,DISTRIBUTION,0.486
CAPITAL_GOODS,2014-01-15,CDSL,86023.0,1.0,6.6717,0.726,-0.648,14.24,DISTRIBUTION,0.039
CEMENT,2014-01-15,CDSL,24889.0,-6.0,1.9303,-1.256,-0.793,-10.73,DISTRIBUTION,-1.024
CHEMICALS,2014-01-15,CDSL,11862.0,166.0,0.92,2.52,0.062,27.67,NEUTRAL,1.291
COMMODITIES,2014-01-15,CDSL,383.0,-8.0,0.0297,-0.496,-0.744,-0.78,DISTRIBUTION,-0.62
ENERGY,2014-01-15,CDSL,97641.0,404.0,7.5727,1.4,-0.241,5.88,NEUTRAL,0.579
FINANCIAL_SERVICES,2014-01-15,CDSL,329925.0,206.0,25.588,-0.139,-0.359,8.47,NEUTRAL,-0.249
FMCG,2014-01-15,CDSL,129893.0,-274.0,10.0741,0.009,0.038,-2.41,NEUTRAL,0.024
HEALTHCARE,2014-01-15,CDSL,5720.0,6.0,0.4436,0.396,-0.291,2.71,NEUTRAL,0.053
INFRASTRUCTURE,2014-01-15,CDSL,47830.0,2766.0,3.7096,2.138,1.059,12.99,STRONG_ACCUMULATION,1.599
IT,2014-01-15,CDSL,239179.0,2027.0,18.55,2.118,0.289,14.44,NEUTRAL,1.204
LOGISTICS,2014-01-15,CDSL,14371.0,10.0,1.1146,1.618,-0.84,10.7,DISTRIBUTION,0.389
MEDIA,2014-01-15,CDSL,19946.0,205.0,1.547,1.82,-0.383,13.93,NEUTRAL,0.719
METAL,2014-01-15,CDSL,40444.0,271.0,3.1367,1.04,-0.067,16.86,NEUTRAL,0.487
PHARMA,2014-01-15,CDSL,94841.0,-100.0,7.3556,1.4,-1.044,2.4,DISTRIBUTION,0.178
REALTY,2014-01-15,CDSL,13676.0,82.0,1.0607,-0.822,-0.059,-0.95,NEUTRAL,-0.441
SERVICES,2014-01-15,CDSL,16265.0,209.0,1.2615,1.415,0.131,30.18,NEUTRAL,0.773
TELECOM,2014-01-15,CDSL,35562.0,159.0,2.7581,1.018,-0.15,-2.11,NEUTRAL,0.434
TEXTILES,2014-01-15,CDSL,14866.0,96.0,1.153,-0.459,-0.063,1.5,NEUTRAL,-0.261
AUTO,2014-01-31,CDSL,64030.0,66.0,5.1657,1.021,-0.492,0.86,NEUTRAL,0.264
CAPITAL_GOODS,2014-01-31,CDSL,81830.0,-229.0,6.6017,0.225,-0.855,4.3,DISTRIBUTION,-0.315
CEMENT,2014-01-31,CDSL,24123.0,-70.0,1.9462,-1.648,-1.071,-12.7,STRONG_DISTRIBUTION,-1.359
CHEMICALS,2014-01-31,CDSL,11183.0,14.0,0.9022,1.684,-0.927,10.47,DISTRIBUTION,0.378
COMMODITIES,2014-01-31,CDSL,362.0,4.0,0.0292,-1.064,-0.126,-6.46,NEUTRAL,-0.595
ENERGY,2014-01-31,CDSL,92947.0,609.0,7.4986,-0.106,-0.068,-4.43,NEUTRAL,-0.087
FINANCIAL_SERVICES,2014-01-31,CDSL,308084.0,-353.0,24.8551,-0.82,-0.453,-6.5,NEUTRAL,-0.636
FMCG,2014-01-31,CDSL,126519.0,-1105.0,10.2071,-0.443,-0.215,-6.25,NEUTRAL,-0.329
HEALTHCARE,2014-01-31,CDSL,5857.0,-33.0,0.4725,0.662,-0.952,3.72,DISTRIBUTION,-0.145
INFRASTRUCTURE,2014-01-31,CDSL,46094.0,21.0,3.7187,1.405,-0.678,4.03,DISTRIBUTION,0.363
IT,2014-01-31,CDSL,237079.0,1293.0,19.1267,1.857,-0.178,15.58,NEUTRAL,0.84
LOGISTICS,2014-01-31,CDSL,13946.0,10.0,1.1251,1.212,-0.819,4.87,DISTRIBUTION,0.197
MEDIA,2014-01-31,CDSL,19165.0,131.0,1.5462,1.272,-0.814,0.61,DISTRIBUTION,0.229
METAL,2014-01-31,CDSL,38900.0,-10.0,3.1383,0.776,-0.407,4.77,NEUTRAL,0.185
PHARMA,2014-01-31,CDSL,94019.0,222.0,7.5851,1.241,-0.636,2.31,DISTRIBUTION,0.303
REALTY,2014-01-31,CDSL,12135.0,-148.0,0.979,-1.36,-1.079,-13.1,STRONG_DISTRIBUTION,-1.22
SERVICES,2014-01-31,CDSL,15619.0,242.0,1.2601,0.99,0.293,10.94,NEUTRAL,0.641
TELECOM,2014-01-31,CDSL,32684.0,1.0,2.6368,0.08,-0.462,-13.29,NEUTRAL,-0.191
TEXTILES,2014-01-31,CDSL,14945.0,175.0,1.2057,-0.314,0.508,-5.36,ACCUMULATION,0.097
AUTO,2014-02-15,CDSL,64592.0,336.0,5.2658,1.111,0.028,1.67,NEUTRAL,0.57
CAPITAL_GOODS,2014-02-15,CDSL,83503.0,-522.0,6.8075,0.509,-1.083,5.83,DISTRIBUTION,-0.287
CEMENT,2014-02-15,CDSL,23388.0,-101.0,1.9067,-1.928,-1.147,-10.73,STRONG_DISTRIBUTION,-1.538
CHEMICALS,2014-02-15,CDSL,10983.0,-25.0,0.8954,1.379,-1.153,7.01,DISTRIBUTION,0.113
COMMODITIES,2014-02-15,CDSL,346.0,1.0,0.0282,-1.56,-0.286,-8.71,NEUTRAL,-0.923
ENERGY,2014-02-15,CDSL,91824.0,-108.0,7.4859,-0.436,-0.597,-0.81,DISTRIBUTION,-0.516
FINANCIAL_SERVICES,2014-02-15,CDSL,303706.0,-1359.0,24.7594,-0.897,-0.658,-2.8,DISTRIBUTION,-0.778
FMCG,2014-02-15,CDSL,122706.0,-2416.0,10.0035,-0.975,-0.65,-3.87,DISTRIBUTION,-0.812
HEALTHCARE,2014-02-15,CDSL,5717.0,-32.0,0.4661,0.316,-0.882,3.49,DISTRIBUTION,-0.283
INFRASTRUCTURE,2014-02-15,CDSL,46148.0,-321.0,3.7622,1.308,-0.845,6.26,DISTRIBUTION,0.232
IT,2014-02-15,CDSL,235428.0,908.0,19.1931,1.636,-0.424,14.27,NEUTRAL,0.606
LOGISTICS,2014-02-15,CDSL,13739.0,-50.0,1.1201,0.986,-1.041,1.28,DISTRIBUTION,-0.027
MEDIA,2014-02-15,CDSL,18736.0,70.0,1.5274,0.939,-1.126,-3.56,DISTRIBUTION,-0.093
METAL,2014-02-15,CDSL,37593.0,-214.0,3.0647,0.612,-0.686,0.05,DISTRIBUTION,-0.037
PHARMA,2014-02-15,CDSL,94710.0,410.0,7.7212,1.225,-0.386,3.39,NEUTRAL,0.42
REALTY,2014-02-15,CDSL,11970.0,-85.0,0.9758,-1.346,-0.8,-11.2,DISTRIBUTION,-1.073
SERVICES,2014-02-15,CDSL,15160.0,121.0,1.2359,0.727,-0.311,-0.07,NEUTRAL,0.208
TELECOM,2014-02-15,CDSL,31425.0,47.0,2.5619,-0.322,-0.315,-12.52,NEUTRAL,-0.319
TEXTILES,2014-02-15,CDSL,14953.0,105.0,1.219,-0.245,-0.022,-0.41,NEUTRAL,-0.134
AUTO,2014-02-28,CDSL,67522.0,569.0,5.3003,1.724,0.568,4.08,ACCUMULATION,1.146
CAPITAL_GOODS,2014-02-28,CDSL,90134.0,71.0,7.0752,1.377,-0.412,5.23,NEUTRAL,0.483
CEMENT,2014-02-28,CDSL,25691.0,-72.0,2.0167,-0.341,-0.94,-4.5,DISTRIBUTION,-0.64
CHEMICALS,2014-02-28,CDSL,11120.0,64.0,0.8729,1.371,-0.623,3.08,DISTRIBUTION,0.374
COMMODITIES,2014-02-28,CDSL,356.0,-1.0,0.0279,-1.229,-0.376,-7.53,NEUTRAL,-0.802
ENERGY,2014-02-28,CDSL,91198.0,-703.0,7.1588,-0.583,-1.025,-3.37,DISTRIBUTION,-0.804
FINANCIAL_SERVICES,2014-02-28,CDSL,320682.0,-639.0,25.1726,-0.268,-0.404,-0.8,NEUTRAL,-0.336
FMCG,2014-02-28,CDSL,124642.0,-966.0,9.784,-0.754,-0.101,-4.17,NEUTRAL,-0.427
HEALTHCARE,2014-02-28,CDSL,5738.0,-15.0,0.4504,0.314,-0.62,8.22,DISTRIBUTION,-0.153
INFRASTRUCTURE,2014-02-28,CDSL,45482.0,-456.0,3.5702,1.001,-0.904,4.21,DISTRIBUTION,0.048
IT,2014-02-28,CDSL,246906.0,1057.0,19.3814,1.764,-0.308,19.93,NEUTRAL,0.728
LOGISTICS,2014-02-28,CDSL,15073.0,-50.0,1.1832,1.809,-1.008,5.57,DISTRIBUTION,0.4
MEDIA,2014-02-28,CDSL,19331.0,7.0,1.5174,1.195,-1.377,4.32,DISTRIBUTION,-0.091
METAL,2014-02-28,CDSL,36544.0,-10.0,2.8686,0.466,-0.315,-6.8,NEUTRAL,0.076
PHARMA,2014-02-28,CDSL,99163.0,515.0,7.784,1.562,-0.223,9.76,NEUTRAL,0.669
REALTY,2014-02-28,CDSL,11863.0,-4.0,0.9312,-1.325,-0.378,-12.2,NEUTRAL,-0.851
SERVICES,2014-02-28,CDSL,16524.0,32.0,1.2971,1.526,-0.845,1.57,DISTRIBUTION,0.341
TELECOM,2014-02-28,CDSL,30000.0,235.0,2.3549,-0.76,0.24,-16.01,NEUTRAL,-0.26
TEXTILES,2014-02-28,CDSL,15966.0,447.0,1.2533,1.042,2.218,5.71,STRONG_ACCUMULATION,1.63
AUTO,2014-03-15,CDSL,71502.0,778.0,5.4471,2.325,1.116,8.96,STRONG_ACCUMULATION,1.721
CAPITAL_GOODS,2014-03-15,CDSL,95049.0,1583.0,7.2409,1.857,1.141,11.68,STRONG_ACCUMULATION,1.499
CEMENT,2014-03-15,CDSL,28110.0,141.0,2.1414,1.262,0.084,8.08,NEUTRAL,0.673
CHEMICALS,2014-03-15,CDSL,11387.0,85.0,0.8675,1.454,-0.511,5.27,DISTRIBUTION,0.471
COMMODITIES,2014-03-15,CDSL,370.0,2.0,0.0282,-0.606,-0.233,-3.65,NEUTRAL,-0.419
ENERGY,2014-03-15,CDSL,99287.0,1117.0,7.5637,2.142,0.785,4.79,ACCUMULATION,1.464
FINANCIAL_SERVICES,2014-03-15,CDSL,353085.0,4057.0,26.8982,0.891,0.996,7.83,ACCUMULATION,0.944
FMCG,2014-03-15,CDSL,127684.0,1292.0,9.727,-0.407,0.712,0.93,ACCUMULATION,0.152
HEALTHCARE,2014-03-15,CDSL,5436.0,3.0,0.4141,-0.447,-0.369,4.1,NEUTRAL,-0.408
INFRASTRUCTURE,2014-03-15,CDSL,47103.0,-72.0,3.5883,1.457,-0.64,7.85,DISTRIBUTION,0.409
IT,2014-03-15,CDSL,226692.0,953.0,17.2695,1.122,-0.332,7.76,NEUTRAL,0.395
LOGISTICS,2014-03-15,CDSL,16329.0,80.0,1.244,2.351,-0.498,14.9,NEUTRAL,0.926
MEDIA,2014-03-15,CDSL,20158.0,229.0,1.5356,1.536,-0.022,3.08,NEUTRAL,0.757
METAL,2014-03-15,CDSL,37900.0,580.0,2.8872,0.79,0.634,-6.4,ACCUMULATION,0.712
PHARMA,2014-03-15,CDSL,91655.0,-4552.0,6.9823,0.741,-3.818,2.55,DISTRIBUTION,-1.538
REALTY,2014-03-15,CDSL,13990.0,156.0,1.0658,-0.304,0.51,3.72,ACCUMULATION,0.103
SERVICES,2014-03-15,CDSL,18056.0,165.0,1.3755,2.152,0.181,12.13,NEUTRAL,1.167
TELECOM,2014-03-15,CDSL,31795.0,879.0,2.4222,-0.222,1.99,-9.03,ACCUMULATION,0.884
TEXTILES,2014-03-15,CDSL,17083.0,683.0,1.3014,2.187,2.967,15.69,STRONG_ACCUMULATION,2.577
AUTO,2014-03-31,CDSL,75914.0,1024.0,5.516,2.697,1.553,13.29,STRONG_ACCUMULATION,2.125
CAPITAL_GOODS,2014-03-31,CDSL,100269.0,1890.0,7.2856,2.169,1.342,13.27,STRONG_ACCUMULATION,1.756
CEMENT,2014-03-31,CDSL,31413.0,528.0,2.2825,2.795,1.991,19.96,STRONG_ACCUMULATION,2.393
CHEMICALS,2014-03-31,CDSL,11841.0,53.0,0.8604,1.657,-0.726,2.11,DISTRIBUTION,0.466
COMMODITIES,2014-03-31,CDSL,401.0,6.0,0.0291,0.639,-0.058,3.89,NEUTRAL,0.29
ENERGY,2014-03-31,CDSL,104696.0,3055.0,7.6073,3.008,2.476,6.85,STRONG_ACCUMULATION,2.742
FINANCIAL_SERVICES,2014-03-31,CDSL,379076.0,10713.0,27.544,1.657,2.543,14.75,STRONG_ACCUMULATION,2.1
FMCG,2014-03-31,CDSL,134616.0,1651.0,9.7813,0.505,0.808,3.44,ACCUMULATION,0.657
HEALTHCARE,2014-03-31,CDSL,5738.0,14.0,0.4169,0.224,-0.213,-3.84,NEUTRAL,0.006
INFRASTRUCTURE,2014-03-31,CDSL,49653.0,363.0,3.6078,2.052,-0.254,0.01,NEUTRAL,0.899
IT,2014-03-31,CDSL,223108.0,803.0,16.2112,0.949,-0.387,-1.02,NEUTRAL,0.281
LOGISTICS,2014-03-31,CDSL,17869.0,99.0,1.2984,2.761,-0.388,21.98,NEUTRAL,1.187
MEDIA,2014-03-31,CDSL,20448.0,424.0,1.4858,1.572,1.178,2.37,STRONG_ACCUMULATION,1.375
METAL,2014-03-31,CDSL,43413.0,758.0,3.1544,1.834,0.866,2.15,ACCUMULATION,1.35
PHARMA,2014-03-31,CDSL,90739.0,-4518.0,6.5932,0.588,-2.938,-1.45,DISTRIBUTION,-1.175
REALTY,2014-03-31,CDSL,14720.0,236.0,1.0696,0.114,1.275,1.41,ACCUMULATION,0.695
SERVICES,2014-03-31,CDSL,19916.0,300.0,1.4471,2.598,1.17,18.1,STRONG_ACCUMULATION,1.884
TELECOM,2014-03-31,CDSL,34089.0,1029.0,2.4769,0.473,2.086,-3.98,ACCUMULATION,1.279
TEXTILES,2014-03-31,CDSL,18339.0,373.0,1.3325,2.863,1.197,20.15,STRONG_ACCUMULATION,2.03
AUTO,2014-04-15,NSDL,75752.0,1196.0,5.409,2.271,1.718,14.67,STRONG_ACCUMULATION,1.994
CAPITAL_GOODS,2014-04-15,NSDL,103104.0,1382.0,7.362,2.168,0.771,19.86,ACCUMULATION,1.47
CEMENT,2014-04-15,NSDL,32822.0,684.0,2.3436,2.846,2.529,31.87,STRONG_ACCUMULATION,2.688
CHEMICALS,2014-04-15,NSDL,12714.0,56.0,0.9078,2.06,-0.747,7.18,DISTRIBUTION,0.657
COMMODITIES,2014-04-15,NSDL,449.0,7.0,0.0321,2.238,-0.032,17.23,NEUTRAL,1.103
ENERGY,2014-04-15,NSDL,108586.0,3281.0,7.7535,3.061,2.335,11.21,STRONG_ACCUMULATION,2.698
FINANCIAL_SERVICES,2014-04-15,NSDL,380162.0,9492.0,27.145,1.579,1.981,15.23,STRONG_ACCUMULATION,1.78
FMCG,2014-04-15,NSDL,134716.0,1163.0,9.6192,0.463,0.632,3.71,ACCUMULATION,0.547
HEALTHCARE,2014-04-15,NSDL,5603.0,-11.0,0.4001,-0.217,-0.568,-2.05,DISTRIBUTION,-0.392
INFRASTRUCTURE,2014-04-15,NSDL,52026.0,913.0,3.7149,2.367,0.362,8.77,NEUTRAL,1.365
IT,2014-04-15,NSDL,228800.0,-251.0,16.3372,1.021,-1.021,-4.34,DISTRIBUTION,0.0
LOGISTICS,2014-04-15,NSDL,17764.0,87.0,1.2684,2.322,-0.399,23.61,NEUTRAL,0.962
MEDIA,2014-04-15,NSDL,20201.0,307.0,1.4424,1.324,0.456,1.28,NEUTRAL,0.89
METAL,2014-04-15,NSDL,43492.0,678.0,3.1055,1.68,0.677,7.54,ACCUMULATION,1.179
PHARMA,2014-04-15,NSDL,94828.0,572.0,6.7711,1.022,0.236,-0.01,NEUTRAL,0.629
REALTY,2014-04-15,NSDL,15066.0,-4.0,1.0758,0.395,-0.248,10.16,NEUTRAL,0.074
SERVICES,2014-04-15,NSDL,21298.0,248.0,1.5208,2.646,0.773,30.94,ACCUMULATION,1.71
TELECOM,2014-04-15,NSDL,35201.0,653.0,2.5135,0.772,1.081,-1.02,ACCUMULATION,0.926
TEXTILES,2014-04-15,NSDL,17902.0,116.0,1.2783,2.127,-0.17,20.42,NEUTRAL,0.978
AUTO,2014-04-30,NSDL,77065.0,717.0,5.5197,2.187,0.755,20.36,ACCUMULATION,1.471
CAPITAL_GOODS,2014-04-30,NSDL,103288.0,899.0,7.3979,1.927,0.264,26.22,NEUTRAL,1.095
CEMENT,2014-04-30,NSDL,30416.0,223.0,2.1785,1.586,0.462,26.09,NEUTRAL,1.024
CHEMICALS,2014-04-30,NSDL,13706.0,80.0,0.9817,2.37,-0.594,22.56,DISTRIBUTION,0.888
COMMODITIES,2014-04-30,NSDL,438.0,8.0,0.0314,1.667,0.006,20.99,NEUTRAL,0.837
ENERGY,2014-04-30,NSDL,107998.0,1946.0,7.7352,2.468,1.084,16.19,STRONG_ACCUMULATION,1.776
FINANCIAL_SERVICES,2014-04-30,NSDL,386316.0,3287.0,27.6694,1.622,0.488,25.39,NEUTRAL,1.055
FMCG,2014-04-30,NSDL,131945.0,312.0,9.4504,-0.036,0.353,4.29,NEUTRAL,0.159
HEALTHCARE,2014-04-30,NSDL,5611.0,-43.0,0.4019,-0.275,-0.983,-4.2,DISTRIBUTION,-0.629
INFRASTRUCTURE,2014-04-30,NSDL,51061.0,805.0,3.6572,1.867,0.198,10.78,NEUTRAL,1.032
IT,2014-04-30,NSDL,222339.0,-496.0,15.9248,0.784,-1.098,-6.22,DISTRIBUTION,-0.157
LOGISTICS,2014-04-30,NSDL,17954.0,42.0,1.2859,2.13,-0.537,28.74,DISTRIBUTION,0.796
MEDIA,2014-04-30,NSDL,19812.0,152.0,1.419,1.034,-0.447,3.38,NEUTRAL,0.293
METAL,2014-04-30,NSDL,43145.0,395.0,3.0902,1.47,0.11,10.91,NEUTRAL,0.79
PHARMA,2014-04-30,NSDL,97895.0,538.0,7.0116,1.368,0.252,4.12,NEUTRAL,0.81
REALTY,2014-04-30,NSDL,13728.0,-216.0,0.9833,-0.305,-1.721,13.13,DISTRIBUTION,-1.013
SERVICES,2014-04-30,NSDL,20977.0,-144.0,1.5025,2.166,-1.948,34.3,DISTRIBUTION,0.109
TELECOM,2014-04-30,NSDL,35000.0,604.0,2.5068,0.653,0.912,7.09,ACCUMULATION,0.782
TEXTILES,2014-04-30,NSDL,17489.0,8.0,1.2526,1.608,-0.719,17.02,DISTRIBUTION,0.445
AUTO,2014-05-15,NSDL,82173.0,1112.0,5.5561,2.551,1.387,27.22,STRONG_ACCUMULATION,1.969
CAPITAL_GOODS,2014-05-15,NSDL,110966.0,451.0,7.5029,2.249,-0.213,32.89,NEUTRAL,1.018
CEMENT,2014-05-15,NSDL,33180.0,-183.0,2.2435,2.343,-1.306,41.87,DISTRIBUTION,0.518
CHEMICALS,2014-05-15,NSDL,13783.0,119.0,0.9319,2.123,-0.342,25.49,NEUTRAL,0.891
COMMODITIES,2014-05-15,NSDL,434.0,5.0,0.0293,1.462,-0.041,25.43,NEUTRAL,0.711
ENERGY,2014-05-15,NSDL,122289.0,1801.0,8.2685,3.483,0.89,33.18,ACCUMULATION,2.187
FINANCIAL_SERVICES,2014-05-15,NSDL,416812.0,2402.0,28.1826,2.192,0.263,37.24,NEUTRAL,1.228
FMCG,2014-05-15,NSDL,137162.0,1155.0,9.2742,0.769,0.663,11.78,ACCUMULATION,0.716
HEALTHCARE,2014-05-15,NSDL,5877.0,-3.0,0.3974,0.477,-0.379,2.8,NEUTRAL,0.049
INFRASTRUCTURE,2014-05-15,NSDL,56366.0,778.0,3.8112,2.677,0.122,22.14,NEUTRAL,1.399
IT,2014-05-15,NSDL,224495.0,655.0,15.1791,0.779,-0.349,-4.64,NEUTRAL,0.215
LOGISTICS,2014-05-15,NSDL,20528.0,54.0,1.388,2.75,-0.479,49.41,NEUTRAL,1.135
MEDIA,2014-05-15,NSDL,20278.0,139.0,1.3711,1.255,-0.505,8.23,DISTRIBUTION,0.375
METAL,2014-05-15,NSDL,45721.0,350.0,3.0914,1.752,-0.015,21.62,NEUTRAL,0.869
PHARMA,2014-05-15,NSDL,95773.0,1082.0,6.4757,1.036,0.615,1.12,ACCUMULATION,0.826
REALTY,2014-05-15,NSDL,15085.0,66.0,1.02,0.519,0.388,26.02,NEUTRAL,0.454
SERVICES,2014-05-15,NSDL,23277.0,-209.0,1.5739,2.481,-2.173,53.54,DISTRIBUTION,0.154
TELECOM,2014-05-15,NSDL,35238.0,588.0,2.3826,0.705,0.821,12.13,ACCUMULATION,0.763
TEXTILES,2014-05-15,NSDL,19533.0,60.0,1.3207,2.629,-0.436,30.63,NEUTRAL,1.097
AUTO,2014-05-31,CDSL,87695.0,934.0,5.715,2.695,0.99,29.88,ACCUMULATION,1.842
CAPITAL_GOODS,2014-05-31,CDSL,119301.0,344.0,7.7748,2.449,-0.338,32.36,NEUTRAL,1.055
CEMENT,2014-05-31,CDSL,34568.0,-405.0,2.2528,2.412,-2.004,34.55,DISTRIBUTION,0.204
CHEMICALS,2014-05-31,CDSL,14973.0,170.0,0.9758,2.423,-0.028,34.65,NEUTRAL,1.198
COMMODITIES,2014-05-31,CDSL,518.0,-1.0,0.0338,3.263,-0.424,45.51,NEUTRAL,1.419
ENERGY,2014-05-31,CDSL,126591.0,2371.0,8.2499,3.053,1.311,38.81,STRONG_ACCUMULATION,2.182
FINANCIAL_SERVICES,2014-05-31,CDSL,434123.0,3875.0,28.2916,2.311,0.6,35.37,ACCUMULATION,1.456
FMCG,2014-05-31,CDSL,134857.0,-249.0,8.7886,0.404,0.184,8.2,NEUTRAL,0.294
HEALTHCARE,2014-05-31,CDSL,5779.0,4.0,0.3766,0.085,-0.195,0.71,NEUTRAL,-0.055
INFRASTRUCTURE,2014-05-31,CDSL,64295.0,1907.0,4.1901,3.243,1.363,41.36,STRONG_ACCUMULATION,2.303
IT,2014-05-31,CDSL,217366.0,1187.0,14.1657,0.524,-0.082,-11.96,NEUTRAL,0.221
LOGISTICS,2014-05-31,CDSL,22377.0,60.0,1.4583,2.812,-0.445,48.46,NEUTRAL,1.183
MEDIA,2014-05-31,CDSL,21822.0,489.0,1.4221,1.98,1.536,12.89,STRONG_ACCUMULATION,1.758
METAL,2014-05-31,CDSL,53727.0,166.0,3.5014,2.596,-0.432,47.02,NEUTRAL,1.082
PHARMA,2014-05-31,CDSL,95031.0,827.0,6.1931,0.867,0.469,-4.17,NEUTRAL,0.668
REALTY,2014-05-31,CDSL,19361.0,490.0,1.2617,2.712,2.845,63.2,STRONG_ACCUMULATION,2.779
SERVICES,2014-05-31,CDSL,24130.0,-108.0,1.5725,2.322,-1.391,46.03,DISTRIBUTION,0.466
TELECOM,2014-05-31,CDSL,37355.0,544.0,2.4344,1.455,0.651,24.52,ACCUMULATION,1.053
TEXTILES,2014-05-31,CDSL,20589.0,167.0,1.3418,2.698,0.14,28.96,NEUTRAL,1.419
AUTO,2014-06-15,NSDL,92843.0,95.0,5.7517,2.675,-0.49,29.85,NEUTRAL,1.092
CAPITAL_GOODS,2014-06-15,NSDL,127744.0,930.0,7.9138,2.524,0.257,34.4,NEUTRAL,1.391
CEMENT,2014-06-15,NSDL,38583.0,-30.0,2.3902,2.909,-0.437,37.26,NEUTRAL,1.236
CHEMICALS,2014-06-15,NSDL,15151.0,74.0,0.9386,2.174,-0.634,33.06,DISTRIBUTION,0.77
COMMODITIES,2014-06-15,NSDL,621.0,27.0,0.0385,3.766,2.088,67.84,STRONG_ACCUMULATION,2.927
ENERGY,2014-06-15,NSDL,132673.0,1528.0,8.2192,2.87,0.494,33.63,NEUTRAL,1.682
FINANCIAL_SERVICES,2014-06-15,NSDL,460107.0,5771.0,28.5039,2.528,1.052,30.31,STRONG_ACCUMULATION,1.79
FMCG,2014-06-15,NSDL,134968.0,-2040.0,8.3614,0.52,-0.42,5.7,NEUTRAL,0.05
HEALTHCARE,2014-06-15,NSDL,6334.0,14.0,0.3924,1.872,0.155,16.52,NEUTRAL,1.014
INFRASTRUCTURE,2014-06-15,NSDL,68592.0,2652.0,4.2493,3.017,1.993,45.62,STRONG_ACCUMULATION,2.505
IT,2014-06-15,NSDL,227145.0,-318.0,14.0718,0.758,-1.304,0.2,DISTRIBUTION,-0.273
LOGISTICS,2014-06-15,NSDL,22646.0,56.0,1.4029,2.436,-0.45,38.69,NEUTRAL,0.993
MEDIA,2014-06-15,NSDL,22083.0,477.0,1.3681,1.887,1.389,9.55,STRONG_ACCUMULATION,1.638
METAL,2014-06-15,NSDL,58285.0,1076.0,3.6108,2.657,1.313,53.79,STRONG_ACCUMULATION,1.985
PHARMA,2014-06-15,NSDL,100212.0,974.0,6.2082,1.537,0.59,9.34,ACCUMULATION,1.063
REALTY,2014-06-15,NSDL,20613.0,474.0,1.277,2.922,2.331,47.34,STRONG_ACCUMULATION,2.627
SERVICES,2014-06-15,NSDL,24918.0,16.0,1.5437,2.181,-0.569,38.0,DISTRIBUTION,0.806
TELECOM,2014-06-15,NSDL,38849.0,518.0,2.4067,1.843,0.613,22.19,ACCUMULATION,1.228
TEXTILES,2014-06-15,NSDL,21820.0,171.0,1.3518,2.747,0.196,27.73,NEUTRAL,1.472
AUTO,2014-06-30,NSDL,94185.0,1309.0,5.7294,2.364,1.547,24.07,STRONG_ACCUMULATION,1.955
CAPITAL_GOODS,2014-06-30,NSDL,129989.0,492.0,7.9074,2.268,-0.152,29.64,NEUTRAL,1.058
CEMENT,2014-06-30,NSDL,37472.0,114.0,2.2795,2.233,0.141,19.29,NEUTRAL,1.187
CHEMICALS,2014-06-30,NSDL,16833.0,128.0,1.024,2.5,-0.188,42.16,NEUTRAL,1.156
COMMODITIES,2014-06-30,NSDL,673.0,25.0,0.0409,3.329,1.709,67.83,STRONG_ACCUMULATION,2.519
ENERGY,2014-06-30,NSDL,127967.0,-553.0,7.7844,2.134,-1.305,22.23,DISTRIBUTION,0.414
FINANCIAL_SERVICES,2014-06-30,NSDL,466758.0,3488.0,28.3934,2.313,0.551,23.13,ACCUMULATION,1.432
FMCG,2014-06-30,NSDL,128655.0,-1349.0,7.8262,-0.624,-0.124,-4.43,NEUTRAL,-0.374
HEALTHCARE,2014-06-30,NSDL,6353.0,12.0,0.3865,1.848,0.173,10.72,NEUTRAL,1.01
INFRASTRUCTURE,2014-06-30,NSDL,72798.0,1788.0,4.4284,2.822,1.042,46.61,STRONG_ACCUMULATION,1.932
IT,2014-06-30,NSDL,239189.0,-674.0,14.5501,1.082,-1.479,7.21,DISTRIBUTION,-0.199
LOGISTICS,2014-06-30,NSDL,23571.0,-205.0,1.4339,2.313,-1.323,31.91,DISTRIBUTION,0.495
MEDIA,2014-06-30,NSDL,23953.0,191.0,1.4571,2.456,-0.2,17.14,NEUTRAL,1.128
METAL,2014-06-30,NSDL,59083.0,1394.0,3.5941,2.332,1.772,36.1,STRONG_ACCUMULATION,2.052
PHARMA,2014-06-30,NSDL,107263.0,1233.0,6.5249,2.27,0.81,18.21,ACCUMULATION,1.54
REALTY,2014-06-30,NSDL,21479.0,254.0,1.3066,2.775,1.057,45.92,STRONG_ACCUMULATION,1.916
SERVICES,2014-06-30,NSDL,25182.0,188.0,1.5318,1.971,0.638,26.44,ACCUMULATION,1.304
TELECOM,2014-06-30,NSDL,39173.0,313.0,2.3829,1.799,0.035,14.91,NEUTRAL,0.917
TEXTILES,2014-06-30,NSDL,23319.0,31.0,1.4185,2.762,-0.513,27.16,DISTRIBUTION,1.125
AUTO,2014-07-15,CDSL,93784.0,1407.0,5.746,2.036,1.558,23.8,STRONG_ACCUMULATION,1.797
CAPITAL_GOODS,2014-07-15,CDSL,130390.0,1456.0,7.9888,2.003,0.826,26.46,ACCUMULATION,1.415
CEMENT,2014-07-15,CDSL,36316.0,-360.0,2.225,1.751,-1.67,10.65,DISTRIBUTION,0.04
CHEMICALS,2014-07-15,CDSL,16376.0,182.0,1.0033,2.019,0.372,28.8,NEUTRAL,1.196
COMMODITIES,2014-07-15,CDSL,690.0,43.0,0.0423,2.798,2.641,53.67,STRONG_ACCUMULATION,2.72
ENERGY,2014-07-15,CDSL,123220.0,-414.0,7.5495,1.6,-1.118,13.48,DISTRIBUTION,0.241
FINANCIAL_SERVICES,2014-07-15,CDSL,459483.0,691.0,28.1519,1.931,-0.12,20.87,NEUTRAL,0.905
FMCG,2014-07-15,CDSL,130861.0,-3998.0,8.0177,-0.065,-1.047,-2.86,DISTRIBUTION,-0.556
HEALTHCARE,2014-07-15,CDSL,6517.0,1.0,0.3993,2.169,0.05,16.31,NEUTRAL,1.109
INFRASTRUCTURE,2014-07-15,CDSL,71359.0,2219.0,4.3721,2.267,1.383,37.16,STRONG_ACCUMULATION,1.825
IT,2014-07-15,CDSL,236705.0,305.0,14.5026,0.966,-0.733,3.45,DISTRIBUTION,0.116
LOGISTICS,2014-07-15,CDSL,25232.0,-10.0,1.5459,2.342,-0.656,42.04,DISTRIBUTION,0.843
MEDIA,2014-07-15,CDSL,23952.0,395.0,1.4675,2.177,0.926,18.57,ACCUMULATION,1.552
METAL,2014-07-15,CDSL,57637.0,214.0,3.5313,1.92,-0.39,32.52,NEUTRAL,0.765
PHARMA,2014-07-15,CDSL,110160.0,1219.0,6.7494,2.329,0.819,16.17,ACCUMULATION,1.574
REALTY,2014-07-15,CDSL,20142.0,-75.0,1.2341,2.008,-0.81,33.69,DISTRIBUTION,0.599
SERVICES,2014-07-15,CDSL,24236.0,183.0,1.4849,1.589,0.833,13.79,ACCUMULATION,1.211
TELECOM,2014-07-15,CDSL,42670.0,4503.0,2.6143,2.683,4.562,21.22,STRONG_ACCUMULATION,3.623
TEXTILES,2014-07-15,CDSL,22424.0,182.0,1.3739,2.091,0.261,25.26,NEUTRAL,1.176
AUTO,2014-07-31,NSDL,96167.0,1224.0,5.8773,1.967,1.186,24.79,STRONG_ACCUMULATION,1.577
CAPITAL_GOODS,2014-07-31,NSDL,126359.0,923.0,7.7226,1.625,0.211,22.34,NEUTRAL,0.918
CEMENT,2014-07-31,NSDL,34839.0,-543.0,2.1292,1.308,-2.167,14.54,DISTRIBUTION,-0.429
CHEMICALS,2014-07-31,NSDL,16916.0,29.0,1.0338,1.976,-0.995,23.42,DISTRIBUTION,0.49
COMMODITIES,2014-07-31,NSDL,742.0,41.0,0.0453,2.687,2.153,69.41,STRONG_ACCUMULATION,2.42
ENERGY,2014-07-31,NSDL,123416.0,277.0,7.5427,1.47,-0.584,14.28,DISTRIBUTION,0.443
FINANCIAL_SERVICES,2014-07-31,NSDL,432676.0,2478.0,26.4434,1.351,0.251,12.0,NEUTRAL,0.801
FMCG,2014-07-31,NSDL,137421.0,-2615.0,8.3986,1.447,-0.549,4.15,DISTRIBUTION,0.449
HEALTHCARE,2014-07-31,NSDL,6406.0,42.0,0.3915,1.817,1.817,14.17,STRONG_ACCUMULATION,1.817
INFRASTRUCTURE,2014-07-31,NSDL,69696.0,1755.0,4.2595,1.864,0.845,36.5,ACCUMULATION,1.355
IT,2014-07-31,NSDL,249935.0,668.0,15.275,1.441,-0.509,12.41,DISTRIBUTION,0.466
LOGISTICS,2014-07-31,NSDL,25796.0,230.0,1.5765,2.144,1.09,43.68,STRONG_ACCUMULATION,1.617
MEDIA,2014-07-31,NSDL,23864.0,498.0,1.4585,1.915,1.475,20.45,STRONG_ACCUMULATION,1.695
METAL,2014-07-31,NSDL,59690.0,678.0,3.648,1.908,0.406,38.35,NEUTRAL,1.157
PHARMA,2014-07-31,NSDL,117628.0,1390.0,7.1889,2.715,0.888,20.16,ACCUMULATION,1.801
REALTY,2014-07-31,NSDL,19698.0,-132.0,1.2039,1.679,-1.101,43.49,DISTRIBUTION,0.289
SERVICES,2014-07-31,NSDL,24447.0,187.0,1.4941,1.49,0.816,16.54,ACCUMULATION,1.153
TELECOM,2014-07-31,NSDL,47534.0,4529.0,2.9051,3.285,3.294,35.81,STRONG_ACCUMULATION,3.29
TEXTILES,2014-07-31,NSDL,23004.0,261.0,1.4059,2.012,0.634,31.53,ACCUMULATION,1.323
AUTO,2014-08-15,CDSL,99570.0,1357.0,6.0471,1.967,1.351,21.17,STRONG_ACCUMULATION,1.659
CAPITAL_GOODS,2014-08-15,CDSL,126457.0,-2208.0,7.68,1.483,-2.872,13.96,DISTRIBUTION,-0.694
CEMENT,2014-08-15,CDSL,36611.0,-604.0,2.2234,1.536,-2.083,10.34,DISTRIBUTION,-0.274
CHEMICALS,2014-08-15,CDSL,16571.0,-212.0,1.0064,1.666,-2.682,20.23,DISTRIBUTION,-0.508
COMMODITIES,2014-08-15,CDSL,753.0,-3.0,0.0457,2.348,-0.652,73.5,DISTRIBUTION,0.848
ENERGY,2014-08-15,CDSL,123538.0,-523.0,7.5027,1.354,-1.251,1.02,DISTRIBUTION,0.052
FINANCIAL_SERVICES,2014-08-15,CDSL,435653.0,2081.0,26.458,1.297,0.09,4.52,NEUTRAL,0.694
FMCG,2014-08-15,CDSL,140677.0,1354.0,8.5436,2.092,1.073,2.56,STRONG_ACCUMULATION,1.583
HEALTHCARE,2014-08-15,CDSL,7029.0,42.0,0.4269,2.903,1.729,19.6,STRONG_ACCUMULATION,2.316
INFRASTRUCTURE,2014-08-15,CDSL,67585.0,-278.0,4.1046,1.514,-1.164,19.9,DISTRIBUTION,0.175
IT,2014-08-15,CDSL,252753.0,881.0,15.3501,1.523,-0.378,12.59,NEUTRAL,0.573
LOGISTICS,2014-08-15,CDSL,25499.0,-545.0,1.5486,1.845,-3.357,24.22,DISTRIBUTION,-0.756
MEDIA,2014-08-15,CDSL,21851.0,148.0,1.327,0.947,-0.715,7.76,DISTRIBUTION,0.116
METAL,2014-08-15,CDSL,59186.0,834.0,3.5945,1.683,0.646,29.45,ACCUMULATION,1.165
PHARMA,2014-08-15,CDSL,119323.0,677.0,7.2467,2.428,0.398,24.59,NEUTRAL,1.413
REALTY,2014-08-15,CDSL,19375.0,560.0,1.1767,1.451,2.353,28.44,STRONG_ACCUMULATION,1.902
SERVICES,2014-08-15,CDSL,25150.0,79.0,1.5274,1.493,-0.083,8.05,NEUTRAL,0.705
TELECOM,2014-08-15,CDSL,45999.0,-44.0,2.7936,2.402,-0.594,30.54,DISTRIBUTION,0.904
TEXTILES,2014-08-15,CDSL,23006.0,-38.0,1.3972,1.793,-0.928,17.78,DISTRIBUTION,0.432
AUTO,2014-08-31,CDSL,104521.0,282.0,6.2195,2.043,-0.727,19.19,DISTRIBUTION,0.658
CAPITAL_GOODS,2014-08-31,CDSL,128055.0,-1135.0,7.6198,1.424,-1.689,7.34,DISTRIBUTION,-0.133
CEMENT,2014-08-31,CDSL,36210.0,-378.0,2.1547,1.333,-1.238,4.75,DISTRIBUTION,0.047
CHEMICALS,2014-08-31,CDSL,17279.0,-116.0,1.0282,1.743,-1.753,15.4,DISTRIBUTION,-0.005
COMMODITIES,2014-08-31,CDSL,786.0,9.0,0.0468,2.225,0.249,51.74,NEUTRAL,1.237
ENERGY,2014-08-31,CDSL,126936.0,253.0,7.5533,1.446,-0.539,0.27,DISTRIBUTION,0.453
FINANCIAL_SERVICES,2014-08-31,CDSL,440301.0,555.0,26.1998,1.263,-0.402,1.42,NEUTRAL,0.43
FMCG,2014-08-31,CDSL,144988.0,692.0,8.6274,2.535,0.78,7.51,ACCUMULATION,1.658
HEALTHCARE,2014-08-31,CDSL,7357.0,53.0,0.4378,2.88,1.955,27.31,STRONG_ACCUMULATION,2.417
INFRASTRUCTURE,2014-08-31,CDSL,66809.0,-245.0,3.9754,1.329,-1.073,3.91,DISTRIBUTION,0.128
IT,2014-08-31,CDSL,260149.0,1519.0,15.48,1.743,0.153,19.68,NEUTRAL,0.948
LOGISTICS,2014-08-31,CDSL,26196.0,-479.0,1.5588,1.789,-2.486,17.07,DISTRIBUTION,-0.349
MEDIA,2014-08-31,CDSL,22100.0,-63.0,1.315,0.982,-1.815,1.27,DISTRIBUTION,-0.416
METAL,2014-08-31,CDSL,56429.0,420.0,3.3578,1.322,-0.259,5.03,NEUTRAL,0.532
PHARMA,2014-08-31,CDSL,127730.0,781.0,7.6005,2.824,0.466,34.41,NEUTRAL,1.645
REALTY,2014-08-31,CDSL,18445.0,544.0,1.0976,1.059,1.992,-4.73,STRONG_ACCUMULATION,1.526
SERVICES,2014-08-31,CDSL,25942.0,4.0,1.5437,1.514,-0.67,7.51,DISTRIBUTION,0.422
TELECOM,2014-08-31,CDSL,46656.0,39.0,2.7762,2.199,-0.513,24.9,DISTRIBUTION,0.843
TEXTILES,2014-08-31,CDSL,23659.0,-78.0,1.4078,1.78,-1.058,14.91,DISTRIBUTION,0.361
AUTO,2014-12-15,CDSL,116775.0,818.0,7.0455,2.42,0.279,25.78,NEUTRAL,1.349
CAPITAL_GOODS,2014-12-15,CDSL,129817.0,-182.0,7.8324,1.389,-0.786,1.62,DISTRIBUTION,0.301
CEMENT,2014-12-15,CDSL,37081.0,84.0,2.2372,1.38,0.248,-3.89,NEUTRAL,0.814
CHEMICALS,2014-12-15,CDSL,17958.0,108.0,1.0835,1.788,-0.105,18.53,NEUTRAL,0.842
COMMODITIES,2014-12-15,CDSL,778.0,-24.0,0.0469,1.914,-1.936,25.28,DISTRIBUTION,-0.011
ENERGY,2014-12-15,CDSL,111001.0,279.0,6.6971,0.353,-0.518,-16.33,DISTRIBUTION,-0.083
FINANCIAL_SERVICES,2014-12-15,CDSL,390238.0,2084.0,23.5447,0.418,-0.029,-15.19,NEUTRAL,0.194
FMCG,2014-12-15,CDSL,160823.0,1874.0,9.7031,3.62,1.509,19.16,STRONG_ACCUMULATION,2.564
HEALTHCARE,2014-12-15,CDSL,7256.0,26.0,0.4378,2.294,0.853,14.56,ACCUMULATION,1.574
INFRASTRUCTURE,2014-12-15,CDSL,66065.0,-115.0,3.986,1.167,-0.907,-3.68,DISTRIBUTION,0.13
IT,2014-12-15,CDSL,264143.0,4005.0,15.9368,1.806,1.976,16.29,STRONG_ACCUMULATION,1.891
LOGISTICS,2014-12-15,CDSL,27448.0,15.0,1.6561,1.822,-0.114,21.2,NEUTRAL,0.854
MEDIA,2014-12-15,CDSL,28975.0,481.0,1.7482,3.092,1.276,31.21,STRONG_ACCUMULATION,2.184
METAL,2014-12-15,CDSL,44453.0,183.0,2.682,0.061,-0.785,-23.73,DISTRIBUTION,-0.362
PHARMA,2014-12-15,CDSL,142074.0,-413.0,8.5719,3.122,-0.322,41.77,NEUTRAL,1.4
REALTY,2014-12-15,CDSL,16446.0,170.0,0.9923,0.374,0.27,-20.22,NEUTRAL,0.322
SERVICES,2014-12-15,CDSL,27413.0,667.0,1.6539,1.649,3.362,10.01,STRONG_ACCUMULATION,2.506
TELECOM,2014-12-15,CDSL,43709.0,-5.0,2.6371,1.427,-0.542,12.51,DISTRIBUTION,0.443
TEXTILES,2014-12-15,CDSL,24984.0,-10.0,1.5074,1.914,-0.64,14.5,DISTRIBUTION,0.637
AUTO,2014-12-31,CDSL,115278.0,749.0,6.9242,2.061,0.063,22.4,NEUTRAL,1.062
CAPITAL_GOODS,2014-12-31,CDSL,130414.0,-1781.0,7.8334,1.327,-2.073,0.33,DISTRIBUTION,-0.373
CEMENT,2014-12-31,CDSL,37707.0,-368.0,2.2649,1.396,-1.121,0.63,DISTRIBUTION,0.137
CHEMICALS,2014-12-31,CDSL,19733.0,235.0,1.1853,2.121,0.773,17.23,ACCUMULATION,1.447
COMMODITIES,2014-12-31,CDSL,816.0,-19.0,0.049,1.909,-1.473,21.25,DISTRIBUTION,0.218
ENERGY,2014-12-31,CDSL,111271.0,-291.0,6.6835,0.318,-1.051,-13.05,DISTRIBUTION,-0.366
FINANCIAL_SERVICES,2014-12-31,CDSL,387339.0,1119.0,23.2657,0.312,-0.43,-17.02,NEUTRAL,-0.059
FMCG,2014-12-31,CDSL,155828.0,305.0,9.3599,2.497,0.373,21.12,NEUTRAL,1.435
HEALTHCARE,2014-12-31,CDSL,7195.0,54.0,0.4322,1.932,1.805,13.25,STRONG_ACCUMULATION,1.869
INFRASTRUCTURE,2014-12-31,CDSL,68402.0,-329.0,4.1086,1.275,-1.055,-6.04,DISTRIBUTION,0.11
IT,2014-12-31,CDSL,272290.0,1658.0,16.3552,1.986,0.192,13.84,NEUTRAL,1.089
LOGISTICS,2014-12-31,CDSL,30067.0,430.0,1.806,2.048,1.693,27.56,STRONG_ACCUMULATION,1.871
MEDIA,2014-12-31,CDSL,30010.0,118.0,1.8026,2.816,-0.77,25.29,DISTRIBUTION,1.023
METAL,2014-12-31,CDSL,44592.0,-403.0,2.6784,0.008,-1.935,-24.53,DISTRIBUTION,-0.964
PHARMA,2014-12-31,CDSL,138985.0,-735.0,8.3482,2.446,-0.53,29.57,DISTRIBUTION,0.958
REALTY,2014-12-31,CDSL,16369.0,120.0,0.9832,0.299,0.008,-23.79,NEUTRAL,0.153
SERVICES,2014-12-31,CDSL,28932.0,793.0,1.7378,1.779,3.082,14.89,STRONG_ACCUMULATION,2.43
TELECOM,2014-12-31,CDSL,43914.0,-969.0,2.6377,1.352,-1.295,12.1,DISTRIBUTION,0.029
TEXTILES,2014-12-31,CDSL,25708.0,-125.0,1.5442,1.892,-1.199,10.24,DISTRIBUTION,0.346
AUTO,2015-01-15,CDSL,118195.0,46.0,6.892,1.976,-1.599,26.03,DISTRIBUTION,0.189
CAPITAL_GOODS,2015-01-15,CDSL,134791.0,-1126.0,7.8597,1.418,-1.411,3.38,DISTRIBUTION,0.003
CEMENT,2015-01-15,CDSL,41197.0,-382.0,2.4022,1.861,-1.08,13.44,DISTRIBUTION,0.39
CHEMICALS,2015-01-15,CDSL,20654.0,126.0,1.2043,2.133,-0.021,26.12,NEUTRAL,1.056
COMMODITIES,2015-01-15,CDSL,848.0,3.0,0.0494,1.863,-0.057,22.9,NEUTRAL,0.903
ENERGY,2015-01-15,CDSL,110014.0,-418.0,6.4149,0.187,-1.128,-10.72,DISTRIBUTION,-0.47
FINANCIAL_SERVICES,2015-01-15,CDSL,410062.0,1023.0,23.9107,0.641,-0.559,-10.76,DISTRIBUTION,0.041
FMCG,2015-01-15,CDSL,165064.0,-1025.0,9.6249,2.803,-0.553,26.14,DISTRIBUTION,1.125
HEALTHCARE,2015-01-15,CDSL,7331.0,70.0,0.4275,1.907,2.083,12.49,STRONG_ACCUMULATION,1.995
INFRASTRUCTURE,2015-01-15,CDSL,69021.0,170.0,4.0246,1.231,-0.594,-3.28,DISTRIBUTION,0.319
IT,2015-01-15,CDSL,283211.0,-3901.0,16.514,2.241,-3.02,19.65,DISTRIBUTION,-0.389
LOGISTICS,2015-01-15,CDSL,31068.0,390.0,1.8116,1.988,1.385,23.13,STRONG_ACCUMULATION,1.687
MEDIA,2015-01-15,CDSL,27020.0,82.0,1.5755,1.73,-0.992,12.81,DISTRIBUTION,0.369
METAL,2015-01-15,CDSL,41184.0,-738.0,2.4014,-0.425,-2.291,-28.55,DISTRIBUTION,-1.358
PHARMA,2015-01-15,CDSL,139383.0,-949.0,8.1274,2.143,-0.647,26.53,DISTRIBUTION,0.748
REALTY,2015-01-15,CDSL,17061.0,-62.0,0.9948,0.486,-0.844,-15.3,DISTRIBUTION,-0.179
SERVICES,2015-01-15,CDSL,29487.0,84.0,1.7194,1.729,-0.25,21.67,NEUTRAL,0.74
TELECOM,2015-01-15,CDSL,43252.0,-791.0,2.522,1.123,-1.116,1.36,DISTRIBUTION,0.003
TEXTILES,2015-01-15,CDSL,26128.0,-92.0,1.5235,1.799,-1.009,16.52,DISTRIBUTION,0.395
AUTO,2015-01-31,CDSL,118416.0,388.0,6.6584,1.792,-0.786,23.14,DISTRIBUTION,0.503
CAPITAL_GOODS,2015-01-31,CDSL,146412.0,1947.0,8.2326,1.789,1.116,15.87,STRONG_ACCUMULATION,1.453
CEMENT,2015-01-31,CDSL,43199.0,422.0,2.429,1.971,1.359,24.0,STRONG_ACCUMULATION,1.665
CHEMICALS,2015-01-31,CDSL,20751.0,78.0,1.1668,1.939,-0.329,22.67,NEUTRAL,0.805
COMMODITIES,2015-01-31,CDSL,900.0,-1.0,0.0506,1.909,-0.313,21.29,NEUTRAL,0.798
ENERGY,2015-01-31,CDSL,115243.0,518.0,6.48,0.5,-0.257,-6.62,NEUTRAL,0.121
FINANCIAL_SERVICES,2015-01-31,CDSL,418358.0,3560.0,23.5239,0.725,0.349,-3.31,NEUTRAL,0.537
FMCG,2015-01-31,CDSL,170028.0,280.0,9.5605,2.646,0.381,23.73,NEUTRAL,1.514
HEALTHCARE,2015-01-31,CDSL,8371.0,79.0,0.4707,2.763,2.133,30.67,STRONG_ACCUMULATION,2.448
INFRASTRUCTURE,2015-01-31,CDSL,71175.0,473.0,4.0021,1.313,-0.306,2.12,NEUTRAL,0.503
IT,2015-01-31,CDSL,288678.0,1115.0,16.2321,2.255,-0.026,15.5,NEUTRAL,1.115
LOGISTICS,2015-01-31,CDSL,31876.0,234.0,1.7924,1.897,0.686,23.57,ACCUMULATION,1.292
MEDIA,2015-01-31,CDSL,27754.0,-109.0,1.5606,1.778,-1.863,16.3,DISTRIBUTION,-0.042
METAL,2015-01-31,CDSL,42317.0,-293.0,2.3794,-0.349,-1.356,-29.11,DISTRIBUTION,-0.853
PHARMA,2015-01-31,CDSL,149724.0,1128.0,8.4188,2.338,0.721,27.29,ACCUMULATION,1.53
REALTY,2015-01-31,CDSL,19556.0,406.0,1.0996,1.228,1.241,-0.72,STRONG_ACCUMULATION,1.235
SERVICES,2015-01-31,CDSL,31957.0,62.0,1.7969,1.986,-0.362,30.72,NEUTRAL,0.812
TELECOM,2015-01-31,CDSL,45443.0,-19.0,2.5552,1.43,-0.488,-4.4,NEUTRAL,0.471
TEXTILES,2015-01-31,CDSL,28281.0,127.0,1.5902,2.053,0.1,22.94,NEUTRAL,1.077
AUTO,2015-02-15,CDSL,113530.0,-1126.0,6.3123,1.416,-3.182,14.02,DISTRIBUTION,-0.883
CAPITAL_GOODS,2015-02-15,CDSL,144005.0,1600.0,8.0067,1.548,0.811,13.88,ACCUMULATION,1.179
CEMENT,2015-02-15,CDSL,43997.0,688.0,2.4462,1.87,1.998,20.17,STRONG_ACCUMULATION,1.934
CHEMICALS,2015-02-15,CDSL,22027.0,22.0,1.2247,2.049,-0.681,32.92,DISTRIBUTION,0.684
COMMODITIES,2015-02-15,CDSL,1029.0,75.0,0.0572,2.221,3.29,36.65,STRONG_ACCUMULATION,2.756
ENERGY,2015-02-15,CDSL,122981.0,8449.0,6.8377,0.985,3.951,-0.45,ACCUMULATION,2.468
FINANCIAL_SERVICES,2015-02-15,CDSL,416970.0,1866.0,23.1835,0.641,-0.269,-4.29,NEUTRAL,0.186
FMCG,2015-02-15,CDSL,173477.0,805.0,9.6453,2.433,0.732,23.32,ACCUMULATION,1.583
HEALTHCARE,2015-02-15,CDSL,8230.0,51.0,0.4576,2.218,1.137,17.09,STRONG_ACCUMULATION,1.677
INFRASTRUCTURE,2015-02-15,CDSL,69350.0,-199.0,3.8559,1.069,-0.881,2.61,DISTRIBUTION,0.094
IT,2015-02-15,CDSL,304646.0,2141.0,16.9383,2.472,0.579,20.53,ACCUMULATION,1.526
LOGISTICS,2015-02-15,CDSL,31772.0,144.0,1.7665,1.701,0.305,24.6,NEUTRAL,1.003
MEDIA,2015-02-15,CDSL,27295.0,-297.0,1.5176,1.507,-2.416,24.91,DISTRIBUTION,-0.455
METAL,2015-02-15,CDSL,42847.0,-109.0,2.3823,-0.334,-0.988,-27.61,DISTRIBUTION,-0.661
PHARMA,2015-02-15,CDSL,152302.0,1404.0,8.468,2.139,0.895,27.64,ACCUMULATION,1.517
REALTY,2015-02-15,CDSL,18906.0,863.0,1.0512,0.936,2.68,-2.42,ACCUMULATION,1.808
SERVICES,2015-02-15,CDSL,33507.0,171.0,1.863,2.04,0.131,33.23,NEUTRAL,1.086
TELECOM,2015-02-15,CDSL,43672.0,-9.0,2.4282,1.009,-0.473,-5.06,NEUTRAL,0.268
TEXTILES,2015-02-15,CDSL,28022.0,173.0,1.558,1.79,0.299,21.8,NEUTRAL,1.044
AUTO,2015-02-28,CDSL,115297.0,500.0,6.3163,1.383,-0.255,10.31,NEUTRAL,0.564
CAPITAL_GOODS,2015-02-28,CDSL,149914.0,623.0,8.2127,1.657,0.046,17.07,NEUTRAL,0.852
CEMENT,2015-02-28,CDSL,44757.0,505.0,2.4519,1.781,1.424,23.6,STRONG_ACCUMULATION,1.603
CHEMICALS,2015-02-28,CDSL,21670.0,38.0,1.1871,1.761,-0.512,25.41,DISTRIBUTION,0.624
COMMODITIES,2015-02-28,CDSL,983.0,2.0,0.0539,1.789,-0.261,25.06,NEUTRAL,0.764
ENERGY,2015-02-28,CDSL,120585.0,7730.0,6.606,0.748,2.816,-5.0,ACCUMULATION,1.782
FINANCIAL_SERVICES,2015-02-28,CDSL,430087.0,-467.0,23.5613,0.82,-1.049,-2.32,DISTRIBUTION,-0.114
FMCG,2015-02-28,CDSL,170907.0,642.0,9.3628,1.978,0.592,17.88,ACCUMULATION,1.285
HEALTHCARE,2015-02-28,CDSL,8503.0,44.0,0.4658,2.176,0.844,15.58,ACCUMULATION,1.51
INFRASTRUCTURE,2015-02-28,CDSL,71719.0,-279.0,3.929,1.185,-0.911,7.35,DISTRIBUTION,0.137
IT,2015-02-28,CDSL,310272.0,606.0,16.9975,2.317,-0.265,19.27,NEUTRAL,1.026
LOGISTICS,2015-02-28,CDSL,32543.0,99.0,1.7828,1.654,0.133,24.23,NEUTRAL,0.893
MEDIA,2015-02-28,CDSL,26292.0,-234.0,1.4403,1.122,-1.921,18.97,DISTRIBUTION,-0.399
METAL,2015-02-28,CDSL,43600.0,-337.0,2.3885,-0.277,-1.275,-22.73,DISTRIBUTION,-0.776
PHARMA,2015-02-28,CDSL,152924.0,1419.0,8.3776,1.917,0.887,19.72,ACCUMULATION,1.402
REALTY,2015-02-28,CDSL,20000.0,632.0,1.0957,1.199,1.636,8.43,STRONG_ACCUMULATION,1.417
SERVICES,2015-02-28,CDSL,34179.0,273.0,1.8724,1.937,0.567,31.75,ACCUMULATION,1.252
TELECOM,2015-02-28,CDSL,43348.0,-199.0,2.3747,0.89,-0.601,-7.09,DISTRIBUTION,0.145
TEXTILES,2015-02-28,CDSL,27813.0,125.0,1.5237,1.582,0.056,17.56,NEUTRAL,0.819
AUTO,2015-03-15,CDSL,114561.0,2693.0,6.3236,1.245,2.861,-1.9,STRONG_ACCUMULATION,2.053
CAPITAL_GOODS,2015-03-15,CDSL,149660.0,3616.0,8.2611,1.52,2.211,15.29,STRONG_ACCUMULATION,1.865
CEMENT,2015-03-15,CDSL,42545.0,181.0,2.3484,1.327,0.519,14.74,ACCUMULATION,0.923
CHEMICALS,2015-03-15,CDSL,21797.0,93.0,1.2032,1.635,-0.018,21.38,NEUTRAL,0.808
COMMODITIES,2015-03-15,CDSL,998.0,-65.0,0.0551,1.674,-2.803,28.28,DISTRIBUTION,-0.565
ENERGY,2015-03-15,CDSL,116532.0,730.0,6.4324,0.394,-0.238,4.98,NEUTRAL,0.078
FINANCIAL_SERVICES,2015-03-15,CDSL,422472.0,2644.0,23.32,0.617,0.051,8.26,NEUTRAL,0.334
FMCG,2015-03-15,CDSL,170166.0,285.0,9.393,1.731,0.335,5.81,NEUTRAL,1.033
HEALTHCARE,2015-03-15,CDSL,8833.0,55.0,0.4876,2.173,1.115,21.73,STRONG_ACCUMULATION,1.644
INFRASTRUCTURE,2015-03-15,CDSL,68597.0,158.0,3.7865,0.84,-0.501,3.83,DISTRIBUTION,0.169
IT,2015-03-15,CDSL,303178.0,1868.0,16.7351,1.862,0.673,14.78,ACCUMULATION,1.268
LOGISTICS,2015-03-15,CDSL,32581.0,383.0,1.7984,1.519,1.3,18.7,STRONG_ACCUMULATION,1.409
MEDIA,2015-03-15,CDSL,26118.0,-8.0,1.4417,0.992,-0.818,-9.86,DISTRIBUTION,0.087
METAL,2015-03-15,CDSL,39788.0,-237.0,2.1963,-0.783,-1.031,-10.49,DISTRIBUTION,-0.907
PHARMA,2015-03-15,CDSL,165214.0,2552.0,9.1196,2.14,1.486,16.29,STRONG_ACCUMULATION,1.813
REALTY,2015-03-15,CDSL,19216.0,380.0,1.0607,0.872,0.685,16.84,ACCUMULATION,0.778
SERVICES,2015-03-15,CDSL,32751.0,298.0,1.8078,1.554,0.643,19.47,ACCUMULATION,1.099
TELECOM,2015-03-15,CDSL,48968.0,92.0,2.703,1.745,-0.349,12.03,NEUTRAL,0.698
TEXTILES,2015-03-15,CDSL,27655.0,158.0,1.5265,1.422,0.253,10.69,NEUTRAL,0.837
AUTO,2015-03-31,CDSL,113271.0,412.0,6.4074,1.096,-0.446,-1.74,NEUTRAL,0.325
CAPITAL_GOODS,2015-03-31,CDSL,147292.0,3027.0,8.3318,1.311,1.666,12.94,STRONG_ACCUMULATION,1.488
CEMENT,2015-03-31,CDSL,41597.0,-365.0,2.353,1.095,-0.96,10.32,DISTRIBUTION,0.068
CHEMICALS,2015-03-31,CDSL,22454.0,160.0,1.2701,1.639,0.705,13.79,ACCUMULATION,1.172
COMMODITIES,2015-03-31,CDSL,1000.0,33.0,0.0566,1.532,1.054,22.55,STRONG_ACCUMULATION,1.293
ENERGY,2015-03-31,CDSL,115458.0,650.0,6.5311,0.259,-0.277,3.76,NEUTRAL,-0.009
FINANCIAL_SERVICES,2015-03-31,CDSL,416790.0,3170.0,23.5764,0.451,0.199,7.6,NEUTRAL,0.325
FMCG,2015-03-31,CDSL,164331.0,-553.0,9.2956,1.269,-0.242,5.46,NEUTRAL,0.513
HEALTHCARE,2015-03-31,CDSL,8836.0,48.0,0.4998,1.935,0.856,22.81,ACCUMULATION,1.395
INFRASTRUCTURE,2015-03-31,CDSL,66820.0,-91.0,3.7798,0.619,-0.712,-2.31,DISTRIBUTION,-0.046
IT,2015-03-31,CDSL,274233.0,439.0,15.5124,0.829,-0.301,0.71,NEUTRAL,0.264
LOGISTICS,2015-03-31,CDSL,33119.0,887.0,1.8734,1.467,2.808,10.15,STRONG_ACCUMULATION,2.138
MEDIA,2015-03-31,CDSL,26111.0,-43.0,1.477,0.918,-0.927,-12.99,DISTRIBUTION,-0.005
METAL,2015-03-31,CDSL,38281.0,-8.0,2.1654,-0.969,-0.571,-14.15,DISTRIBUTION,-0.77
PHARMA,2015-03-31,CDSL,170518.0,2318.0,9.6456,2.063,1.234,22.69,STRONG_ACCUMULATION,1.649
REALTY,2015-03-31,CDSL,18644.0,302.0,1.0546,0.628,0.361,13.9,NEUTRAL,0.494
SERVICES,2015-03-31,CDSL,32566.0,535.0,1.8421,1.401,1.602,12.56,STRONG_ACCUMULATION,1.502
TELECOM,2015-03-31,CDSL,49207.0,1094.0,2.7835,1.614,0.427,12.05,NEUTRAL,1.02
TEXTILES,2015-03-31,CDSL,27300.0,-4.0,1.5443,1.246,-0.65,6.19,DISTRIBUTION,0.298
AUTO,2015-04-15,NSDL,114057.0,-810.0,6.2433,1.054,-1.949,-3.5,DISTRIBUTION,-0.448
CAPITAL_GOODS,2015-04-15,NSDL,150249.0,1254.0,8.2244,1.336,0.451,11.47,NEUTRAL,0.894
CEMENT,2015-04-15,NSDL,43000.0,-244.0,2.3538,1.211,-0.61,4.38,DISTRIBUTION,0.301
CHEMICALS,2015-04-15,NSDL,23235.0,134.0,1.2719,1.667,0.56,12.5,ACCUMULATION,1.114
COMMODITIES,2015-04-15,NSDL,1083.0,28.0,0.0593,1.695,0.806,27.71,ACCUMULATION,1.251
ENERGY,2015-04-15,NSDL,124498.0,758.0,6.8148,0.905,-0.236,13.17,NEUTRAL,0.335
FINANCIAL_SERVICES,2015-04-15,NSDL,424495.0,1046.0,23.2362,0.549,-0.533,3.52,DISTRIBUTION,0.008
FMCG,2015-04-15,NSDL,177015.0,64.0,9.6895,1.8,0.175,7.24,NEUTRAL,0.988
HEALTHCARE,2015-04-15,NSDL,9010.0,54.0,0.4932,1.874,0.979,22.9,ACCUMULATION,1.427
INFRASTRUCTURE,2015-04-15,NSDL,69786.0,-21.0,3.82,0.837,-0.622,1.11,DISTRIBUTION,0.107
IT,2015-04-15,NSDL,275608.0,-897.0,15.0864,0.811,-1.171,-2.68,DISTRIBUTION,-0.18
LOGISTICS,2015-04-15,NSDL,34109.0,552.0,1.8671,1.48,1.562,9.79,STRONG_ACCUMULATION,1.521
MEDIA,2015-04-15,NSDL,26158.0,137.0,1.4319,0.862,-0.107,-3.19,NEUTRAL,0.378
METAL,2015-04-15,NSDL,40493.0,29.0,2.2165,-0.685,-0.445,-1.68,NEUTRAL,-0.565
PHARMA,2015-04-15,NSDL,178913.0,1897.0,9.7934,2.083,0.912,28.36,ACCUMULATION,1.498
REALTY,2015-04-15,NSDL,19805.0,94.0,1.0841,0.939,-0.404,16.08,NEUTRAL,0.267
SERVICES,2015-04-15,NSDL,33446.0,396.0,1.8308,1.425,0.915,13.43,ACCUMULATION,1.17
TELECOM,2015-04-15,NSDL,53383.0,1380.0,2.9221,2.029,0.619,23.42,ACCUMULATION,1.324
TEXTILES,2015-04-15,NSDL,28523.0,-107.0,1.5613,1.39,-1.235,9.17,DISTRIBUTION,0.077
AUTO,2015-04-30,NSDL,107417.0,-1328.0,6.3181,0.661,-2.251,-9.29,DISTRIBUTION,-0.795
CAPITAL_GOODS,2015-04-30,NSDL,139890.0,-76.0,8.2281,0.817,-0.489,-4.45,NEUTRAL,0.164
CEMENT,2015-04-30,NSDL,38521.0,-551.0,2.2658,0.477,-1.331,-10.83,DISTRIBUTION,-0.427
CHEMICALS,2015-04-30,NSDL,23145.0,-33.0,1.3614,1.505,-1.089,11.54,DISTRIBUTION,0.208
COMMODITIES,2015-04-30,NSDL,947.0,-16.0,0.0557,1.066,-0.883,5.22,DISTRIBUTION,0.092
ENERGY,2015-04-30,NSDL,117973.0,1116.0,6.939,0.324,-0.082,2.37,NEUTRAL,0.121
FINANCIAL_SERVICES,2015-04-30,NSDL,393100.0,-616.0,23.1216,-0.165,-1.05,-6.04,DISTRIBUTION,-0.608
FMCG,2015-04-30,NSDL,160746.0,387.0,9.4549,0.83,0.384,-5.46,NEUTRAL,0.607
HEALTHCARE,2015-04-30,NSDL,7422.0,-38.0,0.4366,0.487,-1.63,-11.34,DISTRIBUTION,-0.571
INFRASTRUCTURE,2015-04-30,NSDL,65564.0,309.0,3.8564,0.37,-0.258,-7.88,NEUTRAL,0.056
IT,2015-04-30,NSDL,247471.0,-3053.0,14.5559,-0.217,-2.302,-14.27,DISTRIBUTION,-1.26
LOGISTICS,2015-04-30,NSDL,32572.0,252.0,1.9158,1.17,0.502,2.18,ACCUMULATION,0.836
MEDIA,2015-04-30,NSDL,23886.0,92.0,1.4049,0.157,-0.288,-13.94,NEUTRAL,-0.065
METAL,2015-04-30,NSDL,39320.0,-541.0,2.3127,-0.811,-1.44,-7.08,DISTRIBUTION,-1.125
PHARMA,2015-04-30,NSDL,176696.0,16240.0,10.393,1.795,4.32,18.01,STRONG_ACCUMULATION,3.058
REALTY,2015-04-30,NSDL,17631.0,-108.0,1.037,0.175,-1.066,-9.84,DISTRIBUTION,-0.446
SERVICES,2015-04-30,NSDL,32621.0,-295.0,1.9187,1.197,-1.903,2.08,DISTRIBUTION,-0.353
TELECOM,2015-04-30,NSDL,48081.0,364.0,2.8281,1.111,-0.184,5.81,NEUTRAL,0.464
TEXTILES,2015-04-30,NSDL,27138.0,-18.0,1.5962,1.025,-0.734,-4.04,DISTRIBUTION,0.145
AUTO,2015-05-15,NSDL,111176.0,-1147.0,6.4442,0.792,-1.857,-2.07,DISTRIBUTION,-0.532
CAPITAL_GOODS,2015-05-15,NSDL,142694.0,-1241.0,8.2711,0.88,-1.274,-0.91,DISTRIBUTION,-0.197
CEMENT,2015-05-15,NSDL,39718.0,-545.0,2.3022,0.607,-1.221,-9.73,DISTRIBUTION,-0.307
CHEMICALS,2015-05-15,NSDL,24159.0,151.0,1.4003,1.59,0.862,9.68,ACCUMULATION,1.226
COMMODITIES,2015-05-15,NSDL,882.0,-38.0,0.0511,0.743,-1.603,-14.29,DISTRIBUTION,-0.43
ENERGY,2015-05-15,NSDL,118918.0,423.0,6.8929,0.348,-0.388,-3.3,NEUTRAL,-0.02
FINANCIAL_SERVICES,2015-05-15,NSDL,397776.0,-2024.0,23.0565,-0.126,-1.461,-4.6,DISTRIBUTION,-0.794
FMCG,2015-05-15,NSDL,165077.0,-511.0,9.5685,0.991,-0.232,-4.84,NEUTRAL,0.38
HEALTHCARE,2015-05-15,NSDL,8098.0,-15.0,0.4694,0.983,-0.936,-1.6,DISTRIBUTION,0.023
INFRASTRUCTURE,2015-05-15,NSDL,64372.0,200.0,3.7312,0.194,-0.3,-7.18,NEUTRAL,-0.053
IT,2015-05-15,NSDL,250576.0,-4670.0,14.5243,-0.122,-2.696,-17.75,DISTRIBUTION,-1.409
LOGISTICS,2015-05-15,NSDL,34073.0,465.0,1.975,1.291,1.148,7.24,STRONG_ACCUMULATION,1.22
MEDIA,2015-05-15,NSDL,23262.0,-224.0,1.3483,-0.068,-1.579,-14.78,DISTRIBUTION,-0.824
METAL,2015-05-15,NSDL,39041.0,-931.0,2.263,-0.836,-1.94,-8.88,DISTRIBUTION,-1.388
PHARMA,2015-05-15,NSDL,178080.0,13999.0,10.3222,1.663,2.869,16.93,STRONG_ACCUMULATION,2.266
REALTY,2015-05-15,NSDL,17342.0,-109.0,1.0052,0.03,-1.024,-8.27,DISTRIBUTION,-0.497
SERVICES,2015-05-15,NSDL,34300.0,-306.0,1.9882,1.368,-1.745,2.37,DISTRIBUTION,-0.189
TELECOM,2015-05-15,NSDL,48796.0,-183.0,2.8284,1.128,-0.603,11.73,DISTRIBUTION,0.262
TEXTILES,2015-05-15,NSDL,26881.0,40.0,1.5581,0.905,-0.4,-4.07,NEUTRAL,0.253
AUTO,2015-05-31,NSDL,115093.0,37.0,6.5214,0.94,-0.539,-0.18,DISTRIBUTION,0.2
CAPITAL_GOODS,2015-05-31,NSDL,142997.0,1647.0,8.1025,0.843,0.739,-4.61,ACCUMULATION,0.791
CEMENT,2015-05-31,NSDL,41163.0,305.0,2.3324,0.794,0.88,-8.03,ACCUMULATION,0.837
CHEMICALS,2015-05-31,NSDL,24651.0,267.0,1.3968,1.566,1.855,13.76,STRONG_ACCUMULATION,1.711
COMMODITIES,2015-05-31,NSDL,980.0,2.0,0.0555,1.064,-0.136,-0.31,NEUTRAL,0.464
ENERGY,2015-05-31,NSDL,122628.0,0.0,6.9484,0.614,-0.562,1.69,DISTRIBUTION,0.026
FINANCIAL_SERVICES,2015-05-31,NSDL,406097.0,-1612.0,23.0103,-0.024,-1.282,-5.58,DISTRIBUTION,-0.653
FMCG,2015-05-31,NSDL,166119.0,-183.0,9.4126,0.972,-0.03,-2.8,NEUTRAL,0.471
HEALTHCARE,2015-05-31,NSDL,7975.0,39.0,0.4519,0.812,0.524,-6.21,ACCUMULATION,0.668
INFRASTRUCTURE,2015-05-31,NSDL,64441.0,-549.0,3.6514,0.135,-1.099,-10.15,DISTRIBUTION,-0.482
IT,2015-05-31,NSDL,262216.0,-1461.0,14.8577,0.266,-0.888,-15.49,DISTRIBUTION,-0.311
LOGISTICS,2015-05-31,NSDL,34429.0,436.0,1.9508,1.26,0.979,5.8,ACCUMULATION,1.119
MEDIA,2015-05-31,NSDL,24434.0,-626.0,1.3845,0.235,-2.683,-7.07,DISTRIBUTION,-1.224
METAL,2015-05-31,NSDL,36699.0,-933.0,2.0794,-1.109,-1.758,-15.83,STRONG_DISTRIBUTION,-1.433
PHARMA,2015-05-31,NSDL,183429.0,-467.0,10.3935,1.659,-0.457,19.95,NEUTRAL,0.601
REALTY,2015-05-31,NSDL,17157.0,9.0,0.9722,-0.109,-0.646,-14.22,DISTRIBUTION,-0.378
SERVICES,2015-05-31,NSDL,34459.0,-8.0,1.9525,1.311,-0.573,0.82,DISTRIBUTION,0.369
TELECOM,2015-05-31,NSDL,51831.0,389.0,2.9369,1.463,-0.166,19.57,NEUTRAL,0.649
TEXTILES,2015-05-31,NSDL,28051.0,-52.0,1.5894,1.097,-0.848,0.86,DISTRIBUTION,0.124
AUTO,2015-06-15,NSDL,111417.0,557.0,6.831,0.679,0.029,-2.74,NEUTRAL,0.354
CAPITAL_GOODS,2015-06-15,NSDL,136434.0,2804.0,8.3648,0.454,1.428,-8.84,ACCUMULATION,0.941
CEMENT,2015-06-15,NSDL,39159.0,468.0,2.4009,0.375,1.195,-7.96,ACCUMULATION,0.785
CHEMICALS,2015-06-15,NSDL,23546.0,406.0,1.4436,1.229,2.642,8.02,STRONG_ACCUMULATION,1.935
COMMODITIES,2015-06-15,NSDL,871.0,20.0,0.0534,0.553,0.493,-12.73,NEUTRAL,0.523
ENERGY,2015-06-15,NSDL,122466.0,276.0,7.5084,0.548,-0.448,5.09,NEUTRAL,0.05
FINANCIAL_SERVICES,2015-06-15,NSDL,392143.0,-277.0,24.0424,-0.555,-0.866,-7.18,DISTRIBUTION,-0.711
FMCG,2015-06-15,NSDL,156381.0,36.0,9.5878,0.373,0.06,-8.1,NEUTRAL,0.216
HEALTHCARE,2015-06-15,NSDL,7621.0,-1.0,0.4672,0.458,-0.709,-13.72,DISTRIBUTION,-0.125
INFRASTRUCTURE,2015-06-15,NSDL,62927.0,-1261.0,3.8581,-0.118,-1.752,-8.27,DISTRIBUTION,-0.935
IT,2015-06-15,NSDL,205476.0,-1268.0,12.5978,-1.67,-0.734,-32.23,DISTRIBUTION,-1.202
LOGISTICS,2015-06-15,NSDL,37566.0,729.0,2.3032,1.62,1.744,15.3,STRONG_ACCUMULATION,1.682
MEDIA,2015-06-15,NSDL,24814.0,-202.0,1.5214,0.296,-1.071,-4.99,DISTRIBUTION,-0.387
METAL,2015-06-15,NSDL,32808.0,-888.0,2.0115,-1.527,-1.563,-17.54,STRONG_DISTRIBUTION,-1.545
PHARMA,2015-06-15,NSDL,165376.0,980.0,10.1393,1.021,-0.129,0.1,NEUTRAL,0.446
REALTY,2015-06-15,NSDL,15282.0,-32.0,0.9369,-0.929,-0.805,-20.47,DISTRIBUTION,-0.867
SERVICES,2015-06-15,NSDL,20281.0,-558.0,1.2434,-1.191,-2.267,-38.08,STRONG_DISTRIBUTION,-1.729
TELECOM,2015-06-15,NSDL,50248.0,1382.0,3.0807,1.148,0.575,2.61,ACCUMULATION,0.861
TEXTILES,2015-06-15,NSDL,26229.0,34.0,1.6081,0.622,-0.364,-5.16,NEUTRAL,0.129
AUTO,2015-06-30,NSDL,116661.0,162.0,6.6547,0.943,-0.391,2.99,NEUTRAL,0.276
CAPITAL_GOODS,2015-06-30,NSDL,141223.0,601.0,8.0557,0.673,-0.109,-4.12,NEUTRAL,0.282
CEMENT,2015-06-30,NSDL,40954.0,-23.0,2.3361,0.699,0.004,-1.55,NEUTRAL,0.351
CHEMICALS,2015-06-30,NSDL,24576.0,348.0,1.4019,1.374,1.897,9.45,STRONG_ACCUMULATION,1.635
COMMODITIES,2015-06-30,NSDL,917.0,14.0,0.0523,0.695,0.254,-8.3,NEUTRAL,0.474
ENERGY,2015-06-30,NSDL,131831.0,754.0,7.52,1.556,-0.267,14.18,NEUTRAL,0.645
FINANCIAL_SERVICES,2015-06-30,NSDL,412938.0,236.0,23.5551,-0.038,-0.712,-0.92,DISTRIBUTION,-0.375
FMCG,2015-06-30,NSDL,166454.0,-525.0,9.495,0.891,-0.369,1.29,NEUTRAL,0.261
HEALTHCARE,2015-06-30,NSDL,8652.0,44.0,0.4935,1.254,0.605,-2.08,ACCUMULATION,0.929
INFRASTRUCTURE,2015-06-30,NSDL,62392.0,-952.0,3.559,-0.296,-1.375,-6.63,DISTRIBUTION,-0.836
IT,2015-06-30,NSDL,250181.0,-2604.0,14.271,-0.128,-1.326,-8.77,DISTRIBUTION,-0.727
LOGISTICS,2015-06-30,NSDL,41808.0,526.0,2.3848,2.059,1.028,26.24,STRONG_ACCUMULATION,1.544
MEDIA,2015-06-30,NSDL,26585.0,694.0,1.5165,0.821,1.878,1.82,ACCUMULATION,1.349
METAL,2015-06-30,NSDL,31951.0,-886.0,1.8226,-1.564,-1.44,-16.54,STRONG_DISTRIBUTION,-1.502
PHARMA,2015-06-30,NSDL,178878.0,-236.0,10.2037,1.323,-0.402,4.9,NEUTRAL,0.46
REALTY,2015-06-30,NSDL,15723.0,-144.0,0.8969,-0.903,-1.165,-15.67,DISTRIBUTION,-1.034
SERVICES,2015-06-30,NSDL,20547.0,-591.0,1.1721,-1.226,-2.083,-36.91,STRONG_DISTRIBUTION,-1.655
TELECOM,2015-06-30,NSDL,52668.0,1204.0,3.0043,1.45,0.405,7.03,NEUTRAL,0.927
TEXTILES,2015-06-30,NSDL,28133.0,148.0,1.6048,1.04,0.341,3.05,NEUTRAL,0.691
AUTO,2015-07-15,NSDL,121168.0,-4.0,6.7646,1.176,-0.54,6.23,DISTRIBUTION,0.318
CAPITAL_GOODS,2015-07-15,NSDL,167566.0,-144.0,9.355,2.128,-0.58,11.53,DISTRIBUTION,0.774
CEMENT,2015-07-15,NSDL,53937.0,215.0,3.0112,3.031,0.57,25.43,ACCUMULATION,1.8
CHEMICALS,2015-07-15,NSDL,29662.0,-193.0,1.656,2.282,-2.066,27.66,DISTRIBUTION,0.108
COMMODITIES,2015-07-15,NSDL,1621.0,-1.0,0.0905,3.096,-0.288,49.68,NEUTRAL,1.404
ENERGY,2015-07-15,NSDL,121501.0,1590.0,6.7832,0.251,0.099,-2.41,NEUTRAL,0.175
FINANCIAL_SERVICES,2015-07-15,NSDL,373007.0,2499.0,20.8245,-1.615,0.078,-12.13,NEUTRAL,-0.768
FMCG,2015-07-15,NSDL,181465.0,-10.0,10.1309,1.642,0.052,2.51,NEUTRAL,0.847
HEALTHCARE,2015-07-15,NSDL,8113.0,96.0,0.4529,0.726,1.954,-9.96,ACCUMULATION,1.34
INFRASTRUCTURE,2015-07-15,NSDL,69109.0,-425.0,3.8583,0.585,-0.813,-0.97,DISTRIBUTION,-0.114
IT,2015-07-15,NSDL,222430.0,-1845.0,12.418,-1.077,-0.87,-19.29,DISTRIBUTION,-0.974
LOGISTICS,2015-07-15,NSDL,51393.0,396.0,2.8692,2.853,0.587,50.67,ACCUMULATION,1.72
MEDIA,2015-07-15,NSDL,22809.0,541.0,1.2734,-0.534,1.289,-12.8,ACCUMULATION,0.377
METAL,2015-07-15,NSDL,37187.0,-1039.0,2.0761,-0.939,-1.522,-8.16,DISTRIBUTION,-1.23
PHARMA,2015-07-15,NSDL,196383.0,485.0,10.9638,1.691,-0.292,9.76,NEUTRAL,0.7
REALTY,2015-07-15,NSDL,16641.0,-196.0,0.929,-0.566,-1.257,-15.98,DISTRIBUTION,-0.911
SERVICES,2015-07-15,NSDL,32785.0,36.0,1.8303,1.007,-0.16,-1.98,NEUTRAL,0.423
TELECOM,2015-07-15,NSDL,51033.0,524.0,2.8491,1.128,-0.118,-4.4,NEUTRAL,0.505
TEXTILES,2015-07-15,NSDL,33385.0,104.0,1.8638,2.19,0.302,17.05,NEUTRAL,1.246
AUTO,2015-07-31,NSDL,120654.0,146.0,6.684,1.084,-0.338,12.32,NEUTRAL,0.373
CAPITAL_GOODS,2015-07-31,NSDL,142693.0,-229.0,7.905,0.539,-0.587,2.0,DISTRIBUTION,-0.024
CEMENT,2015-07-31,NSDL,42242.0,351.0,2.3401,0.617,0.932,9.66,ACCUMULATION,0.774
CHEMICALS,2015-07-31,NSDL,25307.0,-30.0,1.402,1.23,-0.867,9.34,DISTRIBUTION,0.181
COMMODITIES,2015-07-31,NSDL,1174.0,128.0,0.065,1.292,3.205,23.97,STRONG_ACCUMULATION,2.248
ENERGY,2015-07-31,NSDL,134530.0,1990.0,7.4527,1.886,0.299,14.03,NEUTRAL,1.093
FINANCIAL_SERVICES,2015-07-31,NSDL,431259.0,3207.0,23.891,0.581,0.515,9.71,ACCUMULATION,0.548
FMCG,2015-07-31,NSDL,174237.0,322.0,9.6524,1.125,0.355,8.39,NEUTRAL,0.74
HEALTHCARE,2015-07-31,NSDL,9055.0,111.0,0.5016,1.458,2.072,22.0,STRONG_ACCUMULATION,1.765
INFRASTRUCTURE,2015-07-31,NSDL,61213.0,-249.0,3.3911,-0.827,-0.605,-6.64,DISTRIBUTION,-0.716
IT,2015-07-31,NSDL,261419.0,-1088.0,14.4822,0.219,-0.447,5.64,NEUTRAL,-0.114
LOGISTICS,2015-07-31,NSDL,44143.0,658.0,2.4454,1.75,1.281,35.52,STRONG_ACCUMULATION,1.515
MEDIA,2015-07-31,NSDL,29155.0,316.0,1.6151,1.59,0.591,22.06,ACCUMULATION,1.091
METAL,2015-07-31,NSDL,27019.0,-968.0,1.4968,-1.902,-1.307,-31.28,STRONG_DISTRIBUTION,-1.604
PHARMA,2015-07-31,NSDL,180975.0,388.0,10.0257,1.15,-0.377,2.42,NEUTRAL,0.386
REALTY,2015-07-31,NSDL,15504.0,337.0,0.8589,-1.146,0.538,-12.06,ACCUMULATION,-0.304
SERVICES,2015-07-31,NSDL,21918.0,302.0,1.2142,-1.161,0.65,-32.81,ACCUMULATION,-0.256
TELECOM,2015-07-31,NSDL,53270.0,554.0,2.9511,1.42,-0.08,10.79,NEUTRAL,0.67
TEXTILES,2015-07-31,NSDL,29342.0,188.0,1.6255,1.086,1.195,8.12,STRONG_ACCUMULATION,1.141
AUTO,2015-08-15,NSDL,125297.0,154.0,6.949,1.371,-0.289,12.7,NEUTRAL,0.541
CAPITAL_GOODS,2015-08-15,NSDL,141738.0,-443.0,7.8609,0.414,-0.685,-0.67,DISTRIBUTION,-0.136
CEMENT,2015-08-15,NSDL,40985.0,-176.0,2.2731,0.299,-0.3,3.19,NEUTRAL,-0.001
CHEMICALS,2015-08-15,NSDL,25440.0,342.0,1.4109,1.186,1.588,5.3,STRONG_ACCUMULATION,1.387
COMMODITIES,2015-08-15,NSDL,1123.0,145.0,0.0623,1.021,2.864,27.32,STRONG_ACCUMULATION,1.942
ENERGY,2015-08-15,NSDL,126729.0,1254.0,7.0285,0.756,0.002,6.57,NEUTRAL,0.379
FINANCIAL_SERVICES,2015-08-15,NSDL,422017.0,1067.0,23.4053,0.153,-0.326,6.09,NEUTRAL,-0.087
FMCG,2015-08-15,NSDL,168902.0,-325.0,9.3674,0.747,-0.111,2.32,NEUTRAL,0.318
HEALTHCARE,2015-08-15,NSDL,9035.0,132.0,0.5011,1.349,2.259,11.57,STRONG_ACCUMULATION,1.804
INFRASTRUCTURE,2015-08-15,NSDL,59012.0,-540.0,3.2728,-1.407,-0.836,-8.33,DISTRIBUTION,-1.121
IT,2015-08-15,NSDL,273649.0,-286.0,15.1767,0.596,-0.038,9.21,NEUTRAL,0.279
LOGISTICS,2015-08-15,NSDL,46178.0,569.0,2.5611,1.832,0.947,35.53,ACCUMULATION,1.389
MEDIA,2015-08-15,NSDL,29618.0,228.0,1.6426,1.619,0.318,27.32,NEUTRAL,0.969
METAL,2015-08-15,NSDL,24454.0,-875.0,1.3562,-1.932,-1.084,-37.36,STRONG_DISTRIBUTION,-1.508
PHARMA,2015-08-15,NSDL,192173.0,-199.0,10.658,1.381,-0.515,7.91,DISTRIBUTION,0.433
REALTY,2015-08-15,NSDL,15634.0,380.0,0.8671,-1.108,0.633,-9.85,ACCUMULATION,-0.238
SERVICES,2015-08-15,NSDL,21550.0,177.0,1.1952,-1.239,0.278,-37.17,NEUTRAL,-0.481
TELECOM,2015-08-15,NSDL,49489.0,295.0,2.7447,0.7,-0.273,1.42,NEUTRAL,0.213
TEXTILES,2015-08-15,NSDL,30058.0,425.0,1.667,1.216,2.749,11.82,STRONG_ACCUMULATION,1.982
AUTO,2015-08-31,NSDL,111460.0,-1449.0,6.5881,0.228,-1.853,-3.16,DISTRIBUTION,-0.812
CAPITAL_GOODS,2015-08-31,NSDL,129989.0,-1290.0,7.6833,-0.613,-1.182,-9.1,DISTRIBUTION,-0.897
CEMENT,2015-08-31,NSDL,37904.0,-906.0,2.2404,-0.475,-1.952,-7.92,DISTRIBUTION,-1.214
CHEMICALS,2015-08-31,NSDL,23710.0,108.0,1.4014,0.713,0.019,-3.82,NEUTRAL,0.366
COMMODITIES,2015-08-31,NSDL,992.0,-13.0,0.0586,0.434,-0.646,1.22,DISTRIBUTION,-0.106
ENERGY,2015-08-31,NSDL,116621.0,-661.0,6.8932,-0.807,-0.821,-4.9,DISTRIBUTION,-0.814
FINANCIAL_SERVICES,2015-08-31,NSDL,387354.0,-2222.0,22.8956,-1.305,-1.893,-4.62,STRONG_DISTRIBUTION,-1.599
FMCG,2015-08-31,NSDL,164394.0,-1409.0,9.7169,0.419,-0.914,-1.04,DISTRIBUTION,-0.248
HEALTHCARE,2015-08-31,NSDL,8945.0,109.0,0.5287,1.197,1.612,12.16,STRONG_ACCUMULATION,1.405
INFRASTRUCTURE,2015-08-31,NSDL,53658.0,-1204.0,3.1716,-2.645,-1.373,-16.73,STRONG_DISTRIBUTION,-2.009
IT,2015-08-31,NSDL,262101.0,-2021.0,15.4922,0.134,-0.879,-0.04,DISTRIBUTION,-0.372
LOGISTICS,2015-08-31,NSDL,43802.0,239.0,2.589,1.438,-0.04,27.22,NEUTRAL,0.699
MEDIA,2015-08-31,NSDL,27596.0,-167.0,1.6311,0.853,-0.905,12.94,DISTRIBUTION,-0.026
METAL,2015-08-31,NSDL,21962.0,-1356.0,1.2981,-1.93,-1.614,-40.16,STRONG_DISTRIBUTION,-1.772
PHARMA,2015-08-31,NSDL,193748.0,-191.0,11.452,1.33,-0.504,5.63,DISTRIBUTION,0.413
REALTY,2015-08-31,NSDL,13496.0,-433.0,0.7977,-2.139,-1.986,-21.34,STRONG_DISTRIBUTION,-2.062
SERVICES,2015-08-31,NSDL,19873.0,-182.0,1.1746,-1.547,-0.811,-42.33,DISTRIBUTION,-1.179
TELECOM,2015-08-31,NSDL,45419.0,-588.0,2.6846,-0.143,-0.914,-12.37,DISTRIBUTION,-0.528
TEXTILES,2015-08-31,NSDL,28806.0,322.0,1.7027,0.83,1.741,2.69,ACCUMULATION,1.286
AUTO,2015-09-15,CDSL,108793.0,-2471.0,6.5767,-0.11,-2.441,-2.36,DISTRIBUTION,-1.275
CAPITAL_GOODS,2015-09-15,CDSL,124367.0,-1854.0,7.5182,-1.234,-1.437,-8.84,STRONG_DISTRIBUTION,-1.336
CEMENT,2015-09-15,CDSL,37991.0,-1021.0,2.2966,-0.524,-1.973,-2.98,DISTRIBUTION,-1.248
CHEMICALS,2015-09-15,CDSL,23271.0,38.0,1.4068,0.546,-0.426,-1.17,NEUTRAL,0.06
COMMODITIES,2015-09-15,CDSL,958.0,-40.0,0.0579,0.22,-1.173,9.99,DISTRIBUTION,-0.477
ENERGY,2015-09-15,CDSL,113900.0,-1469.0,6.8854,-1.146,-1.103,-6.99,STRONG_DISTRIBUTION,-1.124
FINANCIAL_SERVICES,2015-09-15,CDSL,383307.0,-2776.0,23.1715,-1.365,-1.92,-2.25,STRONG_DISTRIBUTION,-1.643
FMCG,2015-09-15,CDSL,160427.0,-1436.0,9.6981,0.117,-0.866,2.59,DISTRIBUTION,-0.374
HEALTHCARE,2015-09-15,CDSL,9047.0,48.0,0.5469,1.221,0.072,18.71,NEUTRAL,0.647
INFRASTRUCTURE,2015-09-15,CDSL,53187.0,-1155.0,3.2152,-2.559,-1.222,-15.48,STRONG_DISTRIBUTION,-1.891
IT,2015-09-15,CDSL,258717.0,-2540.0,15.6398,-0.04,-1.057,25.91,DISTRIBUTION,-0.548
LOGISTICS,2015-09-15,CDSL,42091.0,-127.0,2.5445,1.141,-1.078,12.05,DISTRIBUTION,0.031
MEDIA,2015-09-15,CDSL,27994.0,-239.0,1.6923,0.946,-1.063,12.82,DISTRIBUTION,-0.058
METAL,2015-09-15,CDSL,21801.0,-1039.0,1.3179,-1.741,-1.083,-33.55,STRONG_DISTRIBUTION,-1.412
PHARMA,2015-09-15,CDSL,183000.0,-646.0,11.0626,0.938,-0.597,10.66,DISTRIBUTION,0.17
REALTY,2015-09-15,CDSL,14046.0,-340.0,0.8491,-1.793,-1.557,-8.09,STRONG_DISTRIBUTION,-1.675
SERVICES,2015-09-15,CDSL,19376.0,-136.0,1.1713,-1.557,-0.684,-4.46,DISTRIBUTION,-1.121
TELECOM,2015-09-15,CDSL,44135.0,-805.0,2.668,-0.528,-1.018,-12.17,DISTRIBUTION,-0.773
TEXTILES,2015-09-15,CDSL,27809.0,40.0,1.6811,0.46,-0.318,6.02,NEUTRAL,0.071
AUTO,2015-09-30,CDSL,113073.0,-5.0,6.7123,0.247,-0.147,-3.08,NEUTRAL,0.05
CAPITAL_GOODS,2015-09-30,CDSL,121584.0,-1096.0,7.2175,-1.52,-0.896,-13.91,DISTRIBUTION,-1.208
CEMENT,2015-09-30,CDSL,36484.0,-725.0,2.1658,-0.94,-1.251,-10.91,DISTRIBUTION,-1.095
CHEMICALS,2015-09-30,CDSL,22612.0,40.0,1.3423,0.31,-0.38,-7.99,NEUTRAL,-0.035
COMMODITIES,2015-09-30,CDSL,989.0,-18.0,0.0587,0.302,-0.679,7.85,DISTRIBUTION,-0.189
ENERGY,2015-09-30,CDSL,111278.0,-1602.0,6.6057,-1.409,-1.076,-15.59,STRONG_DISTRIBUTION,-1.243
FINANCIAL_SERVICES,2015-09-30,CDSL,399052.0,-139.0,23.6886,-0.675,-0.604,-3.36,DISTRIBUTION,-0.639
FMCG,2015-09-30,CDSL,160904.0,-1433.0,9.5516,0.088,-0.816,-3.33,DISTRIBUTION,-0.364
HEALTHCARE,2015-09-30,CDSL,9571.0,60.0,0.5682,1.652,0.326,10.62,NEUTRAL,0.989
INFRASTRUCTURE,2015-09-30,CDSL,54596.0,-481.0,3.2409,-2.015,-0.53,-12.5,DISTRIBUTION,-1.272
IT,2015-09-30,CDSL,269699.0,-62.0,16.0099,0.318,0.189,7.8,NEUTRAL,0.254
LOGISTICS,2015-09-30,CDSL,40338.0,-293.0,2.3945,0.849,-1.459,-3.52,DISTRIBUTION,-0.305
MEDIA,2015-09-30,CDSL,28456.0,111.0,1.6892,1.053,0.073,7.04,NEUTRAL,0.563
METAL,2015-09-30,CDSL,20234.0,-389.0,1.2011,-1.692,-0.159,-36.67,NEUTRAL,-0.925
PHARMA,2015-09-30,CDSL,188996.0,-929.0,11.2192,1.071,-0.645,5.66,DISTRIBUTION,0.213
REALTY,2015-09-30,CDSL,15117.0,63.0,0.8974,-1.185,-0.278,-3.85,NEUTRAL,-0.732
SERVICES,2015-09-30,CDSL,19751.0,-53.0,1.1725,-1.405,-0.438,-3.87,NEUTRAL,-0.921
TELECOM,2015-09-30,CDSL,43326.0,-859.0,2.5719,-0.829,-0.996,-17.74,DISTRIBUTION,-0.912
TEXTILES,2015-09-30,CDSL,28516.0,15.0,1.6928,0.65,-0.46,1.36,NEUTRAL,0.095
AUTO,2015-10-15,CDSL,115640.0,1849.0,6.7346,0.477,1.441,-4.56,ACCUMULATION,0.959
CAPITAL_GOODS,2015-10-15,CDSL,131900.0,563.0,7.6816,-0.575,0.169,-21.28,NEUTRAL,-0.203
CEMENT,2015-10-15,CDSL,37883.0,-825.0,2.2062,-0.574,-1.35,-29.76,DISTRIBUTION,-0.962
CHEMICALS,2015-10-15,CDSL,23240.0,-79.0,1.3534,0.428,-1.105,-21.65,DISTRIBUTION,-0.339
COMMODITIES,2015-10-15,CDSL,1105.0,4.0,0.0644,0.823,-0.19,-31.83,NEUTRAL,0.317
ENERGY,2015-10-15,CDSL,117514.0,-805.0,6.8438,-0.438,-0.685,-3.28,DISTRIBUTION,-0.561
FINANCIAL_SERVICES,2015-10-15,CDSL,408383.0,654.0,23.7833,-0.234,-0.135,9.48,NEUTRAL,-0.184
FMCG,2015-10-15,CDSL,163610.0,-818.0,9.5283,0.211,-0.38,-9.84,NEUTRAL,-0.085
HEALTHCARE,2015-10-15,CDSL,9616.0,97.0,0.56,1.58,1.178,18.53,STRONG_ACCUMULATION,1.379
INFRASTRUCTURE,2015-10-15,CDSL,56903.0,25.0,3.3139,-1.455,0.087,-17.66,NEUTRAL,-0.684
IT,2015-10-15,CDSL,253865.0,25.0,14.7845,-0.373,0.226,14.13,NEUTRAL,-0.073
LOGISTICS,2015-10-15,CDSL,42755.0,33.0,2.49,1.092,-0.55,-16.81,DISTRIBUTION,0.271
MEDIA,2015-10-15,CDSL,29788.0,286.0,1.7348,1.476,0.673,30.6,ACCUMULATION,1.075
METAL,2015-10-15,CDSL,23305.0,-231.0,1.3572,-1.337,0.141,-37.33,NEUTRAL,-0.598
PHARMA,2015-10-15,CDSL,190897.0,27.0,11.1174,1.079,-0.401,-2.79,NEUTRAL,0.339
REALTY,2015-10-15,CDSL,15521.0,87.0,0.9039,-0.927,-0.16,-6.73,NEUTRAL,-0.543
SERVICES,2015-10-15,CDSL,20660.0,-96.0,1.2032,-1.177,-0.554,-36.98,DISTRIBUTION,-0.866
TELECOM,2015-10-15,CDSL,44927.0,-726.0,2.6164,-0.533,-0.85,-11.96,DISTRIBUTION,-0.692
TEXTILES,2015-10-15,CDSL,29586.0,123.0,1.723,0.99,0.349,-11.38,NEUTRAL,0.669
AUTO,2015-10-31,CDSL,114329.0,1473.0,6.7061,0.246,1.096,-5.24,ACCUMULATION,0.671
CAPITAL_GOODS,2015-10-31,CDSL,128728.0,1739.0,7.5506,-0.868,0.874,-9.79,ACCUMULATION,0.003
CEMENT,2015-10-31,CDSL,37614.0,-533.0,2.2063,-0.644,-0.685,-10.96,DISTRIBUTION,-0.665
CHEMICALS,2015-10-31,CDSL,23113.0,95.0,1.3557,0.331,0.033,-8.67,NEUTRAL,0.182
COMMODITIES,2015-10-31,CDSL,1093.0,21.0,0.0641,0.7,0.178,-6.9,NEUTRAL,0.439
ENERGY,2015-10-31,CDSL,117485.0,517.0,6.8912,-0.39,-0.133,-12.67,NEUTRAL,-0.262
FINANCIAL_SERVICES,2015-10-31,CDSL,405151.0,1063.0,23.7645,-0.306,0.15,-6.05,NEUTRAL,-0.078
FMCG,2015-10-31,CDSL,162028.0,315.0,9.5039,0.001,0.496,-7.01,NEUTRAL,0.248
HEALTHCARE,2015-10-31,CDSL,8785.0,20.0,0.5153,0.663,-0.786,-2.98,DISTRIBUTION,-0.061
INFRASTRUCTURE,2015-10-31,CDSL,56794.0,152.0,3.3313,-1.363,0.343,-7.22,NEUTRAL,-0.51
IT,2015-10-31,CDSL,260903.0,618.0,15.3035,-0.116,0.494,-0.2,NEUTRAL,0.189
LOGISTICS,2015-10-31,CDSL,38939.0,-56.0,2.284,0.517,-0.827,-11.79,DISTRIBUTION,-0.155
MEDIA,2015-10-31,CDSL,29054.0,108.0,1.7042,1.09,0.099,-0.35,NEUTRAL,0.595
METAL,2015-10-31,CDSL,22700.0,-27.0,1.3315,-1.3,0.618,-15.99,ACCUMULATION,-0.341
PHARMA,2015-10-31,CDSL,190539.0,1175.0,11.1762,1.012,-0.12,5.28,NEUTRAL,0.446
REALTY,2015-10-31,CDSL,14757.0,70.0,0.8656,-1.226,-0.192,-4.82,NEUTRAL,-0.709
SERVICES,2015-10-31,CDSL,20000.0,-229.0,1.1731,-1.223,-0.898,-8.75,DISTRIBUTION,-1.06
TELECOM,2015-10-31,CDSL,43301.0,-284.0,2.5399,-1.084,-0.508,-18.71,DISTRIBUTION,-0.796
TEXTILES,2015-10-31,CDSL,29547.0,201.0,1.7331,0.908,0.865,0.7,ACCUMULATION,0.887
AUTO,2015-11-15,CDSL,116160.0,582.0,7.0985,0.442,0.347,-7.29,NEUTRAL,0.394
CAPITAL_GOODS,2015-11-15,CDSL,124391.0,285.0,7.6015,-1.229,-0.01,-12.24,NEUTRAL,-0.62
CEMENT,2015-11-15,CDSL,35175.0,-461.0,2.1495,-1.239,-0.525,-14.18,DISTRIBUTION,-0.882
CHEMICALS,2015-11-15,CDSL,22238.0,51.0,1.359,-0.02,-0.221,-12.59,NEUTRAL,-0.12
COMMODITIES,2015-11-15,CDSL,1123.0,25.0,0.0686,0.799,0.281,0.0,NEUTRAL,0.54
ENERGY,2015-11-15,CDSL,116161.0,-10.0,7.0985,-0.558,-0.369,-8.34,NEUTRAL,-0.464
FINANCIAL_SERVICES,2015-11-15,CDSL,386496.0,308.0,23.6185,-1.196,-0.278,-8.42,NEUTRAL,-0.737
FMCG,2015-11-15,CDSL,161229.0,135.0,9.8526,-0.191,0.277,-4.54,NEUTRAL,0.043
HEALTHCARE,2015-11-15,CDSL,8421.0,-16.0,0.5146,0.194,-1.646,-6.8,DISTRIBUTION,-0.726
INFRASTRUCTURE,2015-11-15,CDSL,55572.0,-56.0,3.396,-1.446,0.236,-5.83,NEUTRAL,-0.605
IT,2015-11-15,CDSL,252864.0,885.0,15.4524,-0.497,0.612,-7.6,ACCUMULATION,0.057
LOGISTICS,2015-11-15,CDSL,36920.0,-552.0,2.2562,0.175,-2.0,-20.05,DISTRIBUTION,-0.912
MEDIA,2015-11-15,CDSL,27046.0,-279.0,1.6528,0.239,-1.087,-8.68,DISTRIBUTION,-0.424
METAL,2015-11-15,CDSL,20940.0,-392.0,1.2796,-1.358,0.02,-14.37,NEUTRAL,-0.669
PHARMA,2015-11-15,CDSL,169158.0,-38.0,10.3371,0.121,-0.403,-11.98,NEUTRAL,-0.141
REALTY,2015-11-15,CDSL,13945.0,-62.0,0.8522,-1.508,-0.616,-10.8,DISTRIBUTION,-1.062
SERVICES,2015-11-15,CDSL,18809.0,-497.0,1.1494,-1.348,-1.547,-12.72,STRONG_DISTRIBUTION,-1.448
TELECOM,2015-11-15,CDSL,40796.0,-206.0,2.493,-1.725,-0.401,-17.57,NEUTRAL,-1.063
TEXTILES,2015-11-15,CDSL,28966.0,25.0,1.7701,0.618,-0.377,-3.63,NEUTRAL,0.12
AUTO,2015-11-30,CDSL,122654.0,2281.0,7.365,1.507,1.747,10.04,STRONG_ACCUMULATION,1.627
CAPITAL_GOODS,2015-11-30,CDSL,128520.0,-660.0,7.7172,-0.861,-0.569,-1.13,DISTRIBUTION,-0.715
CEMENT,2015-11-30,CDSL,35745.0,-701.0,2.1464,-1.117,-1.001,-5.7,STRONG_DISTRIBUTION,-1.059
CHEMICALS,2015-11-30,CDSL,22001.0,-237.0,1.3211,-0.181,-1.887,-7.21,DISTRIBUTION,-1.034
COMMODITIES,2015-11-30,CDSL,1150.0,-4.0,0.0691,0.882,-0.31,15.93,NEUTRAL,0.286
ENERGY,2015-11-30,CDSL,118486.0,-766.0,7.1147,-0.157,-0.676,1.6,DISTRIBUTION,-0.417
FINANCIAL_SERVICES,2015-11-30,CDSL,396403.0,-694.0,23.8028,-0.601,-0.792,2.34,DISTRIBUTION,-0.697
FMCG,2015-11-30,CDSL,161912.0,-735.0,9.7223,-0.252,-0.828,-1.51,DISTRIBUTION,-0.54
HEALTHCARE,2015-11-30,CDSL,8859.0,-1.0,0.532,0.669,-1.195,-0.96,DISTRIBUTION,-0.263
INFRASTRUCTURE,2015-11-30,CDSL,59528.0,-183.0,3.5745,-0.709,0.199,10.94,NEUTRAL,-0.255
IT,2015-11-30,CDSL,251429.0,-970.0,15.0975,-0.563,-0.272,-4.07,NEUTRAL,-0.417
LOGISTICS,2015-11-30,CDSL,37077.0,-649.0,2.2264,0.141,-1.98,-15.35,DISTRIBUTION,-0.919
MEDIA,2015-11-30,CDSL,28787.0,-349.0,1.7286,0.881,-1.227,4.32,DISTRIBUTION,-0.173
METAL,2015-11-30,CDSL,20840.0,-614.0,1.2514,-1.305,-0.314,-5.11,NEUTRAL,-0.809
PHARMA,2015-11-30,CDSL,164297.0,-2249.0,9.8655,-0.174,-0.893,-15.2,DISTRIBUTION,-0.533
REALTY,2015-11-30,CDSL,14345.0,-198.0,0.8614,-1.216,-1.034,6.29,STRONG_DISTRIBUTION,-1.125
SERVICES,2015-11-30,CDSL,20530.0,-414.0,1.2328,-1.013,-1.209,3.31,STRONG_DISTRIBUTION,-1.111
TELECOM,2015-11-30,CDSL,42218.0,-303.0,2.5351,-1.233,-0.523,-7.05,DISTRIBUTION,-0.878
TEXTILES,2015-11-30,CDSL,30584.0,19.0,1.8365,1.271,-0.367,6.17,NEUTRAL,0.452
AUTO,2015-12-15,CDSL,121208.0,4227.0,7.459,1.265,2.783,11.41,STRONG_ACCUMULATION,2.024
CAPITAL_GOODS,2015-12-15,CDSL,119854.0,-766.0,7.3757,-1.593,-0.7,-3.63,DISTRIBUTION,-1.147
CEMENT,2015-12-15,CDSL,35210.0,-582.0,2.1668,-1.221,-0.758,-7.32,DISTRIBUTION,-0.99
CHEMICALS,2015-12-15,CDSL,21182.0,-432.0,1.3035,-0.609,-2.695,-8.98,DISTRIBUTION,-1.652
COMMODITIES,2015-12-15,CDSL,1103.0,-5.0,0.0679,0.555,-0.33,15.14,NEUTRAL,0.113
ENERGY,2015-12-15,CDSL,115682.0,-1209.0,7.119,-0.561,-0.849,1.56,DISTRIBUTION,-0.705
FINANCIAL_SERVICES,2015-12-15,CDSL,387042.0,-1887.0,23.8182,-1.051,-1.362,0.97,STRONG_DISTRIBUTION,-1.207
FMCG,2015-12-15,CDSL,159912.0,-1286.0,9.8408,-0.669,-1.409,-0.32,DISTRIBUTION,-1.039
HEALTHCARE,2015-12-15,CDSL,9340.0,19.0,0.5748,1.229,-0.685,3.24,DISTRIBUTION,0.272
INFRASTRUCTURE,2015-12-15,CDSL,56761.0,-217.0,3.493,-1.097,0.119,6.72,NEUTRAL,-0.489
IT,2015-12-15,CDSL,248721.0,-1408.0,15.3061,-0.671,-0.447,-3.86,NEUTRAL,-0.559
LOGISTICS,2015-12-15,CDSL,34729.0,-544.0,2.1372,-0.294,-1.73,-17.49,DISTRIBUTION,-1.012
MEDIA,2015-12-15,CDSL,28371.0,-55.0,1.7459,0.656,-0.222,1.35,NEUTRAL,0.217
METAL,2015-12-15,CDSL,21061.0,-410.0,1.2961,-1.246,0.205,-3.39,NEUTRAL,-0.52
PHARMA,2015-12-15,CDSL,162481.0,-3575.0,9.9989,-0.375,-1.14,-11.21,DISTRIBUTION,-0.757
REALTY,2015-12-15,CDSL,13504.0,-204.0,0.831,-1.506,-0.98,-3.86,DISTRIBUTION,-1.243
SERVICES,2015-12-15,CDSL,19923.0,-75.0,1.226,-1.056,-0.247,2.82,NEUTRAL,-0.651
TELECOM,2015-12-15,CDSL,39195.0,-670.0,2.412,-1.834,-1.007,-11.19,STRONG_DISTRIBUTION,-1.421
TEXTILES,2015-12-15,CDSL,29705.0,112.0,1.828,0.824,0.303,6.82,NEUTRAL,0.564
AUTO,2015-12-31,CDSL,123091.0,2093.0,7.3084,1.611,1.168,8.86,STRONG_ACCUMULATION,1.389
CAPITAL_GOODS,2015-12-31,CDSL,123677.0,-843.0,7.3432,-1.213,-0.763,1.72,DISTRIBUTION,-0.988
CEMENT,2015-12-31,CDSL,35752.0,-301.0,2.1227,-1.076,-0.186,-2.01,NEUTRAL,-0.631
CHEMICALS,2015-12-31,CDSL,21944.0,-332.0,1.3029,-0.413,-1.971,-2.95,DISTRIBUTION,-1.192
COMMODITIES,2015-12-31,CDSL,1177.0,-1.0,0.0699,0.923,-0.235,19.01,NEUTRAL,0.344
ENERGY,2015-12-31,CDSL,120552.0,-825.0,7.1577,0.272,-0.661,8.33,DISTRIBUTION,-0.195
FINANCIAL_SERVICES,2015-12-31,CDSL,404346.0,-897.0,24.0077,0.025,-0.759,1.33,DISTRIBUTION,-0.367
FMCG,2015-12-31,CDSL,160397.0,-645.0,9.5234,-0.805,-0.554,-0.32,DISTRIBUTION,-0.679
HEALTHCARE,2015-12-31,CDSL,9852.0,69.0,0.585,1.761,0.495,2.94,NEUTRAL,1.128
INFRASTRUCTURE,2015-12-31,CDSL,62724.0,234.0,3.7242,-0.058,1.039,14.89,ACCUMULATION,0.49
IT,2015-12-31,CDSL,254222.0,-55.0,15.0942,-0.421,0.26,-5.74,NEUTRAL,-0.08
LOGISTICS,2015-12-31,CDSL,34941.0,-212.0,2.0746,-0.335,-0.996,-13.38,DISTRIBUTION,-0.665
MEDIA,2015-12-31,CDSL,30559.0,-20.0,1.8144,1.57,-0.111,7.39,NEUTRAL,0.73
METAL,2015-12-31,CDSL,22053.0,-203.0,1.3094,-1.115,0.793,8.99,ACCUMULATION,-0.161
PHARMA,2015-12-31,CDSL,170947.0,-607.0,10.1498,-0.025,-0.434,-9.55,NEUTRAL,-0.23
REALTY,2015-12-31,CDSL,14293.0,-82.0,0.8486,-1.032,-0.527,-5.45,DISTRIBUTION,-0.78
SERVICES,2015-12-31,CDSL,20545.0,-29.0,1.2198,-0.906,-0.116,4.02,NEUTRAL,-0.511
TELECOM,2015-12-31,CDSL,42805.0,-608.0,2.5415,-0.882,-0.868,-1.2,DISTRIBUTION,-0.875
TEXTILES,2015-12-31,CDSL,30357.0,49.0,1.8024,1.131,-0.228,6.46,NEUTRAL,0.452
AUTO,2016-01-15,CDSL,112728.0,-326.0,7.1398,-0.685,-0.485,-2.52,NEUTRAL,-0.585
CAPITAL_GOODS,2016-01-15,CDSL,110163.0,-1212.0,6.9773,-2.132,-0.964,-16.48,DISTRIBUTION,-1.548
CEMENT,2016-01-15,CDSL,32682.0,-287.0,2.07,-1.707,-0.128,-13.73,NEUTRAL,-0.917
CHEMICALS,2016-01-15,CDSL,20265.0,-245.0,1.2835,-1.32,-1.403,-12.8,STRONG_DISTRIBUTION,-1.361
COMMODITIES,2016-01-15,CDSL,789.0,0.0,0.05,-1.435,-0.235,-28.6,NEUTRAL,-0.835
ENERGY,2016-01-15,CDSL,123334.0,357.0,7.8115,0.675,-0.16,4.95,NEUTRAL,0.258
FINANCIAL_SERVICES,2016-01-15,CDSL,374633.0,631.0,23.7279,-1.721,0.13,-8.26,NEUTRAL,-0.796
FMCG,2016-01-15,CDSL,152681.0,-256.0,9.6703,-1.857,0.053,-6.68,NEUTRAL,-0.902
HEALTHCARE,2016-01-15,CDSL,9288.0,87.0,0.5883,0.944,0.859,-3.41,ACCUMULATION,0.901
INFRASTRUCTURE,2016-01-15,CDSL,59603.0,541.0,3.775,-0.55,1.557,4.74,ACCUMULATION,0.503
IT,2016-01-15,CDSL,248919.0,-186.0,15.7656,-0.62,0.312,-1.95,NEUTRAL,-0.154
LOGISTICS,2016-01-15,CDSL,31541.0,-110.0,1.9977,-0.993,-0.728,-26.23,DISTRIBUTION,-0.861
MEDIA,2016-01-15,CDSL,27643.0,-268.0,1.7508,0.222,-0.876,-7.2,DISTRIBUTION,-0.327
METAL,2016-01-15,CDSL,19125.0,-164.0,1.2113,-1.325,0.967,-17.94,ACCUMULATION,-0.179
PHARMA,2016-01-15,CDSL,158680.0,1123.0,10.0502,-0.81,-0.046,-16.88,NEUTRAL,-0.428
REALTY,2016-01-15,CDSL,12746.0,-257.0,0.8073,-1.628,-1.039,-17.88,STRONG_DISTRIBUTION,-1.333
SERVICES,2016-01-15,CDSL,18369.0,-275.0,1.1634,-1.164,-0.745,-11.09,DISTRIBUTION,-0.954
TELECOM,2016-01-15,CDSL,36765.0,-273.0,2.3286,-2.096,-0.376,-18.17,NEUTRAL,-1.236
TEXTILES,2016-01-15,CDSL,28919.0,-44.0,1.8316,0.248,-0.947,-2.25,DISTRIBUTION,-0.349
AUTO,2016-01-31,CDSL,113413.0,-668.0,7.1086,-0.513,-0.679,-0.8,DISTRIBUTION,-0.596
CAPITAL_GOODS,2016-01-31,CDSL,108556.0,-1915.0,6.8042,-2.012,-1.413,-15.67,STRONG_DISTRIBUTION,-1.712
CEMENT,2016-01-31,CDSL,34170.0,-180.0,2.1417,-1.283,0.08,-9.16,NEUTRAL,-0.601
CHEMICALS,2016-01-31,CDSL,20889.0,-300.0,1.3093,-1.066,-1.52,-9.62,STRONG_DISTRIBUTION,-1.293
COMMODITIES,2016-01-31,CDSL,772.0,0.0,0.0484,-1.506,-0.253,-29.37,NEUTRAL,-0.879
ENERGY,2016-01-31,CDSL,119350.0,-315.0,7.4807,-0.063,-0.445,1.59,NEUTRAL,-0.254
FINANCIAL_SERVICES,2016-01-31,CDSL,381190.0,-556.0,23.8925,-1.293,-0.509,-5.91,DISTRIBUTION,-0.901
FMCG,2016-01-31,CDSL,150918.0,-940.0,9.4593,-1.992,-0.907,-6.86,DISTRIBUTION,-1.45
HEALTHCARE,2016-01-31,CDSL,9980.0,84.0,0.6255,1.797,0.752,13.6,ACCUMULATION,1.274
INFRASTRUCTURE,2016-01-31,CDSL,61497.0,-76.0,3.8546,-0.184,0.288,8.28,NEUTRAL,0.052
IT,2016-01-31,CDSL,256123.0,-1264.0,16.0535,-0.284,-0.252,-1.83,NEUTRAL,-0.268
LOGISTICS,2016-01-31,CDSL,31240.0,-175.0,1.9581,-1.067,-0.824,-19.77,DISTRIBUTION,-0.946
MEDIA,2016-01-31,CDSL,28552.0,-247.0,1.7896,0.704,-0.749,-1.73,DISTRIBUTION,-0.023
METAL,2016-01-31,CDSL,19316.0,-397.0,1.2107,-1.215,0.364,-14.91,NEUTRAL,-0.426
PHARMA,2016-01-31,CDSL,165773.0,-539.0,10.3904,-0.482,-0.435,-13.0,NEUTRAL,-0.459
REALTY,2016-01-31,CDSL,12448.0,-427.0,0.7802,-1.603,-1.462,-15.65,STRONG_DISTRIBUTION,-1.532
SERVICES,2016-01-31,CDSL,18270.0,-405.0,1.1451,-1.093,-1.113,-8.65,STRONG_DISTRIBUTION,-1.103
TELECOM,2016-01-31,CDSL,33880.0,-481.0,2.1236,-2.344,-0.718,-21.76,DISTRIBUTION,-1.531
TEXTILES,2016-01-31,CDSL,29101.0,27.0,1.824,0.298,-0.457,-1.51,NEUTRAL,-0.08
AUTO,2016-02-15,CDSL,108916.0,-535.0,7.2198,-1.384,-0.569,-6.24,DISTRIBUTION,-0.976
CAPITAL_GOODS,2016-02-15,CDSL,103780.0,-1583.0,6.8793,-2.065,-1.171,-16.57,STRONG_DISTRIBUTION,-1.618
CEMENT,2016-02-15,CDSL,33853.0,103.0,2.244,-1.251,0.627,-3.76,ACCUMULATION,-0.312
CHEMICALS,2016-02-15,CDSL,19884.0,-42.0,1.3181,-1.531,-0.279,-10.59,NEUTRAL,-0.905
COMMODITIES,2016-02-15,CDSL,719.0,1.0,0.0477,-1.72,-0.229,-35.98,NEUTRAL,-0.975
ENERGY,2016-02-15,CDSL,109941.0,-1018.0,7.2877,-1.741,-0.73,-5.35,DISTRIBUTION,-1.236
FINANCIAL_SERVICES,2016-02-15,CDSL,353425.0,-828.0,23.4277,-2.439,-0.62,-8.56,DISTRIBUTION,-1.53
FMCG,2016-02-15,CDSL,146717.0,-1033.0,9.7255,-2.219,-1.047,-9.0,STRONG_DISTRIBUTION,-1.633
HEALTHCARE,2016-02-15,CDSL,9781.0,107.0,0.6484,1.441,1.22,16.15,STRONG_ACCUMULATION,1.331
INFRASTRUCTURE,2016-02-15,CDSL,57410.0,-139.0,3.8056,-0.828,0.187,3.31,NEUTRAL,-0.321
IT,2016-02-15,CDSL,242456.0,404.0,16.0718,-0.807,0.688,-4.12,ACCUMULATION,-0.06
LOGISTICS,2016-02-15,CDSL,28394.0,-237.0,1.8822,-1.53,-0.906,-23.09,DISTRIBUTION,-1.218
MEDIA,2016-02-15,CDSL,26112.0,36.0,1.7309,-0.477,0.233,-3.45,NEUTRAL,-0.122
METAL,2016-02-15,CDSL,19036.0,-393.0,1.2618,-1.154,0.341,-9.09,NEUTRAL,-0.406
PHARMA,2016-02-15,CDSL,156724.0,-539.0,10.3888,-1.224,-0.44,-7.35,NEUTRAL,-0.832
REALTY,2016-02-15,CDSL,11317.0,-179.0,0.7502,-1.861,-0.662,-18.85,DISTRIBUTION,-1.262
SERVICES,2016-02-15,CDSL,16394.0,-49.0,1.0867,-1.266,0.087,-12.84,NEUTRAL,-0.59
TELECOM,2016-02-15,CDSL,35305.0,-679.0,2.3403,-1.862,-1.021,-13.46,STRONG_DISTRIBUTION,-1.442
TEXTILES,2016-02-15,CDSL,28416.0,295.0,1.8836,-0.223,1.618,-1.9,ACCUMULATION,0.698
AUTO,2016-02-29,CDSL,103123.0,-1294.0,7.0045,-2.244,-1.021,-15.92,STRONG_DISTRIBUTION,-1.633
CAPITAL_GOODS,2016-02-29,CDSL,99494.0,-432.0,6.758,-2.054,-0.383,-22.58,NEUTRAL,-1.218
CEMENT,2016-02-29,CDSL,32772.0,134.0,2.226,-1.367,0.732,-8.32,ACCUMULATION,-0.318
CHEMICALS,2016-02-29,CDSL,19012.0,154.0,1.2914,-1.838,0.627,-13.59,ACCUMULATION,-0.606
COMMODITIES,2016-02-29,CDSL,690.0,7.0,0.0469,-1.737,-0.104,-40.0,NEUTRAL,-0.921
ENERGY,2016-02-29,CDSL,109453.0,-234.0,7.4344,-1.7,-0.385,-7.62,NEUTRAL,-1.042
FINANCIAL_SERVICES,2016-02-29,CDSL,345909.0,-1951.0,23.4954,-2.383,-1.191,-12.74,STRONG_DISTRIBUTION,-1.787
FMCG,2016-02-29,CDSL,145517.0,-866.0,9.884,-2.065,-0.733,-10.13,DISTRIBUTION,-1.399
HEALTHCARE,2016-02-29,CDSL,10020.0,115.0,0.6806,1.622,1.328,13.11,STRONG_ACCUMULATION,1.475
INFRASTRUCTURE,2016-02-29,CDSL,54925.0,918.0,3.7307,-1.187,2.173,-7.73,ACCUMULATION,0.493
IT,2016-02-29,CDSL,237232.0,555.0,16.1137,-0.958,0.81,-5.65,ACCUMULATION,-0.074
LOGISTICS,2016-02-29,CDSL,28196.0,-155.0,1.9152,-1.493,-0.668,-23.95,DISTRIBUTION,-1.081
MEDIA,2016-02-29,CDSL,25040.0,-41.0,1.7008,-0.935,-0.042,-13.02,NEUTRAL,-0.489
METAL,2016-02-29,CDSL,18979.0,-113.0,1.2891,-1.08,1.034,-8.93,ACCUMULATION,-0.023
PHARMA,2016-02-29,CDSL,154808.0,-764.0,10.5151,-1.408,-0.473,-5.78,NEUTRAL,-0.94
REALTY,2016-02-29,CDSL,10673.0,-73.0,0.7249,-1.919,-0.281,-25.6,NEUTRAL,-1.1
SERVICES,2016-02-29,CDSL,15634.0,132.0,1.0619,-1.27,0.678,-23.85,ACCUMULATION,-0.296
TELECOM,2016-02-29,CDSL,34388.0,-709.0,2.3358,-1.814,-1.004,-18.55,STRONG_DISTRIBUTION,-1.409
TEXTILES,2016-02-29,CDSL,26377.0,234.0,1.7916,-1.52,1.061,-13.76,ACCUMULATION,-0.23
AUTO,2016-03-15,CDSL,110259.0,-579.0,7.067,-0.834,-0.562,-9.03,DISTRIBUTION,-0.698
CAPITAL_GOODS,2016-03-15,CDSL,108491.0,861.0,6.9536,-1.371,0.49,-9.48,NEUTRAL,-0.441
CEMENT,2016-03-15,CDSL,36006.0,339.0,2.3078,-0.608,1.255,2.26,ACCUMULATION,0.323
CHEMICALS,2016-03-15,CDSL,20990.0,248.0,1.3453,-0.87,1.004,-0.91,ACCUMULATION,0.067
COMMODITIES,2016-03-15,CDSL,741.0,-3.0,0.0475,-1.347,-0.269,-32.82,NEUTRAL,-0.808
ENERGY,2016-03-15,CDSL,115111.0,573.0,7.3779,-0.687,0.111,-0.49,NEUTRAL,-0.288
FINANCIAL_SERVICES,2016-03-15,CDSL,370484.0,1535.0,23.7458,-1.165,0.892,-4.28,ACCUMULATION,-0.137
FMCG,2016-03-15,CDSL,150511.0,-541.0,9.6469,-1.368,-0.173,-5.88,NEUTRAL,-0.771
HEALTHCARE,2016-03-15,CDSL,9350.0,47.0,0.5993,0.614,-0.162,0.11,NEUTRAL,0.226
INFRASTRUCTURE,2016-03-15,CDSL,59333.0,1256.0,3.8029,-0.333,2.375,4.53,ACCUMULATION,1.021
IT,2016-03-15,CDSL,247936.0,17.0,15.8912,-0.431,0.551,-0.32,ACCUMULATION,0.06
LOGISTICS,2016-03-15,CDSL,31296.0,343.0,2.0059,-0.95,0.498,-9.89,NEUTRAL,-0.226
MEDIA,2016-03-15,CDSL,26519.0,52.0,1.6997,-0.209,0.237,-6.53,NEUTRAL,0.014
METAL,2016-03-15,CDSL,22222.0,419.0,1.4243,-0.659,2.153,5.51,ACCUMULATION,0.747
PHARMA,2016-03-15,CDSL,157622.0,-260.0,10.1026,-1.244,-0.34,-2.99,NEUTRAL,-0.792
REALTY,2016-03-15,CDSL,12099.0,72.0,0.7755,-1.258,0.34,-10.4,NEUTRAL,-0.459
SERVICES,2016-03-15,CDSL,17038.0,200.0,1.092,-0.991,0.898,-14.48,ACCUMULATION,-0.046
TELECOM,2016-03-15,CDSL,35683.0,-498.0,2.2871,-1.471,-0.667,-8.96,DISTRIBUTION,-1.069
TEXTILES,2016-03-15,CDSL,28515.0,318.0,1.8276,-0.111,1.606,-4.01,ACCUMULATION,0.748
AUTO,2016-03-31,CDSL,115238.0,1541.0,7.1125,0.112,0.834,-6.38,ACCUMULATION,0.473
CAPITAL_GOODS,2016-03-31,CDSL,114541.0,1745.0,7.0695,-0.934,1.028,-7.39,ACCUMULATION,0.047
CEMENT,2016-03-31,CDSL,40257.0,1047.0,2.4847,0.381,2.529,12.6,ACCUMULATION,1.455
CHEMICALS,2016-03-31,CDSL,22248.0,177.0,1.3732,-0.292,0.649,1.39,ACCUMULATION,0.179
COMMODITIES,2016-03-31,CDSL,812.0,35.0,0.0501,-0.926,0.573,-31.01,ACCUMULATION,-0.177
ENERGY,2016-03-31,CDSL,120899.0,2864.0,7.4619,0.29,2.467,0.29,ACCUMULATION,1.379
FINANCIAL_SERVICES,2016-03-31,CDSL,382190.0,4586.0,23.5889,-0.579,2.301,-5.48,ACCUMULATION,0.861
FMCG,2016-03-31,CDSL,156026.0,469.0,9.63,-0.676,1.517,-2.73,ACCUMULATION,0.42
HEALTHCARE,2016-03-31,CDSL,9239.0,47.0,0.5702,0.415,-0.165,-6.22,NEUTRAL,0.125
INFRASTRUCTURE,2016-03-31,CDSL,61485.0,799.0,3.7949,0.162,1.468,-1.98,ACCUMULATION,0.815
IT,2016-03-31,CDSL,264499.0,1841.0,16.325,0.512,1.704,4.04,ACCUMULATION,1.108
LOGISTICS,2016-03-31,CDSL,33678.0,495.0,2.0786,-0.549,0.811,-3.61,ACCUMULATION,0.131
MEDIA,2016-03-31,CDSL,27190.0,423.0,1.6782,0.098,1.41,-11.02,ACCUMULATION,0.754
METAL,2016-03-31,CDSL,23805.0,1033.0,1.4693,-0.414,2.84,7.94,ACCUMULATION,1.213
PHARMA,2016-03-31,CDSL,151899.0,-524.0,9.3752,-1.664,-0.383,-11.14,NEUTRAL,-1.023
REALTY,2016-03-31,CDSL,12766.0,249.0,0.7879,-0.938,1.215,-10.68,ACCUMULATION,0.139
SERVICES,2016-03-31,CDSL,18058.0,279.0,1.1145,-0.778,1.157,-12.11,ACCUMULATION,0.19
TELECOM,2016-03-31,CDSL,37014.0,-86.0,2.2845,-1.18,-0.085,-13.53,NEUTRAL,-0.632
TEXTILES,2016-03-31,CDSL,28369.0,501.0,1.7509,-0.224,2.489,-6.55,ACCUMULATION,1.132
AUTO,2016-04-15,CDSL,120484.0,1124.0,7.2854,1.041,0.625,6.88,ACCUMULATION,0.833
CAPITAL_GOODS,2016-04-15,CDSL,119846.0,1561.0,7.2469,-0.558,1.054,8.79,ACCUMULATION,0.248
CEMENT,2016-04-15,CDSL,41588.0,944.0,2.5147,0.699,2.075,27.25,ACCUMULATION,1.387
CHEMICALS,2016-04-15,CDSL,23558.0,76.0,1.4245,0.294,0.193,16.25,NEUTRAL,0.243
COMMODITIES,2016-04-15,CDSL,899.0,52.0,0.0544,-0.458,0.901,13.94,ACCUMULATION,0.222
ENERGY,2016-04-15,CDSL,123230.0,2868.0,7.4515,0.638,2.161,-0.08,ACCUMULATION,1.399
FINANCIAL_SERVICES,2016-04-15,CDSL,387280.0,959.0,23.4181,-0.287,0.429,3.38,NEUTRAL,0.071
FMCG,2016-04-15,CDSL,158948.0,583.0,9.6113,-0.292,1.641,4.1,ACCUMULATION,0.674
HEALTHCARE,2016-04-15,CDSL,9421.0,70.0,0.5697,0.64,0.327,1.43,NEUTRAL,0.484
INFRASTRUCTURE,2016-04-15,CDSL,64417.0,532.0,3.8952,0.838,0.999,8.08,ACCUMULATION,0.918
IT,2016-04-15,CDSL,263422.0,1980.0,15.9286,0.632,1.784,5.83,ACCUMULATION,1.208
LOGISTICS,2016-04-15,CDSL,33056.0,124.0,1.9988,-0.662,-0.033,4.8,NEUTRAL,-0.348
MEDIA,2016-04-15,CDSL,27681.0,237.0,1.6738,0.306,0.735,0.14,ACCUMULATION,0.52
METAL,2016-04-15,CDSL,25246.0,1027.0,1.5266,-0.171,2.394,32.01,ACCUMULATION,1.112
PHARMA,2016-04-15,CDSL,155327.0,-728.0,9.3923,-1.338,-0.401,-2.11,NEUTRAL,-0.87
REALTY,2016-04-15,CDSL,13359.0,187.0,0.8078,-0.631,1.027,4.81,ACCUMULATION,0.198
SERVICES,2016-04-15,CDSL,18762.0,132.0,1.1345,-0.61,0.707,2.14,ACCUMULATION,0.048
TELECOM,2016-04-15,CDSL,37765.0,53.0,2.2836,-0.983,0.115,2.72,NEUTRAL,-0.434
TEXTILES,2016-04-15,CDSL,29474.0,219.0,1.7822,0.474,0.621,1.92,ACCUMULATION,0.547
AUTO,2016-04-30,CDSL,118437.0,377.0,7.1476,0.62,0.103,4.43,NEUTRAL,0.361
CAPITAL_GOODS,2016-04-30,CDSL,120544.0,835.0,7.2747,-0.462,0.652,11.04,ACCUMULATION,0.095
CEMENT,2016-04-30,CDSL,40753.0,408.0,2.4594,0.516,1.006,19.27,ACCUMULATION,0.761
CHEMICALS,2016-04-30,CDSL,24364.0,146.0,1.4703,0.635,0.514,16.64,ACCUMULATION,0.575
COMMODITIES,2016-04-30,CDSL,923.0,23.0,0.0557,-0.32,0.215,19.56,NEUTRAL,-0.053
ENERGY,2016-04-30,CDSL,120102.0,1277.0,7.2481,0.082,0.807,0.63,ACCUMULATION,0.445
FINANCIAL_SERVICES,2016-04-30,CDSL,392520.0,-769.0,23.6883,0.014,-0.455,2.97,NEUTRAL,-0.221
FMCG,2016-04-30,CDSL,156900.0,427.0,9.4688,-0.499,1.282,3.96,ACCUMULATION,0.392
HEALTHCARE,2016-04-30,CDSL,9150.0,-8.0,0.5522,0.234,-1.289,-8.32,DISTRIBUTION,-0.527
INFRASTRUCTURE,2016-04-30,CDSL,63915.0,108.0,3.8572,0.775,0.317,3.93,NEUTRAL,0.546
IT,2016-04-30,CDSL,263723.0,1174.0,15.9155,0.698,1.211,2.97,ACCUMULATION,0.955
LOGISTICS,2016-04-30,CDSL,33478.0,43.0,2.0204,-0.592,-0.158,7.16,NEUTRAL,-0.375
MEDIA,2016-04-30,CDSL,28503.0,-25.0,1.7201,0.656,-0.152,-0.17,NEUTRAL,0.252
METAL,2016-04-30,CDSL,26702.0,848.0,1.6114,0.086,1.896,38.24,ACCUMULATION,0.991
PHARMA,2016-04-30,CDSL,155502.0,-827.0,9.3844,-1.243,-0.395,-6.2,NEUTRAL,-0.819
REALTY,2016-04-30,CDSL,14196.0,220.0,0.8567,-0.19,1.217,14.04,ACCUMULATION,0.514
SERVICES,2016-04-30,CDSL,18554.0,301.0,1.1197,-0.586,1.385,1.55,ACCUMULATION,0.4
TELECOM,2016-04-30,CDSL,39155.0,130.0,2.363,-0.707,0.294,15.57,NEUTRAL,-0.206
TEXTILES,2016-04-30,CDSL,29603.0,135.0,1.7865,0.509,0.04,1.73,NEUTRAL,0.275
AUTO,2016-05-15,NSDL,118559.0,2.0,7.1461,0.607,-0.184,8.85,NEUTRAL,0.211
CAPITAL_GOODS,2016-05-15,NSDL,119310.0,961.0,7.1913,-0.483,0.766,14.96,ACCUMULATION,0.142
CEMENT,2016-05-15,NSDL,41123.0,167.0,2.4787,0.628,0.535,21.48,ACCUMULATION,0.582
CHEMICALS,2016-05-15,NSDL,25779.0,232.0,1.5538,1.214,0.878,29.65,ACCUMULATION,1.046
COMMODITIES,2016-05-15,NSDL,911.0,16.0,0.0549,-0.348,0.058,26.7,NEUTRAL,-0.145
ENERGY,2016-05-15,NSDL,116992.0,172.0,7.0516,-0.402,-0.084,6.41,NEUTRAL,-0.243
FINANCIAL_SERVICES,2016-05-15,NSDL,404641.0,-1142.0,24.3894,0.692,-0.621,14.49,DISTRIBUTION,0.035
FMCG,2016-05-15,NSDL,158006.0,-80.0,9.5237,-0.305,0.501,7.69,ACCUMULATION,0.098
HEALTHCARE,2016-05-15,NSDL,9187.0,-11.0,0.5537,0.277,-1.256,-6.07,DISTRIBUTION,-0.489
INFRASTRUCTURE,2016-05-15,NSDL,64868.0,284.0,3.9099,1.107,0.572,12.99,ACCUMULATION,0.839
IT,2016-05-15,NSDL,260172.0,-580.0,15.6817,0.522,0.069,7.31,NEUTRAL,0.295
LOGISTICS,2016-05-15,NSDL,29780.0,-143.0,1.795,-1.177,-0.571,4.88,DISTRIBUTION,-0.874
MEDIA,2016-05-15,NSDL,30557.0,120.0,1.8418,1.495,0.34,17.02,NEUTRAL,0.918
METAL,2016-05-15,NSDL,25338.0,904.0,1.5272,-0.026,1.809,33.11,ACCUMULATION,0.891
PHARMA,2016-05-15,NSDL,153921.0,-1123.0,9.2775,-1.249,-0.435,-1.79,NEUTRAL,-0.842
REALTY,2016-05-15,NSDL,14137.0,191.0,0.8521,-0.132,1.049,24.92,ACCUMULATION,0.458
SERVICES,2016-05-15,NSDL,17578.0,317.0,1.0595,-0.697,1.48,7.22,ACCUMULATION,0.392
TELECOM,2016-05-15,NSDL,37855.0,11.0,2.2817,-0.848,0.216,7.22,NEUTRAL,-0.316
TEXTILES,2016-05-15,NSDL,30370.0,245.0,1.8305,0.968,0.706,6.88,ACCUMULATION,0.837
AUTO,2016-05-31,NSDL,124169.0,-193.0,7.2668,1.509,-0.361,20.41,NEUTRAL,0.574
CAPITAL_GOODS,2016-05-31,NSDL,129942.0,3426.0,7.6046,0.245,2.305,30.6,ACCUMULATION,1.275
CEMENT,2016-05-31,NSDL,42221.0,158.0,2.4709,0.839,0.473,28.83,NEUTRAL,0.656
CHEMICALS,2016-05-31,NSDL,26916.0,301.0,1.5752,1.576,1.104,41.57,STRONG_ACCUMULATION,1.34
COMMODITIES,2016-05-31,NSDL,902.0,4.0,0.0528,-0.385,-0.253,30.72,NEUTRAL,-0.319
ENERGY,2016-05-31,NSDL,117159.0,-1777.0,6.8565,-0.368,-1.535,7.04,DISTRIBUTION,-0.952
FINANCIAL_SERVICES,2016-05-31,NSDL,424831.0,-704.0,24.8625,1.597,-0.367,22.82,NEUTRAL,0.615
FMCG,2016-05-31,NSDL,162170.0,-687.0,9.4907,0.218,-0.401,11.44,NEUTRAL,-0.092
HEALTHCARE,2016-05-31,NSDL,9459.0,46.0,0.5536,0.618,-0.168,-5.6,NEUTRAL,0.225
INFRASTRUCTURE,2016-05-31,NSDL,65867.0,401.0,3.8548,1.338,0.747,19.92,ACCUMULATION,1.042
IT,2016-05-31,NSDL,266675.0,-1362.0,15.6067,0.911,-0.501,12.41,DISTRIBUTION,0.205
LOGISTICS,2016-05-31,NSDL,30406.0,-421.0,1.7795,-1.043,-1.188,7.84,STRONG_DISTRIBUTION,-1.115
MEDIA,2016-05-31,NSDL,30356.0,235.0,1.7765,1.31,0.704,21.23,ACCUMULATION,1.007
METAL,2016-05-31,NSDL,27393.0,612.0,1.6031,0.4,1.273,44.33,ACCUMULATION,0.837
PHARMA,2016-05-31,NSDL,149741.0,-1870.0,8.7633,-1.405,-0.644,-3.27,DISTRIBUTION,-1.024
REALTY,2016-05-31,NSDL,14964.0,92.0,0.8757,0.417,0.557,40.2,ACCUMULATION,0.487
SERVICES,2016-05-31,NSDL,17230.0,-218.0,1.0084,-0.711,-0.483,10.21,NEUTRAL,-0.597
TELECOM,2016-05-31,NSDL,37279.0,-417.0,2.1817,-0.872,-0.458,8.41,NEUTRAL,-0.665
TEXTILES,2016-05-31,NSDL,31040.0,321.0,1.8166,1.311,1.139,17.68,STRONG_ACCUMULATION,1.225
AUTO,2016-06-15,NSDL,125411.0,801.0,7.3049,1.574,0.312,13.74,NEUTRAL,0.943
CAPITAL_GOODS,2016-06-15,NSDL,133430.0,4653.0,7.772,0.512,2.598,22.99,ACCUMULATION,1.555
CEMENT,2016-06-15,NSDL,44383.0,590.0,2.5852,1.256,1.164,23.27,STRONG_ACCUMULATION,1.21
CHEMICALS,2016-06-15,NSDL,26825.0,79.0,1.5625,1.433,0.142,27.8,NEUTRAL,0.787
COMMODITIES,2016-06-15,NSDL,966.0,-30.0,0.0563,-0.076,-1.1,30.36,DISTRIBUTION,-0.588
ENERGY,2016-06-15,NSDL,120466.0,-741.0,7.0169,0.189,-0.674,4.65,DISTRIBUTION,-0.243
FINANCIAL_SERVICES,2016-06-15,NSDL,424050.0,288.0,24.7,1.443,0.157,14.46,NEUTRAL,0.8
FMCG,2016-06-15,NSDL,165671.0,-541.0,9.65,0.659,-0.162,10.07,NEUTRAL,0.248
HEALTHCARE,2016-06-15,NSDL,9213.0,48.0,0.5366,0.166,-0.187,-1.47,NEUTRAL,-0.01
INFRASTRUCTURE,2016-06-15,NSDL,68865.0,242.0,4.0112,1.893,0.496,16.07,NEUTRAL,1.195
IT,2016-06-15,NSDL,261047.0,-450.0,15.2054,0.494,0.008,5.29,NEUTRAL,0.251
LOGISTICS,2016-06-15,NSDL,30982.0,-182.0,1.8046,-0.914,-0.535,-1.0,DISTRIBUTION,-0.725
MEDIA,2016-06-15,NSDL,31291.0,223.0,1.8226,1.655,0.61,17.99,ACCUMULATION,1.133
METAL,2016-06-15,NSDL,29008.0,451.0,1.6897,0.835,0.967,30.54,ACCUMULATION,0.901
PHARMA,2016-06-15,NSDL,145154.0,-3289.0,8.4549,-1.547,-2.347,-7.91,STRONG_DISTRIBUTION,-1.947
REALTY,2016-06-15,NSDL,15270.0,142.0,0.8894,0.693,0.735,26.21,ACCUMULATION,0.714
SERVICES,2016-06-15,NSDL,17910.0,-156.0,1.0432,-0.535,-0.28,5.12,NEUTRAL,-0.408
TELECOM,2016-06-15,NSDL,36376.0,-2.0,2.1188,-0.944,0.235,1.94,NEUTRAL,-0.354
TEXTILES,2016-06-15,NSDL,30484.0,288.0,1.7756,0.872,0.844,6.91,ACCUMULATION,0.858
AUTO,2016-06-30,NSDL,128628.0,377.0,7.3475,1.89,-0.012,11.62,NEUTRAL,0.939
CAPITAL_GOODS,2016-06-30,NSDL,136465.0,2104.0,7.7951,0.749,1.036,19.14,ACCUMULATION,0.893
CEMENT,2016-06-30,NSDL,46788.0,851.0,2.6726,1.654,1.53,16.22,STRONG_ACCUMULATION,1.592
CHEMICALS,2016-06-30,NSDL,26676.0,-146.0,1.5238,1.299,-0.785,19.9,DISTRIBUTION,0.257
COMMODITIES,2016-06-30,NSDL,955.0,-44.0,0.0546,-0.127,-1.349,17.61,DISTRIBUTION,-0.738
ENERGY,2016-06-30,NSDL,122126.0,875.0,6.976,0.478,0.564,1.01,ACCUMULATION,0.521
FINANCIAL_SERVICES,2016-06-30,NSDL,433679.0,14.0,24.7725,1.742,-0.043,13.47,NEUTRAL,0.85
FMCG,2016-06-30,NSDL,170387.0,-371.0,9.7328,1.212,0.125,9.2,NEUTRAL,0.668
HEALTHCARE,2016-06-30,NSDL,9089.0,2.0,0.5192,-0.125,-1.184,-1.62,DISTRIBUTION,-0.654
INFRASTRUCTURE,2016-06-30,NSDL,70745.0,286.0,4.0411,2.082,0.517,15.06,ACCUMULATION,1.299
IT,2016-06-30,NSDL,258142.0,200.0,14.7455,0.307,0.491,-2.4,NEUTRAL,0.399
LOGISTICS,2016-06-30,NSDL,31369.0,-157.0,1.7919,-0.821,-0.422,-6.86,NEUTRAL,-0.621
MEDIA,2016-06-30,NSDL,31320.0,118.0,1.7891,1.553,0.18,15.19,NEUTRAL,0.866
METAL,2016-06-30,NSDL,30545.0,520.0,1.7448,1.287,0.986,28.31,ACCUMULATION,1.136
PHARMA,2016-06-30,NSDL,148967.0,-2398.0,8.5092,-1.206,-1.441,-1.93,STRONG_DISTRIBUTION,-1.324
REALTY,2016-06-30,NSDL,16191.0,78.0,0.9249,1.362,0.432,26.83,NEUTRAL,0.897
SERVICES,2016-06-30,NSDL,18568.0,65.0,1.0606,-0.323,0.528,2.82,ACCUMULATION,0.103
TELECOM,2016-06-30,NSDL,37798.0,94.0,2.1591,-0.653,0.423,2.12,NEUTRAL,-0.115
TEXTILES,2016-06-30,NSDL,32210.0,125.0,1.8399,1.837,-0.337,13.54,NEUTRAL,0.75
AUTO,2016-07-15,NSDL,133129.0,135.0,7.4368,2.246,-0.179,10.5,NEUTRAL,1.034
CAPITAL_GOODS,2016-07-15,NSDL,141249.0,791.0,7.8904,1.055,0.31,17.86,NEUTRAL,0.682
CEMENT,2016-07-15,NSDL,49091.0,1133.0,2.7423,1.9,1.855,18.04,STRONG_ACCUMULATION,1.877
CHEMICALS,2016-07-15,NSDL,26859.0,-94.0,1.5004,1.276,-0.496,14.01,NEUTRAL,0.39
COMMODITIES,2016-07-15,NSDL,993.0,-22.0,0.0555,0.044,-0.78,10.46,DISTRIBUTION,-0.368
ENERGY,2016-07-15,NSDL,119690.0,61.0,6.6861,0.079,-0.064,-2.87,NEUTRAL,0.007
FINANCIAL_SERVICES,2016-07-15,NSDL,458703.0,327.0,25.6239,2.398,0.132,18.44,NEUTRAL,1.265
FMCG,2016-07-15,NSDL,174410.0,799.0,9.7428,1.551,1.855,9.73,STRONG_ACCUMULATION,1.703
HEALTHCARE,2016-07-15,NSDL,9556.0,-12.0,0.5338,0.714,-1.47,1.43,DISTRIBUTION,-0.378
INFRASTRUCTURE,2016-07-15,NSDL,71138.0,611.0,3.9739,1.936,0.971,10.43,ACCUMULATION,1.454
IT,2016-07-15,NSDL,244651.0,-12.0,13.6666,-0.969,0.279,-7.13,NEUTRAL,-0.345
LOGISTICS,2016-07-15,NSDL,32621.0,-305.0,1.8223,-0.581,-0.752,-1.32,DISTRIBUTION,-0.666
MEDIA,2016-07-15,NSDL,32176.0,105.0,1.7974,1.804,0.088,16.24,NEUTRAL,0.946
METAL,2016-07-15,NSDL,34853.0,468.0,1.9469,2.106,0.844,38.05,ACCUMULATION,1.475
PHARMA,2016-07-15,NSDL,154041.0,-1447.0,8.605,-0.854,-0.591,-0.83,DISTRIBUTION,-0.722
REALTY,2016-07-15,NSDL,16658.0,198.0,0.9305,1.571,0.917,24.69,ACCUMULATION,1.244
SERVICES,2016-07-15,NSDL,18666.0,-63.0,1.0427,-0.272,-0.017,-0.51,NEUTRAL,-0.145
TELECOM,2016-07-15,NSDL,38897.0,-362.0,2.1728,-0.408,-0.292,3.0,NEUTRAL,-0.35
TEXTILES,2016-07-15,NSDL,32757.0,104.0,1.8299,2.032,-0.516,11.14,DISTRIBUTION,0.758
AUTO,2016-07-31,NSDL,136857.0,1247.0,7.4058,2.352,0.61,15.55,ACCUMULATION,1.481
CAPITAL_GOODS,2016-07-31,NSDL,147590.0,1715.0,7.9866,1.441,0.849,22.44,ACCUMULATION,1.145
CEMENT,2016-07-31,NSDL,51645.0,1117.0,2.7947,2.099,1.655,26.73,STRONG_ACCUMULATION,1.877
CHEMICALS,2016-07-31,NSDL,28534.0,-39.0,1.5441,1.748,-0.178,17.12,NEUTRAL,0.785
COMMODITIES,2016-07-31,NSDL,1073.0,15.0,0.0581,0.424,0.086,16.25,NEUTRAL,0.255
ENERGY,2016-07-31,NSDL,133053.0,868.0,7.1999,2.334,0.561,10.78,ACCUMULATION,1.448
FINANCIAL_SERVICES,2016-07-31,NSDL,471840.0,2104.0,25.5328,2.46,1.13,20.21,STRONG_ACCUMULATION,1.795
FMCG,2016-07-31,NSDL,176497.0,1429.0,9.5508,1.662,2.366,12.49,STRONG_ACCUMULATION,2.014
HEALTHCARE,2016-07-31,NSDL,9457.0,0.0,0.5117,0.442,-1.135,3.36,DISTRIBUTION,-0.347
INFRASTRUCTURE,2016-07-31,NSDL,73622.0,962.0,3.9839,2.105,1.451,15.19,STRONG_ACCUMULATION,1.778
IT,2016-07-31,NSDL,251910.0,-347.0,13.6317,-0.309,-0.078,-4.48,NEUTRAL,-0.194
LOGISTICS,2016-07-31,NSDL,33463.0,-43.0,1.8108,-0.398,0.039,-0.04,NEUTRAL,-0.18
MEDIA,2016-07-31,NSDL,34091.0,163.0,1.8448,2.315,0.446,19.6,NEUTRAL,1.381
METAL,2016-07-31,NSDL,35228.0,406.0,1.9063,2.059,0.695,31.93,ACCUMULATION,1.377
PHARMA,2016-07-31,NSDL,156718.0,-563.0,8.4805,-0.64,0.182,0.78,NEUTRAL,-0.229
REALTY,2016-07-31,NSDL,17052.0,296.0,0.9227,1.712,1.244,20.12,STRONG_ACCUMULATION,1.478
SERVICES,2016-07-31,NSDL,18963.0,-51.0,1.0261,-0.157,-0.057,2.2,NEUTRAL,-0.107
TELECOM,2016-07-31,NSDL,36948.0,-388.0,1.9994,-0.706,-0.272,-5.64,NEUTRAL,-0.489
TEXTILES,2016-07-31,NSDL,33437.0,147.0,1.8094,2.148,-0.201,12.95,NEUTRAL,0.974
AUTO,2016-08-15,CDSL,140137.0,1575.0,7.5415,2.356,0.798,18.2,ACCUMULATION,1.577
CAPITAL_GOODS,2016-08-15,CDSL,146738.0,1805.0,7.8967,1.644,0.847,22.99,ACCUMULATION,1.245
CEMENT,2016-08-15,CDSL,52038.0,810.0,2.8004,2.254,1.122,26.54,STRONG_ACCUMULATION,1.688
CHEMICALS,2016-08-15,CDSL,28630.0,207.0,1.5407,1.852,0.964,11.06,ACCUMULATION,1.408
COMMODITIES,2016-08-15,CDSL,1003.0,35.0,0.054,0.248,0.519,10.1,ACCUMULATION,0.384
ENERGY,2016-08-15,CDSL,136282.0,2739.0,7.334,2.427,1.881,16.49,STRONG_ACCUMULATION,2.154
FINANCIAL_SERVICES,2016-08-15,CDSL,474043.0,1213.0,25.5107,2.188,0.656,17.15,ACCUMULATION,1.422
FMCG,2016-08-15,CDSL,176593.0,665.0,9.5034,1.772,1.272,11.76,STRONG_ACCUMULATION,1.522
HEALTHCARE,2016-08-15,CDSL,10002.0,52.0,0.5383,1.682,0.025,8.87,NEUTRAL,0.853
INFRASTRUCTURE,2016-08-15,CDSL,74700.0,661.0,4.02,2.113,0.874,15.16,ACCUMULATION,1.494
IT,2016-08-15,CDSL,257133.0,659.0,13.8376,0.062,0.765,-1.17,ACCUMULATION,0.413
LOGISTICS,2016-08-15,CDSL,34353.0,150.0,1.8487,-0.168,0.65,15.36,ACCUMULATION,0.241
MEDIA,2016-08-15,CDSL,34065.0,-61.0,1.8332,2.208,-0.486,11.48,NEUTRAL,0.861
METAL,2016-08-15,CDSL,36767.0,427.0,1.9786,2.379,0.665,45.11,ACCUMULATION,1.522
PHARMA,2016-08-15,CDSL,152165.0,-156.0,8.1888,-0.858,0.565,-1.14,ACCUMULATION,-0.147
REALTY,2016-08-15,CDSL,17170.0,243.0,0.924,1.736,0.94,21.45,ACCUMULATION,1.338
SERVICES,2016-08-15,CDSL,19119.0,26.0,1.0289,0.129,0.283,8.77,NEUTRAL,0.206
TELECOM,2016-08-15,CDSL,34808.0,-400.0,1.8732,-1.073,-0.233,-8.05,NEUTRAL,-0.653
TEXTILES,2016-08-15,CDSL,32469.0,119.0,1.7473,1.66,-0.411,6.91,NEUTRAL,0.624
AUTO,2016-08-31,CDSL,145004.0,1097.0,7.6958,2.432,0.422,16.78,NEUTRAL,1.427
CAPITAL_GOODS,2016-08-31,CDSL,152043.0,1183.0,8.0693,1.932,0.435,17.01,NEUTRAL,1.183
CEMENT,2016-08-31,CDSL,55836.0,768.0,2.9634,2.474,1.018,32.25,STRONG_ACCUMULATION,1.746
CHEMICALS,2016-08-31,CDSL,29611.0,290.0,1.5715,1.987,1.27,10.01,STRONG_ACCUMULATION,1.629
COMMODITIES,2016-08-31,CDSL,1070.0,42.0,0.0568,0.758,0.893,18.63,ACCUMULATION,0.826
ENERGY,2016-08-31,CDSL,139674.0,1903.0,7.4129,2.699,1.27,19.22,STRONG_ACCUMULATION,1.984
FINANCIAL_SERVICES,2016-08-31,CDSL,489102.0,-45.0,25.958,2.316,-0.033,15.13,NEUTRAL,1.141
FMCG,2016-08-31,CDSL,177625.0,234.0,9.4271,1.829,0.721,9.53,ACCUMULATION,1.275
HEALTHCARE,2016-08-31,CDSL,9544.0,115.0,0.5065,0.482,1.402,0.9,ACCUMULATION,0.942
INFRASTRUCTURE,2016-08-31,CDSL,76909.0,-256.0,4.0818,2.135,-0.672,16.76,DISTRIBUTION,0.731
IT,2016-08-31,CDSL,243402.0,-440.0,12.918,-1.411,-0.283,-8.73,NEUTRAL,-0.847
LOGISTICS,2016-08-31,CDSL,34632.0,-227.0,1.838,-0.046,-0.427,13.9,NEUTRAL,-0.236
MEDIA,2016-08-31,CDSL,35944.0,-299.0,1.9076,2.517,-1.513,18.41,DISTRIBUTION,0.502
METAL,2016-08-31,CDSL,38380.0,615.0,2.0369,2.312,0.88,40.11,ACCUMULATION,1.596
PHARMA,2016-08-31,CDSL,151660.0,-1605.0,8.049,-0.824,-0.652,1.28,DISTRIBUTION,-0.738
REALTY,2016-08-31,CDSL,16735.0,165.0,0.8882,1.402,0.651,11.84,ACCUMULATION,1.026
SERVICES,2016-08-31,CDSL,19471.0,9.0,1.0334,0.464,0.27,13.01,NEUTRAL,0.367
TELECOM,2016-08-31,CDSL,34136.0,-37.0,1.8117,-1.244,0.94,-8.43,ACCUMULATION,-0.152
TEXTILES,2016-08-31,CDSL,33426.0,112.0,1.774,1.978,-0.439,7.69,NEUTRAL,0.769
AUTO,2016-09-15,CDSL,147474.0,790.0,7.9611,2.3,0.181,17.59,NEUTRAL,1.24
CAPITAL_GOODS,2016-09-15,CDSL,152522.0,802.0,8.2336,1.848,0.176,14.31,NEUTRAL,1.012
CEMENT,2016-09-15,CDSL,54445.0,485.0,2.9391,1.986,0.564,22.67,ACCUMULATION,1.275
CHEMICALS,2016-09-15,CDSL,31601.0,102.0,1.7059,2.302,0.435,17.8,NEUTRAL,1.369
COMMODITIES,2016-09-15,CDSL,1121.0,33.0,0.0605,1.119,1.14,16.05,STRONG_ACCUMULATION,1.129
ENERGY,2016-09-15,CDSL,132833.0,145.0,7.1708,1.654,-0.0,10.27,NEUTRAL,0.827
FINANCIAL_SERVICES,2016-09-15,CDSL,474749.0,490.0,25.6285,1.746,0.335,11.96,NEUTRAL,1.04
FMCG,2016-09-15,CDSL,177457.0,-256.0,9.5797,1.688,0.081,7.11,NEUTRAL,0.884
HEALTHCARE,2016-09-15,CDSL,9124.0,70.0,0.4925,-0.596,0.5,-0.97,NEUTRAL,-0.048
INFRASTRUCTURE,2016-09-15,CDSL,74423.0,-302.0,4.0176,1.602,-0.777,8.07,DISTRIBUTION,0.413
IT,2016-09-15,CDSL,235009.0,-2163.0,12.6866,-2.155,-1.722,-9.97,STRONG_DISTRIBUTION,-1.938
LOGISTICS,2016-09-15,CDSL,34389.0,-593.0,1.8564,-0.003,-1.599,11.0,DISTRIBUTION,-0.801
MEDIA,2016-09-15,CDSL,35828.0,-177.0,1.9341,2.142,-0.856,14.5,DISTRIBUTION,0.643
METAL,2016-09-15,CDSL,37230.0,445.0,2.0098,1.874,0.56,28.34,ACCUMULATION,1.217
PHARMA,2016-09-15,CDSL,155113.0,-1435.0,8.3735,-0.543,-0.459,6.86,NEUTRAL,-0.501
REALTY,2016-09-15,CDSL,16469.0,-82.0,0.8891,1.206,-0.387,7.85,NEUTRAL,0.409
SERVICES,2016-09-15,CDSL,17476.0,-56.0,0.9434,-0.932,0.012,-2.42,NEUTRAL,-0.46
TELECOM,2016-09-15,CDSL,31827.0,-445.0,1.7181,-1.782,-0.266,-12.51,NEUTRAL,-1.024
TEXTILES,2016-09-15,CDSL,33335.0,79.0,1.7995,1.734,-0.624,9.35,DISTRIBUTION,0.555
AUTO,2016-09-30,CDSL,149496.0,2230.0,8.0686,2.144,1.145,16.22,STRONG_ACCUMULATION,1.645
CAPITAL_GOODS,2016-09-30,CDSL,151680.0,514.0,8.1865,1.634,-0.044,11.15,NEUTRAL,0.795
CEMENT,2016-09-30,CDSL,54031.0,70.0,2.9162,1.725,-0.099,15.48,NEUTRAL,0.813
CHEMICALS,2016-09-30,CDSL,31083.0,-117.0,1.6776,1.897,-0.618,16.52,DISTRIBUTION,0.639
COMMODITIES,2016-09-30,CDSL,1191.0,10.0,0.0643,1.487,0.165,24.71,NEUTRAL,0.826
ENERGY,2016-09-30,CDSL,144466.0,2078.0,7.7971,2.596,1.33,18.29,STRONG_ACCUMULATION,1.963
FINANCIAL_SERVICES,2016-09-30,CDSL,470944.0,2885.0,25.4179,1.497,1.747,8.59,STRONG_ACCUMULATION,1.622
FMCG,2016-09-30,CDSL,170805.0,-440.0,9.2187,0.92,-0.215,0.25,NEUTRAL,0.353
HEALTHCARE,2016-09-30,CDSL,9303.0,-12.0,0.5021,-0.178,-1.316,2.35,DISTRIBUTION,-0.747
INFRASTRUCTURE,2016-09-30,CDSL,73719.0,468.0,3.9788,1.388,0.488,4.2,NEUTRAL,0.938
IT,2016-09-30,CDSL,237895.0,-1325.0,12.8397,-1.655,-1.04,-7.84,STRONG_DISTRIBUTION,-1.348
LOGISTICS,2016-09-30,CDSL,33502.0,-588.0,1.8082,-0.132,-1.459,6.8,DISTRIBUTION,-0.796
MEDIA,2016-09-30,CDSL,36339.0,129.0,1.9613,2.026,0.576,16.02,ACCUMULATION,1.301
METAL,2016-09-30,CDSL,38224.0,291.0,2.063,1.809,0.242,25.14,NEUTRAL,1.026
PHARMA,2016-09-30,CDSL,152296.0,-274.0,8.2197,-0.689,0.584,2.23,ACCUMULATION,-0.052
REALTY,2016-09-30,CDSL,16018.0,-179.0,0.8645,0.883,-0.957,-1.07,DISTRIBUTION,-0.037
SERVICES,2016-09-30,CDSL,17012.0,-39.0,0.9182,-1.193,0.067,-8.38,NEUTRAL,-0.563
TELECOM,2016-09-30,CDSL,30938.0,-582.0,1.6698,-1.864,-0.733,-18.15,DISTRIBUTION,-1.298
TEXTILES,2016-09-30,CDSL,33865.0,10.0,1.8278,1.797,-1.079,5.14,DISTRIBUTION,0.359
AUTO,2016-10-15,CDSL,151794.0,2324.0,8.206,2.047,1.189,14.02,STRONG_ACCUMULATION,1.618
CAPITAL_GOODS,2016-10-15,CDSL,151942.0,11.0,8.214,1.506,-0.424,7.57,NEUTRAL,0.541
CEMENT,2016-10-15,CDSL,55701.0,-107.0,3.0112,1.745,-0.451,13.46,NEUTRAL,0.647
CHEMICALS,2016-10-15,CDSL,32115.0,-122.0,1.7361,1.928,-0.608,19.57,DISTRIBUTION,0.66
COMMODITIES,2016-10-15,CDSL,1270.0,-3.0,0.0687,1.803,-0.465,27.9,NEUTRAL,0.669
ENERGY,2016-10-15,CDSL,149245.0,2890.0,8.0682,2.574,1.74,24.69,STRONG_ACCUMULATION,2.157
FINANCIAL_SERVICES,2016-10-15,CDSL,470017.0,2977.0,25.4091,1.351,1.695,2.47,STRONG_ACCUMULATION,1.523
FMCG,2016-10-15,CDSL,169919.0,-898.0,9.1858,0.776,-0.897,-2.57,DISTRIBUTION,-0.06
HEALTHCARE,2016-10-15,CDSL,9343.0,-61.0,0.5051,-0.105,-2.134,-2.23,DISTRIBUTION,-1.119
INFRASTRUCTURE,2016-10-15,CDSL,76235.0,442.0,4.1213,1.593,0.378,7.16,NEUTRAL,0.986
IT,2016-10-15,CDSL,235428.0,-878.0,12.7272,-1.717,-0.759,-3.77,DISTRIBUTION,-1.238
LOGISTICS,2016-10-15,CDSL,32963.0,-657.0,1.782,-0.201,-1.549,1.05,DISTRIBUTION,-0.875
MEDIA,2016-10-15,CDSL,35875.0,32.0,1.9394,1.687,0.053,11.5,NEUTRAL,0.87
METAL,2016-10-15,CDSL,40589.0,329.0,2.1942,1.91,0.239,16.46,NEUTRAL,1.075
PHARMA,2016-10-15,CDSL,149082.0,-456.0,8.0594,-0.87,0.414,-3.22,NEUTRAL,-0.228
REALTY,2016-10-15,CDSL,16516.0,-41.0,0.8929,1.084,-0.34,-0.85,NEUTRAL,0.372
SERVICES,2016-10-15,CDSL,17227.0,-202.0,0.9313,-0.953,-0.69,-7.71,DISTRIBUTION,-0.821
TELECOM,2016-10-15,CDSL,30447.0,80.0,1.646,-1.825,1.411,-21.72,ACCUMULATION,-0.207
TEXTILES,2016-10-15,CDSL,24088.0,-100.0,1.3022,-2.639,-1.798,-26.46,STRONG_DISTRIBUTION,-2.218
AUTO,2016-10-31,CDSL,150997.0,218.0,8.1194,1.777,-0.538,10.33,DISTRIBUTION,0.619
CAPITAL_GOODS,2016-10-31,CDSL,150747.0,-854.0,8.106,1.315,-1.006,2.14,DISTRIBUTION,0.154
CEMENT,2016-10-31,CDSL,54280.0,-160.0,2.9188,1.427,-0.595,5.1,DISTRIBUTION,0.416
CHEMICALS,2016-10-31,CDSL,32468.0,-42.0,1.7459,1.798,-0.195,13.79,NEUTRAL,0.801
COMMODITIES,2016-10-31,CDSL,1268.0,-6.0,0.0682,1.626,-0.632,18.17,DISTRIBUTION,0.497
ENERGY,2016-10-31,CDSL,148620.0,-33.0,7.9916,2.183,-0.376,11.7,NEUTRAL,0.903
FINANCIAL_SERVICES,2016-10-31,CDSL,480600.0,-485.0,25.8429,1.465,-0.572,1.86,DISTRIBUTION,0.447
FMCG,2016-10-31,CDSL,170272.0,-1222.0,9.1559,0.766,-1.389,-3.53,DISTRIBUTION,-0.311
HEALTHCARE,2016-10-31,CDSL,9534.0,49.0,0.5127,0.406,0.205,0.81,NEUTRAL,0.305
INFRASTRUCTURE,2016-10-31,CDSL,76184.0,25.0,4.0966,1.462,-0.661,3.48,DISTRIBUTION,0.4
IT,2016-10-31,CDSL,231017.0,-1163.0,12.4223,-1.965,-0.982,-8.29,DISTRIBUTION,-1.474
LOGISTICS,2016-10-31,CDSL,35768.0,-369.0,1.9233,0.717,-0.568,6.89,DISTRIBUTION,0.075
MEDIA,2016-10-31,CDSL,35179.0,-454.0,1.8916,1.354,-2.08,3.19,DISTRIBUTION,-0.363
METAL,2016-10-31,CDSL,40932.0,302.0,2.201,1.756,0.136,16.19,NEUTRAL,0.946
PHARMA,2016-10-31,CDSL,152407.0,-1237.0,8.1952,-0.557,-0.274,-2.75,NEUTRAL,-0.416
REALTY,2016-10-31,CDSL,16740.0,12.0,0.9001,1.143,-0.043,-1.83,NEUTRAL,0.55
SERVICES,2016-10-31,CDSL,17124.0,-389.0,0.9208,-0.955,-1.445,-9.7,DISTRIBUTION,-1.2
TELECOM,2016-10-31,CDSL,30895.0,-129.0,1.6613,-1.578,0.64,-16.38,ACCUMULATION,-0.469
TEXTILES,2016-10-31,CDSL,24668.0,-263.0,1.3265,-2.116,-2.551,-26.23,STRONG_DISTRIBUTION,-2.333
AUTO,2016-11-15,CDSL,132376.0,-716.0,7.8101,0.428,-1.202,-5.54,DISTRIBUTION,-0.387
CAPITAL_GOODS,2016-11-15,CDSL,134041.0,-800.0,7.9084,0.296,-0.919,-8.65,DISTRIBUTION,-0.311
CEMENT,2016-11-15,CDSL,46176.0,-155.0,2.7244,0.388,-0.667,-11.26,DISTRIBUTION,-0.14
CHEMICALS,2016-11-15,CDSL,27991.0,-252.0,1.6515,0.661,-1.172,-2.23,DISTRIBUTION,-0.255
COMMODITIES,2016-11-15,CDSL,1038.0,5.0,0.0612,0.283,-0.133,3.49,NEUTRAL,0.075
ENERGY,2016-11-15,CDSL,141230.0,-392.0,8.3325,1.393,-0.657,3.63,DISTRIBUTION,0.368
FINANCIAL_SERVICES,2016-11-15,CDSL,436586.0,-2182.0,25.7584,0.418,-1.532,-7.9,DISTRIBUTION,-0.557
FMCG,2016-11-15,CDSL,158456.0,-296.0,9.3488,-0.45,-0.093,-10.27,NEUTRAL,-0.272
HEALTHCARE,2016-11-15,CDSL,8474.0,46.0,0.5,-2.091,0.189,-15.28,NEUTRAL,-0.951
INFRASTRUCTURE,2016-11-15,CDSL,74637.0,-312.0,4.4035,1.161,-1.401,-0.08,DISTRIBUTION,-0.12
IT,2016-11-15,CDSL,212538.0,-1549.0,12.5396,-2.913,-1.258,-17.34,STRONG_DISTRIBUTION,-2.085
LOGISTICS,2016-11-15,CDSL,31674.0,-444.0,1.8688,-0.533,-0.758,-7.8,DISTRIBUTION,-0.645
MEDIA,2016-11-15,CDSL,31103.0,-413.0,1.8351,0.151,-1.719,-8.7,DISTRIBUTION,-0.784
METAL,2016-11-15,CDSL,41535.0,201.0,2.4505,1.653,-0.111,12.97,NEUTRAL,0.771
PHARMA,2016-11-15,CDSL,139277.0,-3126.0,8.2173,-1.773,-1.758,-8.47,STRONG_DISTRIBUTION,-1.765
REALTY,2016-11-15,CDSL,13078.0,-80.0,0.7716,-0.767,-0.504,-23.83,DISTRIBUTION,-0.635
SERVICES,2016-11-15,CDSL,15140.0,-297.0,0.8933,-2.2,-0.975,-20.81,DISTRIBUTION,-1.588
TELECOM,2016-11-15,CDSL,29112.0,-245.0,1.7176,-1.911,0.157,-16.36,NEUTRAL,-0.877
TEXTILES,2016-11-15,CDSL,20466.0,-438.0,1.2075,-2.928,-2.873,-36.97,STRONG_DISTRIBUTION,-2.901
AUTO,2016-11-30,CDSL,136616.0,-1968.0,7.9001,0.671,-1.944,-5.78,DISTRIBUTION,-0.636
CAPITAL_GOODS,2016-11-30,CDSL,134602.0,-2090.0,7.7836,0.315,-1.59,-11.47,DISTRIBUTION,-0.638
CEMENT,2016-11-30,CDSL,47213.0,-1097.0,2.7302,0.473,-2.16,-15.44,DISTRIBUTION,-0.844
CHEMICALS,2016-11-30,CDSL,28965.0,-405.0,1.675,0.835,-1.713,-2.18,DISTRIBUTION,-0.439
COMMODITIES,2016-11-30,CDSL,1114.0,31.0,0.0644,0.729,1.018,4.11,ACCUMULATION,0.873
ENERGY,2016-11-30,CDSL,143950.0,545.0,8.3242,1.481,0.036,3.06,NEUTRAL,0.759
FINANCIAL_SERVICES,2016-11-30,CDSL,439617.0,-1365.0,25.4216,0.457,-0.952,-10.12,DISTRIBUTION,-0.247
FMCG,2016-11-30,CDSL,159589.0,-1392.0,9.2285,-0.322,-1.53,-10.15,DISTRIBUTION,-0.926
HEALTHCARE,2016-11-30,CDSL,8630.0,-22.0,0.499,-1.662,-1.23,-9.58,STRONG_DISTRIBUTION,-1.446
INFRASTRUCTURE,2016-11-30,CDSL,77710.0,-705.0,4.4937,1.447,-2.046,1.04,DISTRIBUTION,-0.299
IT,2016-11-30,CDSL,222192.0,-3213.0,12.8487,-1.907,-2.389,-8.71,STRONG_DISTRIBUTION,-2.148
LOGISTICS,2016-11-30,CDSL,30912.0,-858.0,1.7875,-0.789,-1.895,-10.74,DISTRIBUTION,-1.342
MEDIA,2016-11-30,CDSL,30676.0,-393.0,1.7739,0.009,-1.483,-14.66,DISTRIBUTION,-0.737
METAL,2016-11-30,CDSL,44211.0,-63.0,2.5566,1.776,-0.666,15.19,DISTRIBUTION,0.555
PHARMA,2016-11-30,CDSL,142554.0,-3570.0,8.2434,-1.655,-1.965,-6.0,STRONG_DISTRIBUTION,-1.81
REALTY,2016-11-30,CDSL,13710.0,-3.0,0.7928,-0.407,-0.074,-18.08,NEUTRAL,-0.24
SERVICES,2016-11-30,CDSL,15675.0,-110.0,0.9064,-1.653,-0.171,-19.5,NEUTRAL,-0.912
TELECOM,2016-11-30,CDSL,30864.0,-168.0,1.7848,-1.37,0.434,-9.59,NEUTRAL,-0.468
TEXTILES,2016-11-30,CDSL,20502.0,-399.0,1.1856,-2.435,-2.269,-38.66,STRONG_DISTRIBUTION,-2.352
AUTO,2016-12-15,CDSL,136972.0,-739.0,8.0336,0.642,-0.972,-7.12,DISTRIBUTION,-0.165
CAPITAL_GOODS,2016-12-15,CDSL,133045.0,-2786.0,7.8033,0.201,-1.812,-12.77,DISTRIBUTION,-0.805
CEMENT,2016-12-15,CDSL,44118.0,-871.0,2.5876,0.045,-1.691,-18.97,DISTRIBUTION,-0.823
CHEMICALS,2016-12-15,CDSL,29275.0,-229.0,1.717,0.842,-0.852,-7.36,DISTRIBUTION,-0.005
COMMODITIES,2016-12-15,CDSL,1034.0,31.0,0.0606,0.277,0.999,-7.76,ACCUMULATION,0.638
ENERGY,2016-12-15,CDSL,142176.0,933.0,8.3389,1.228,0.297,7.03,NEUTRAL,0.762
FINANCIAL_SERVICES,2016-12-15,CDSL,430843.0,159.0,25.2697,0.217,-0.012,-9.25,NEUTRAL,0.102
FMCG,2016-12-15,CDSL,156306.0,-2122.0,9.1676,-0.639,-2.19,-11.92,DISTRIBUTION,-1.414
HEALTHCARE,2016-12-15,CDSL,8713.0,-30.0,0.511,-1.573,-1.368,-4.5,STRONG_DISTRIBUTION,-1.47
INFRASTRUCTURE,2016-12-15,CDSL,76815.0,-494.0,4.5053,1.239,-1.498,3.21,DISTRIBUTION,-0.129
IT,2016-12-15,CDSL,223984.0,-2612.0,13.1371,-1.604,-1.701,-4.69,STRONG_DISTRIBUTION,-1.653
LOGISTICS,2016-12-15,CDSL,30530.0,-863.0,1.7906,-0.896,-1.779,-11.22,DISTRIBUTION,-1.337
MEDIA,2016-12-15,CDSL,29883.0,-341.0,1.7527,-0.261,-1.236,-16.59,DISTRIBUTION,-0.748
METAL,2016-12-15,CDSL,44274.0,-106.0,2.5967,1.616,-0.801,18.92,DISTRIBUTION,0.408
PHARMA,2016-12-15,CDSL,137221.0,-1595.0,8.0483,-2.155,-0.259,-11.53,NEUTRAL,-1.207
REALTY,2016-12-15,CDSL,13852.0,28.0,0.8124,-0.33,0.075,-15.89,NEUTRAL,-0.128
SERVICES,2016-12-15,CDSL,15367.0,-8.0,0.9013,-1.682,0.217,-12.07,NEUTRAL,-0.732
TELECOM,2016-12-15,CDSL,30408.0,-113.0,1.7835,-1.381,0.627,-4.46,ACCUMULATION,-0.377
TEXTILES,2016-12-15,CDSL,20163.0,-95.0,1.1826,-2.181,-0.816,-39.51,DISTRIBUTION,-1.498
AUTO,2016-12-31,CDSL,136614.0,595.0,8.0042,0.576,0.05,-8.62,NEUTRAL,0.313
CAPITAL_GOODS,2016-12-31,CDSL,132770.0,-1608.0,7.779,0.175,-1.09,-12.47,DISTRIBUTION,-0.458
CEMENT,2016-12-31,CDSL,43789.0,-194.0,2.5656,-0.037,-0.656,-18.96,DISTRIBUTION,-0.347
CHEMICALS,2016-12-31,CDSL,29077.0,-226.0,1.7036,0.734,-0.842,-6.45,DISTRIBUTION,-0.054
COMMODITIES,2016-12-31,CDSL,1024.0,-6.0,0.06,0.251,-0.642,-14.02,DISTRIBUTION,-0.196
ENERGY,2016-12-31,CDSL,150447.0,1928.0,8.8147,1.706,0.958,4.14,ACCUMULATION,1.332
FINANCIAL_SERVICES,2016-12-31,CDSL,430459.0,-1433.0,25.2206,0.179,-0.96,-8.6,DISTRIBUTION,-0.39
FMCG,2016-12-31,CDSL,158221.0,-2051.0,9.2702,-0.425,-1.887,-7.37,DISTRIBUTION,-1.156
HEALTHCARE,2016-12-31,CDSL,8449.0,-103.0,0.495,-2.055,-2.465,-9.18,STRONG_DISTRIBUTION,-2.26
INFRASTRUCTURE,2016-12-31,CDSL,76490.0,-165.0,4.4815,1.106,-0.823,3.76,DISTRIBUTION,0.142
IT,2016-12-31,CDSL,229245.0,-616.0,13.4315,-1.146,-0.1,-3.64,NEUTRAL,-0.623
LOGISTICS,2016-12-31,CDSL,28957.0,-925.0,1.6966,-1.541,-1.841,-13.57,STRONG_DISTRIBUTION,-1.691
MEDIA,2016-12-31,CDSL,30590.0,37.0,1.7923,-0.071,0.31,-15.82,NEUTRAL,0.119
METAL,2016-12-31,CDSL,40960.0,-129.0,2.3998,1.145,-0.949,7.16,DISTRIBUTION,0.098
PHARMA,2016-12-31,CDSL,131395.0,-1524.0,7.6984,-2.479,-0.225,-13.72,NEUTRAL,-1.352
REALTY,2016-12-31,CDSL,13640.0,-8.0,0.7992,-0.426,-0.164,-14.85,NEUTRAL,-0.295
SERVICES,2016-12-31,CDSL,15188.0,-189.0,0.8899,-1.679,-0.74,-10.72,DISTRIBUTION,-1.21
TELECOM,2016-12-31,CDSL,28953.0,-221.0,1.6964,-1.661,0.204,-6.42,NEUTRAL,-0.729
TEXTILES,2016-12-31,CDSL,20509.0,69.0,1.2016,-1.857,-0.067,-39.44,NEUTRAL,-0.962
AUTO,2017-01-15,CDSL,141133.0,-307.0,8.0938,0.835,-0.601,-7.02,DISTRIBUTION,0.117
CAPITAL_GOODS,2017-01-15,CDSL,140279.0,-1068.0,8.0448,0.582,-0.773,-7.68,DISTRIBUTION,-0.096
CEMENT,2017-01-15,CDSL,45160.0,-496.0,2.5899,0.094,-1.173,-18.92,DISTRIBUTION,-0.539
CHEMICALS,2017-01-15,CDSL,30571.0,-398.0,1.7532,1.014,-1.639,-4.81,DISTRIBUTION,-0.312
COMMODITIES,2017-01-15,CDSL,1079.0,-3.0,0.0619,0.595,-0.513,-15.04,DISTRIBUTION,0.041
ENERGY,2017-01-15,CDSL,156293.0,1749.0,8.9632,1.913,0.762,4.72,ACCUMULATION,1.337
FINANCIAL_SERVICES,2017-01-15,CDSL,441317.0,-1741.0,25.3089,0.39,-1.154,-6.11,DISTRIBUTION,-0.382
FMCG,2017-01-15,CDSL,161222.0,-2094.0,9.2458,-0.121,-1.805,-5.12,DISTRIBUTION,-0.963
HEALTHCARE,2017-01-15,CDSL,8591.0,-62.0,0.4927,-1.568,-1.57,-8.05,STRONG_DISTRIBUTION,-1.569
INFRASTRUCTURE,2017-01-15,CDSL,80543.0,-340.0,4.619,1.531,-1.162,5.65,DISTRIBUTION,0.184
IT,2017-01-15,CDSL,222716.0,-862.0,12.7724,-1.455,-0.32,-5.4,NEUTRAL,-0.888
LOGISTICS,2017-01-15,CDSL,30899.0,-815.0,1.772,-0.558,-1.452,-6.26,DISTRIBUTION,-1.005
MEDIA,2017-01-15,CDSL,32094.0,-176.0,1.8405,0.343,-0.596,-10.54,DISTRIBUTION,-0.126
METAL,2017-01-15,CDSL,36975.0,74.0,2.1205,0.634,-0.549,-8.9,DISTRIBUTION,0.042
PHARMA,2017-01-15,CDSL,133582.0,-1966.0,7.6607,-1.972,-0.719,-10.4,DISTRIBUTION,-1.345
REALTY,2017-01-15,CDSL,14319.0,-131.0,0.8212,-0.084,-0.881,-13.3,DISTRIBUTION,-0.482
SERVICES,2017-01-15,CDSL,15849.0,-141.0,0.9089,-1.151,-0.479,-8.0,NEUTRAL,-0.815
TELECOM,2017-01-15,CDSL,29435.0,-305.0,1.6881,-1.405,-0.176,-3.32,NEUTRAL,-0.79
TEXTILES,2017-01-15,CDSL,21669.0,140.0,1.2427,-1.452,0.256,-10.04,NEUTRAL,-0.598
AUTO,2017-01-31,CDSL,144881.0,-409.0,8.0997,1.021,-0.635,-4.05,DISTRIBUTION,0.193
CAPITAL_GOODS,2017-01-31,CDSL,142610.0,-80.0,7.9727,0.675,-0.233,-5.4,NEUTRAL,0.221
CEMENT,2017-01-31,CDSL,49006.0,-118.0,2.7397,0.555,-0.555,-9.72,DISTRIBUTION,0.0
CHEMICALS,2017-01-31,CDSL,31747.0,-224.0,1.7748,1.201,-0.886,-2.22,DISTRIBUTION,0.158
COMMODITIES,2017-01-31,CDSL,1133.0,20.0,0.0633,0.949,0.473,-10.65,NEUTRAL,0.711
ENERGY,2017-01-31,CDSL,155604.0,540.0,8.6991,1.675,-0.206,4.7,NEUTRAL,0.735
FINANCIAL_SERVICES,2017-01-31,CDSL,470180.0,1429.0,26.2857,0.999,0.718,-2.17,ACCUMULATION,0.859
FMCG,2017-01-31,CDSL,165174.0,-302.0,9.2342,0.268,0.168,-2.99,NEUTRAL,0.218
HEALTHCARE,2017-01-31,CDSL,8718.0,-54.0,0.4874,-1.192,-1.313,-8.56,STRONG_DISTRIBUTION,-1.252
INFRASTRUCTURE,2017-01-31,CDSL,83359.0,351.0,4.6602,1.716,0.237,9.42,NEUTRAL,0.976
IT,2017-01-31,CDSL,214614.0,-1640.0,11.9981,-1.77,-0.892,-7.1,DISTRIBUTION,-1.331
LOGISTICS,2017-01-31,CDSL,31042.0,-254.0,1.7354,-0.432,0.08,-13.21,NEUTRAL,-0.176
MEDIA,2017-01-31,CDSL,32433.0,-288.0,1.8132,0.422,-1.015,-7.81,DISTRIBUTION,-0.296
METAL,2017-01-31,CDSL,39701.0,546.0,2.2195,0.879,0.541,-3.01,ACCUMULATION,0.71
PHARMA,2017-01-31,CDSL,130518.0,-941.0,7.2967,-2.152,0.261,-14.36,NEUTRAL,-0.946
REALTY,2017-01-31,CDSL,14482.0,-87.0,0.8096,-0.001,-0.63,-13.49,DISTRIBUTION,-0.316
SERVICES,2017-01-31,CDSL,16496.0,443.0,0.9222,-0.652,2.155,-3.67,ACCUMULATION,0.751
TELECOM,2017-01-31,CDSL,34816.0,149.0,1.9464,0.158,1.505,12.69,ACCUMULATION,0.831
TEXTILES,2017-01-31,CDSL,22214.0,42.0,1.2419,-1.228,-0.195,-9.95,NEUTRAL,-0.712
AUTO,2017-02-15,CDSL,145165.0,-847.0,7.9608,0.965,-1.017,9.66,DISTRIBUTION,-0.026
CAPITAL_GOODS,2017-02-15,CDSL,140821.0,726.0,7.7225,0.511,0.187,5.06,NEUTRAL,0.349
CEMENT,2017-02-15,CDSL,49386.0,152.0,2.7083,0.549,-0.129,6.95,NEUTRAL,0.21
CHEMICALS,2017-02-15,CDSL,31779.0,-241.0,1.7427,1.131,-0.967,13.53,DISTRIBUTION,0.082
COMMODITIES,2017-02-15,CDSL,1257.0,34.0,0.0689,1.57,1.018,21.1,STRONG_ACCUMULATION,1.294
ENERGY,2017-02-15,CDSL,155838.0,-2.0,8.5461,1.534,-0.618,10.34,DISTRIBUTION,0.458
FINANCIAL_SERVICES,2017-02-15,CDSL,484008.0,2700.0,26.5427,1.225,1.384,10.86,STRONG_ACCUMULATION,1.304
FMCG,2017-02-15,CDSL,170222.0,221.0,9.3349,0.726,0.72,7.43,ACCUMULATION,0.723
HEALTHCARE,2017-02-15,CDSL,9014.0,177.0,0.4943,-0.508,2.302,6.37,ACCUMULATION,0.897
INFRASTRUCTURE,2017-02-15,CDSL,84122.0,552.0,4.6132,1.656,0.645,12.71,ACCUMULATION,1.151
IT,2017-02-15,CDSL,225533.0,-2279.0,12.3681,-1.026,-1.297,6.11,STRONG_DISTRIBUTION,-1.161
LOGISTICS,2017-02-15,CDSL,31897.0,38.0,1.7492,-0.003,0.851,0.7,ACCUMULATION,0.424
MEDIA,2017-02-15,CDSL,35384.0,37.0,1.9404,1.216,0.32,13.76,NEUTRAL,0.768
METAL,2017-02-15,CDSL,39059.0,549.0,2.142,0.743,0.494,-5.96,NEUTRAL,0.619
PHARMA,2017-02-15,CDSL,128810.0,-1098.0,7.0639,-2.055,0.217,-7.52,NEUTRAL,-0.919
REALTY,2017-02-15,CDSL,15009.0,159.0,0.8231,0.236,0.705,14.77,ACCUMULATION,0.47
SERVICES,2017-02-15,CDSL,17105.0,395.0,0.938,-0.153,1.746,12.98,ACCUMULATION,0.796
TELECOM,2017-02-15,CDSL,36181.0,471.0,1.9841,0.584,2.342,24.28,ACCUMULATION,1.463
TEXTILES,2017-02-15,CDSL,22914.0,11.0,1.2566,-1.007,-0.35,11.96,NEUTRAL,-0.678
AUTO,2017-02-28,CDSL,146279.0,-1073.0,7.8199,0.968,-1.196,7.07,DISTRIBUTION,-0.114
CAPITAL_GOODS,2017-02-28,CDSL,142614.0,-23.0,7.6239,0.564,-0.299,5.95,NEUTRAL,0.132
CEMENT,2017-02-28,CDSL,50487.0,297.0,2.699,0.651,0.09,6.93,NEUTRAL,0.37
CHEMICALS,2017-02-28,CDSL,31947.0,-347.0,1.7078,1.098,-1.435,10.3,DISTRIBUTION,-0.168
COMMODITIES,2017-02-28,CDSL,1350.0,37.0,0.0722,1.917,1.065,21.18,STRONG_ACCUMULATION,1.491
ENERGY,2017-02-28,CDSL,170139.0,1228.0,9.0954,2.143,0.302,18.19,NEUTRAL,1.222
FINANCIAL_SERVICES,2017-02-28,CDSL,500622.0,10694.0,26.7625,1.479,3.751,13.88,STRONG_ACCUMULATION,2.615
FMCG,2017-02-28,CDSL,168473.0,-1105.0,9.0063,0.488,-0.726,5.57,DISTRIBUTION,-0.119
HEALTHCARE,2017-02-28,CDSL,9548.0,386.0,0.5104,0.743,3.635,10.64,ACCUMULATION,2.189
INFRASTRUCTURE,2017-02-28,CDSL,83464.0,-459.0,4.4619,1.445,-1.34,7.4,DISTRIBUTION,0.052
IT,2017-02-28,CDSL,231040.0,-1233.0,12.3511,-0.641,-0.484,3.98,NEUTRAL,-0.562
LOGISTICS,2017-02-28,CDSL,31871.0,1.0,1.7038,-0.029,0.726,3.1,ACCUMULATION,0.348
MEDIA,2017-02-28,CDSL,34978.0,12.0,1.8699,1.012,0.172,14.02,NEUTRAL,0.592
METAL,2017-02-28,CDSL,40989.0,242.0,2.1912,0.914,-0.386,-7.29,NEUTRAL,0.264
PHARMA,2017-02-28,CDSL,132057.0,-2631.0,7.0596,-1.606,-1.296,-7.36,STRONG_DISTRIBUTION,-1.451
REALTY,2017-02-28,CDSL,15812.0,131.0,0.8453,0.613,0.497,15.33,NEUTRAL,0.555
SERVICES,2017-02-28,CDSL,17644.0,113.0,0.9432,0.284,0.449,12.56,NEUTRAL,0.366
TELECOM,2017-02-28,CDSL,37565.0,583.0,2.0082,0.947,2.325,21.71,ACCUMULATION,1.636
TEXTILES,2017-02-28,CDSL,23731.0,45.0,1.2686,-0.784,-0.196,15.75,NEUTRAL,-0.49
AUTO,2017-03-15,CDSL,152478.0,172.0,7.9704,1.321,-0.072,11.32,NEUTRAL,0.624
CAPITAL_GOODS,2017-03-15,CDSL,145474.0,-181.0,7.6043,0.696,-0.439,9.34,NEUTRAL,0.128
CEMENT,2017-03-15,CDSL,52543.0,738.0,2.7466,0.911,0.803,19.1,ACCUMULATION,0.857
CHEMICALS,2017-03-15,CDSL,31806.0,-258.0,1.6626,1.01,-0.968,8.65,DISTRIBUTION,0.021
COMMODITIES,2017-03-15,CDSL,1351.0,34.0,0.0706,1.778,0.873,30.66,ACCUMULATION,1.325
ENERGY,2017-03-15,CDSL,174281.0,3775.0,9.1101,2.12,2.068,22.58,STRONG_ACCUMULATION,2.094
FINANCIAL_SERVICES,2017-03-15,CDSL,521472.0,13887.0,27.2586,1.823,3.422,21.04,STRONG_ACCUMULATION,2.623
FMCG,2017-03-15,CDSL,170042.0,-1551.0,8.8885,0.601,-1.167,8.79,DISTRIBUTION,-0.283
HEALTHCARE,2017-03-15,CDSL,10024.0,1287.0,0.524,1.763,4.575,15.05,STRONG_ACCUMULATION,3.169
INFRASTRUCTURE,2017-03-15,CDSL,79602.0,-1051.0,4.161,0.909,-2.202,3.63,DISTRIBUTION,-0.646
IT,2017-03-15,CDSL,232923.0,1157.0,12.1755,-0.503,1.321,3.99,ACCUMULATION,0.409
LOGISTICS,2017-03-15,CDSL,32979.0,74.0,1.7239,0.479,0.875,8.02,ACCUMULATION,0.677
MEDIA,2017-03-15,CDSL,36340.0,104.0,1.8996,1.329,0.562,21.61,ACCUMULATION,0.946
METAL,2017-03-15,CDSL,42621.0,1699.0,2.2279,1.062,3.016,-3.73,STRONG_ACCUMULATION,2.039
PHARMA,2017-03-15,CDSL,131787.0,-2801.0,6.8888,-1.492,-1.35,-3.96,STRONG_DISTRIBUTION,-1.421
REALTY,2017-03-15,CDSL,16302.0,160.0,0.8521,0.829,0.647,17.69,ACCUMULATION,0.738
SERVICES,2017-03-15,CDSL,18206.0,275.0,0.9517,0.668,1.121,18.47,ACCUMULATION,0.895
TELECOM,2017-03-15,CDSL,38040.0,1502.0,1.9884,1.035,3.574,25.1,STRONG_ACCUMULATION,2.304
TEXTILES,2017-03-15,CDSL,24781.0,108.0,1.2954,-0.534,0.133,22.9,NEUTRAL,-0.201
AUTO,2017-03-31,CDSL,151083.0,941.0,7.7198,1.188,0.587,10.59,ACCUMULATION,0.887
CAPITAL_GOODS,2017-03-31,CDSL,147933.0,1173.0,7.5589,0.847,0.361,11.42,NEUTRAL,0.604
CEMENT,2017-03-31,CDSL,53884.0,903.0,2.7533,1.103,1.013,23.05,STRONG_ACCUMULATION,1.058
CHEMICALS,2017-03-31,CDSL,32594.0,-344.0,1.6654,1.214,-1.248,12.1,DISTRIBUTION,-0.017
COMMODITIES,2017-03-31,CDSL,1418.0,39.0,0.0725,2.014,1.011,38.48,STRONG_ACCUMULATION,1.512
ENERGY,2017-03-31,CDSL,176712.0,2554.0,9.0294,2.027,1.062,17.46,STRONG_ACCUMULATION,1.545
FINANCIAL_SERVICES,2017-03-31,CDSL,546654.0,7705.0,27.9321,2.23,1.576,26.99,STRONG_ACCUMULATION,1.903
FMCG,2017-03-31,CDSL,176223.0,418.0,9.0044,1.275,0.878,11.38,ACCUMULATION,1.077
HEALTHCARE,2017-03-31,CDSL,9869.0,1249.0,0.5043,1.461,3.218,16.81,STRONG_ACCUMULATION,2.34
INFRASTRUCTURE,2017-03-31,CDSL,84505.0,-551.0,4.3179,1.508,-1.217,10.48,DISTRIBUTION,0.145
IT,2017-03-31,CDSL,235351.0,3557.0,12.0256,-0.353,2.623,2.66,ACCUMULATION,1.135
LOGISTICS,2017-03-31,CDSL,35212.0,351.0,1.7992,1.627,1.481,21.6,STRONG_ACCUMULATION,1.554
MEDIA,2017-03-31,CDSL,37157.0,71.0,1.8986,1.513,0.397,21.47,NEUTRAL,0.955
METAL,2017-03-31,CDSL,42940.0,852.0,2.1941,1.061,0.884,4.83,ACCUMULATION,0.972
PHARMA,2017-03-31,CDSL,129496.0,-1388.0,6.6168,-1.567,0.108,-1.45,NEUTRAL,-0.729
REALTY,2017-03-31,CDSL,17432.0,280.0,0.8907,1.482,1.427,27.8,STRONG_ACCUMULATION,1.454
SERVICES,2017-03-31,CDSL,18733.0,33.0,0.9572,1.003,0.033,23.34,NEUTRAL,0.518
TELECOM,2017-03-31,CDSL,34649.0,1035.0,1.7704,0.034,2.208,19.67,ACCUMULATION,1.121
TEXTILES,2017-03-31,CDSL,25237.0,315.0,1.2895,-0.429,1.084,23.05,ACCUMULATION,0.328
AUTO,2017-04-15,CDSL,152151.0,-43.0,7.7596,1.221,-0.391,7.81,NEUTRAL,0.415
CAPITAL_GOODS,2017-04-15,CDSL,152114.0,1715.0,7.7577,1.154,0.671,8.44,ACCUMULATION,0.912
CEMENT,2017-04-15,CDSL,54991.0,418.0,2.8045,1.255,0.194,21.77,NEUTRAL,0.724
CHEMICALS,2017-04-15,CDSL,32600.0,-581.0,1.6626,1.19,-2.044,6.64,DISTRIBUTION,-0.427
COMMODITIES,2017-04-15,CDSL,1455.0,29.0,0.0742,2.047,0.549,34.85,ACCUMULATION,1.298
ENERGY,2017-04-15,CDSL,185162.0,740.0,9.4431,2.178,-0.305,18.47,NEUTRAL,0.936
FINANCIAL_SERVICES,2017-04-15,CDSL,552553.0,7131.0,28.1797,2.142,1.319,25.21,STRONG_ACCUMULATION,1.73
FMCG,2017-04-15,CDSL,175894.0,660.0,8.9704,1.174,1.06,9.1,STRONG_ACCUMULATION,1.117
HEALTHCARE,2017-04-15,CDSL,9960.0,111.0,0.508,1.536,-0.055,15.94,NEUTRAL,0.741
INFRASTRUCTURE,2017-04-15,CDSL,83550.0,-783.0,4.261,1.315,-1.553,3.73,DISTRIBUTION,-0.119
IT,2017-04-15,CDSL,221188.0,2346.0,11.2804,-1.113,1.672,-0.69,ACCUMULATION,0.279
LOGISTICS,2017-04-15,CDSL,34211.0,131.0,1.7447,0.977,0.975,10.72,ACCUMULATION,0.976
MEDIA,2017-04-15,CDSL,36336.0,-309.0,1.8531,1.188,-1.164,13.22,DISTRIBUTION,0.012
METAL,2017-04-15,CDSL,40228.0,-901.0,2.0516,0.614,-2.781,8.8,DISTRIBUTION,-1.084
PHARMA,2017-04-15,CDSL,131239.0,-132.0,6.6931,-1.289,1.381,-1.75,ACCUMULATION,0.046
REALTY,2017-04-15,CDSL,18692.0,270.0,0.9533,2.11,1.253,30.54,STRONG_ACCUMULATION,1.681
SERVICES,2017-04-15,CDSL,19289.0,-98.0,0.9837,1.327,-0.519,21.7,DISTRIBUTION,0.404
TELECOM,2017-04-15,CDSL,33826.0,-378.0,1.7251,-0.187,-0.791,14.92,DISTRIBUTION,-0.489
TEXTILES,2017-04-15,CDSL,25379.0,169.0,1.2943,-0.374,0.438,17.12,NEUTRAL,0.032
AUTO,2017-04-30,CDSL,158318.0,-1077.0,7.9102,1.641,-1.298,9.27,DISTRIBUTION,0.171
CAPITAL_GOODS,2017-04-30,CDSL,155633.0,1362.0,7.7761,1.413,0.466,9.13,NEUTRAL,0.94
CEMENT,2017-04-30,CDSL,59207.0,1028.0,2.9582,1.883,1.22,20.82,STRONG_ACCUMULATION,1.551
CHEMICALS,2017-04-30,CDSL,34594.0,-774.0,1.7285,1.792,-2.416,8.97,DISTRIBUTION,-0.312
COMMODITIES,2017-04-30,CDSL,1417.0,13.0,0.0708,1.69,-0.083,25.07,NEUTRAL,0.803
ENERGY,2017-04-30,CDSL,183035.0,1922.0,9.1452,1.85,0.628,17.63,ACCUMULATION,1.239
FINANCIAL_SERVICES,2017-04-30,CDSL,575105.0,4080.0,28.7346,2.329,0.555,22.32,ACCUMULATION,1.442
FMCG,2017-04-30,CDSL,179056.0,478.0,8.9464,1.472,0.871,8.4,ACCUMULATION,1.171
HEALTHCARE,2017-04-30,CDSL,10985.0,113.0,0.5489,2.913,-0.056,26.0,NEUTRAL,1.428
INFRASTRUCTURE,2017-04-30,CDSL,86171.0,-1081.0,4.3055,1.611,-1.898,3.37,DISTRIBUTION,-0.143
IT,2017-04-30,CDSL,218490.0,-357.0,10.9167,-1.184,0.067,1.81,NEUTRAL,-0.558
LOGISTICS,2017-04-30,CDSL,36178.0,-69.0,1.8076,1.896,0.557,16.55,ACCUMULATION,1.226
MEDIA,2017-04-30,CDSL,36605.0,-656.0,1.8289,1.216,-2.348,12.86,DISTRIBUTION,-0.566
METAL,2017-04-30,CDSL,39866.0,-880.0,1.9919,0.5,-2.344,0.42,DISTRIBUTION,-0.922
PHARMA,2017-04-30,CDSL,126794.0,301.0,6.3351,-1.565,1.711,-2.85,ACCUMULATION,0.073
REALTY,2017-04-30,CDSL,20550.0,218.0,1.0268,2.746,0.896,41.9,ACCUMULATION,1.821
SERVICES,2017-04-30,CDSL,19320.0,-251.0,0.9653,1.273,-1.138,17.12,DISTRIBUTION,0.068
TELECOM,2017-04-30,CDSL,34335.0,-527.0,1.7155,-0.007,-1.048,-1.38,DISTRIBUTION,-0.527
TEXTILES,2017-04-30,CDSL,25778.0,34.0,1.288,-0.272,-0.133,16.04,NEUTRAL,-0.203
AUTO,2017-05-15,NSDL,165506.0,-6.0,8.1372,2.04,-0.215,14.01,NEUTRAL,0.912
CAPITAL_GOODS,2017-05-15,NSDL,157513.0,537.0,7.7442,1.508,-0.021,11.85,NEUTRAL,0.744
CEMENT,2017-05-15,NSDL,62583.0,1295.0,3.0769,2.211,1.596,26.72,STRONG_ACCUMULATION,1.903
CHEMICALS,2017-05-15,NSDL,35347.0,-656.0,1.7379,1.934,-1.764,11.23,DISTRIBUTION,0.085
COMMODITIES,2017-05-15,NSDL,1523.0,2.0,0.0749,2.039,-0.489,21.16,NEUTRAL,0.775
ENERGY,2017-05-15,NSDL,175849.0,1195.0,8.6457,1.381,0.121,12.84,NEUTRAL,0.751
FINANCIAL_SERVICES,2017-05-15,NSDL,582451.0,862.0,28.6365,2.204,-0.26,20.34,NEUTRAL,0.972
FMCG,2017-05-15,NSDL,182492.0,543.0,8.9723,1.738,0.941,7.21,ACCUMULATION,1.339
HEALTHCARE,2017-05-15,NSDL,11621.0,588.0,0.5714,3.043,1.214,28.92,STRONG_ACCUMULATION,2.128
INFRASTRUCTURE,2017-05-15,NSDL,85330.0,-438.0,4.1953,1.391,-0.686,1.44,DISTRIBUTION,0.352
IT,2017-05-15,NSDL,226724.0,-353.0,11.147,-0.636,0.134,0.53,NEUTRAL,-0.251
LOGISTICS,2017-05-15,NSDL,37310.0,103.0,1.8344,2.162,1.04,16.97,STRONG_ACCUMULATION,1.601
MEDIA,2017-05-15,NSDL,36432.0,-653.0,1.7912,1.099,-2.063,2.96,DISTRIBUTION,-0.482
METAL,2017-05-15,NSDL,43281.0,-1395.0,2.1279,1.026,-2.699,10.81,DISTRIBUTION,-0.836
PHARMA,2017-05-15,NSDL,126058.0,-82.0,6.1977,-1.496,1.282,-2.14,ACCUMULATION,-0.107
REALTY,2017-05-15,NSDL,22672.0,724.0,1.1147,3.048,3.299,51.06,STRONG_ACCUMULATION,3.173
SERVICES,2017-05-15,NSDL,19766.0,-122.0,0.9718,1.521,-0.495,15.56,NEUTRAL,0.513
TELECOM,2017-05-15,NSDL,34746.0,-173.0,1.7083,0.154,-0.293,-3.97,NEUTRAL,-0.069
TEXTILES,2017-05-15,NSDL,26742.0,243.0,1.3148,-0.052,0.954,16.71,ACCUMULATION,0.451
AUTO,2017-05-31,NSDL,171556.0,1152.0,8.4188,2.281,0.886,17.28,ACCUMULATION,1.584
CAPITAL_GOODS,2017-05-31,NSDL,156135.0,-512.0,7.662,1.321,-0.637,9.48,DISTRIBUTION,0.342
CEMENT,2017-05-31,NSDL,58706.0,14.0,2.8809,1.427,-0.464,16.28,NEUTRAL,0.482
CHEMICALS,2017-05-31,NSDL,36107.0,-19.0,1.7719,2.043,0.53,13.02,ACCUMULATION,1.287
COMMODITIES,2017-05-31,NSDL,1490.0,-5.0,0.0731,1.688,-0.745,10.37,DISTRIBUTION,0.471
ENERGY,2017-05-31,NSDL,175635.0,976.0,8.6189,1.269,-0.046,3.23,NEUTRAL,0.611
FINANCIAL_SERVICES,2017-05-31,NSDL,593719.0,7258.0,29.1356,2.16,1.252,18.6,STRONG_ACCUMULATION,1.706
FMCG,2017-05-31,NSDL,191890.0,-199.0,9.4166,2.494,0.201,13.9,NEUTRAL,1.348
HEALTHCARE,2017-05-31,NSDL,11138.0,747.0,0.5466,2.068,1.507,16.65,STRONG_ACCUMULATION,1.788
INFRASTRUCTURE,2017-05-31,NSDL,83144.0,-718.0,4.0801,0.997,-1.109,-0.38,DISTRIBUTION,-0.056
IT,2017-05-31,NSDL,232873.0,874.0,11.4278,-0.194,0.977,0.79,ACCUMULATION,0.391
LOGISTICS,2017-05-31,NSDL,35333.0,-152.0,1.7339,1.161,0.355,10.86,NEUTRAL,0.758
MEDIA,2017-05-31,NSDL,34667.0,-275.0,1.7012,0.371,-0.588,-0.89,DISTRIBUTION,-0.108
METAL,2017-05-31,NSDL,44598.0,-1744.0,2.1886,1.207,-2.654,8.8,DISTRIBUTION,-0.723
PHARMA,2017-05-31,NSDL,109534.0,-2261.0,5.3752,-2.532,-0.732,-17.06,DISTRIBUTION,-1.632
REALTY,2017-05-31,NSDL,21066.0,616.0,1.0338,2.023,2.331,33.23,STRONG_ACCUMULATION,2.177
SERVICES,2017-05-31,NSDL,19396.0,234.0,0.9518,1.205,1.197,9.93,STRONG_ACCUMULATION,1.201
TELECOM,2017-05-31,NSDL,34858.0,591.0,1.7106,0.25,1.222,-7.21,ACCUMULATION,0.736
TEXTILES,2017-05-31,NSDL,25934.0,305.0,1.2727,-0.191,1.209,9.28,ACCUMULATION,0.509
AUTO,2017-06-15,NSDL,174531.0,1032.0,8.5059,2.273,0.723,14.46,ACCUMULATION,1.498
CAPITAL_GOODS,2017-06-15,NSDL,155075.0,-98.0,7.5577,1.205,-0.355,6.6,NEUTRAL,0.425
CEMENT,2017-06-15,NSDL,57408.0,-422.0,2.7978,1.125,-1.106,9.26,DISTRIBUTION,0.009
CHEMICALS,2017-06-15,NSDL,36600.0,231.0,1.7837,2.01,1.436,15.07,STRONG_ACCUMULATION,1.723
COMMODITIES,2017-06-15,NSDL,1601.0,14.0,0.078,2.023,0.093,18.5,NEUTRAL,1.058
ENERGY,2017-06-15,NSDL,173698.0,1715.0,8.4653,1.1,0.503,-0.33,ACCUMULATION,0.802
FINANCIAL_SERVICES,2017-06-15,NSDL,614023.0,12372.0,29.925,2.229,2.172,17.75,STRONG_ACCUMULATION,2.2
FMCG,2017-06-15,NSDL,192386.0,-185.0,9.3761,2.229,0.22,13.14,NEUTRAL,1.225
HEALTHCARE,2017-06-15,NSDL,11844.0,359.0,0.5772,2.451,0.436,18.16,NEUTRAL,1.444
INFRASTRUCTURE,2017-06-15,NSDL,84413.0,1634.0,4.1139,1.16,2.551,6.04,STRONG_ACCUMULATION,1.856
IT,2017-06-15,NSDL,218964.0,-2938.0,10.6714,-1.035,-1.481,-5.99,STRONG_DISTRIBUTION,-1.258
LOGISTICS,2017-06-15,NSDL,35875.0,-848.0,1.7484,1.31,-1.468,8.78,DISTRIBUTION,-0.079
MEDIA,2017-06-15,NSDL,34363.0,-330.0,1.6747,0.194,-0.734,-5.44,DISTRIBUTION,-0.27
METAL,2017-06-15,NSDL,43630.0,-1878.0,2.1263,1.007,-2.397,2.37,DISTRIBUTION,-0.695
PHARMA,2017-06-15,NSDL,112222.0,-3459.0,5.4692,-2.036,-1.676,-14.85,STRONG_DISTRIBUTION,-1.856
REALTY,2017-06-15,NSDL,22338.0,-29.0,1.0887,2.21,-0.718,37.03,DISTRIBUTION,0.746
SERVICES,2017-06-15,NSDL,20903.0,274.0,1.0187,1.985,1.412,14.81,STRONG_ACCUMULATION,1.699
TELECOM,2017-06-15,NSDL,34291.0,648.0,1.6712,0.116,1.246,-9.86,ACCUMULATION,0.681
TEXTILES,2017-06-15,NSDL,27710.0,6.0,1.3505,0.201,-0.266,11.82,NEUTRAL,-0.033
AUTO,2017-06-30,NSDL,171165.0,565.0,8.4279,1.841,0.246,13.29,NEUTRAL,1.043
CAPITAL_GOODS,2017-06-30,NSDL,150455.0,-238.0,7.4081,0.605,-0.381,1.7,NEUTRAL,0.112
CEMENT,2017-06-30,NSDL,55862.0,-655.0,2.7505,0.779,-1.369,3.67,DISTRIBUTION,-0.295
CHEMICALS,2017-06-30,NSDL,36273.0,125.0,1.786,1.726,1.116,11.29,STRONG_ACCUMULATION,1.421
COMMODITIES,2017-06-30,NSDL,1543.0,27.0,0.076,1.595,0.622,8.82,ACCUMULATION,1.109
ENERGY,2017-06-30,NSDL,172133.0,1866.0,8.4755,0.959,0.577,-2.59,ACCUMULATION,0.768
FINANCIAL_SERVICES,2017-06-30,NSDL,602743.0,5583.0,29.678,1.82,0.594,10.26,ACCUMULATION,1.207
FMCG,2017-06-30,NSDL,193764.0,-793.0,9.5406,2.077,-0.413,9.95,NEUTRAL,0.832
HEALTHCARE,2017-06-30,NSDL,11038.0,-30.0,0.5435,1.444,-0.592,11.85,DISTRIBUTION,0.426
INFRASTRUCTURE,2017-06-30,NSDL,84194.0,1610.0,4.1456,1.08,2.204,-0.37,STRONG_ACCUMULATION,1.642
IT,2017-06-30,NSDL,219142.0,-4278.0,10.7902,-0.985,-2.072,-6.89,DISTRIBUTION,-1.528
LOGISTICS,2017-06-30,NSDL,35865.0,-686.0,1.7659,1.209,-0.985,1.85,DISTRIBUTION,0.112
MEDIA,2017-06-30,NSDL,33056.0,-646.0,1.6276,-0.422,-1.762,-11.04,DISTRIBUTION,-1.092
METAL,2017-06-30,NSDL,44536.0,-702.0,2.1929,1.199,-0.885,3.72,DISTRIBUTION,0.157
PHARMA,2017-06-30,NSDL,111986.0,-1545.0,5.514,-1.829,0.017,-13.52,NEUTRAL,-0.906
REALTY,2017-06-30,NSDL,22370.0,596.0,1.1015,1.955,1.979,28.33,STRONG_ACCUMULATION,1.967
SERVICES,2017-06-30,NSDL,20964.0,362.0,1.0322,1.802,1.657,11.91,STRONG_ACCUMULATION,1.73
TELECOM,2017-06-30,NSDL,36262.0,537.0,1.7855,0.789,0.953,4.66,ACCUMULATION,0.871
TEXTILES,2017-06-30,NSDL,27591.0,-26.0,1.3585,0.208,-0.376,9.33,NEUTRAL,-0.084
AUTO,2017-07-15,NSDL,174445.0,-359.0,8.3836,1.908,-0.602,14.65,DISTRIBUTION,0.653
CAPITAL_GOODS,2017-07-15,NSDL,140382.0,-1042.0,6.7466,-0.711,-0.93,-7.71,DISTRIBUTION,-0.821
CEMENT,2017-07-15,NSDL,60054.0,-286.0,2.8861,1.48,-0.752,9.21,DISTRIBUTION,0.364
CHEMICALS,2017-07-15,NSDL,37199.0,-4.0,1.7877,1.854,0.65,14.11,ACCUMULATION,1.252
COMMODITIES,2017-07-15,NSDL,1526.0,-4.0,0.0733,1.394,-0.828,4.88,DISTRIBUTION,0.283
ENERGY,2017-07-15,NSDL,174977.0,2013.0,8.4092,1.033,0.655,-5.5,ACCUMULATION,0.844
FINANCIAL_SERVICES,2017-07-15,NSDL,617548.0,578.0,29.6786,1.856,-0.541,11.76,DISTRIBUTION,0.657
FMCG,2017-07-15,NSDL,204679.0,-872.0,9.8366,2.579,-0.48,16.36,NEUTRAL,1.05
HEALTHCARE,2017-07-15,NSDL,10794.0,-148.0,0.5187,1.104,-0.874,8.37,DISTRIBUTION,0.115
INFRASTRUCTURE,2017-07-15,NSDL,86511.0,-610.0,4.1576,1.45,-0.795,3.54,DISTRIBUTION,0.327
IT,2017-07-15,NSDL,226164.0,-1394.0,10.8692,-0.403,-0.349,2.25,NEUTRAL,-0.376
LOGISTICS,2017-07-15,NSDL,36534.0,-178.0,1.7558,1.395,0.363,6.79,NEUTRAL,0.879
MEDIA,2017-07-15,NSDL,34154.0,-505.0,1.6414,0.016,-1.156,-6.01,DISTRIBUTION,-0.57
METAL,2017-07-15,NSDL,47193.0,100.0,2.268,1.843,0.11,17.31,NEUTRAL,0.977
PHARMA,2017-07-15,NSDL,116827.0,-496.0,5.6146,-1.356,0.888,-10.98,ACCUMULATION,-0.234
REALTY,2017-07-15,NSDL,23380.0,509.0,1.1236,2.024,1.468,25.08,STRONG_ACCUMULATION,1.746
SERVICES,2017-07-15,NSDL,21736.0,340.0,1.0446,1.988,1.421,12.69,STRONG_ACCUMULATION,1.704
TELECOM,2017-07-15,NSDL,38646.0,695.0,1.8573,1.503,1.173,14.25,STRONG_ACCUMULATION,1.338
TEXTILES,2017-07-15,NSDL,28038.0,78.0,1.3475,0.327,0.232,10.48,NEUTRAL,0.28
AUTO,2017-07-31,NSDL,177635.0,67.0,8.2096,1.939,-0.18,12.2,NEUTRAL,0.88
CAPITAL_GOODS,2017-07-31,NSDL,159709.0,339.0,7.3811,1.635,0.245,2.62,NEUTRAL,0.94
CEMENT,2017-07-31,NSDL,59214.0,534.0,2.7366,1.216,0.512,0.01,ACCUMULATION,0.864
CHEMICALS,2017-07-31,NSDL,36497.0,-477.0,1.6867,1.51,-1.069,5.5,DISTRIBUTION,0.221
COMMODITIES,2017-07-31,NSDL,1602.0,3.0,0.074,1.621,-0.694,13.06,DISTRIBUTION,0.464
ENERGY,2017-07-31,NSDL,195214.0,1263.0,9.022,1.907,-0.089,6.65,NEUTRAL,0.909
FINANCIAL_SERVICES,2017-07-31,NSDL,655995.0,824.0,30.3175,2.156,-0.495,14.07,NEUTRAL,0.831
FMCG,2017-07-31,NSDL,194227.0,-323.0,8.9764,1.54,0.091,8.47,NEUTRAL,0.816
HEALTHCARE,2017-07-31,NSDL,10937.0,161.0,0.5055,1.153,-0.08,-0.44,NEUTRAL,0.536
INFRASTRUCTURE,2017-07-31,NSDL,88220.0,445.0,4.0772,1.667,0.629,2.38,ACCUMULATION,1.148
IT,2017-07-31,NSDL,235734.0,-480.0,10.8947,0.503,0.207,7.89,NEUTRAL,0.355
LOGISTICS,2017-07-31,NSDL,36598.0,-941.0,1.6914,1.309,-1.51,1.16,DISTRIBUTION,-0.101
MEDIA,2017-07-31,NSDL,35249.0,112.0,1.6291,0.462,1.175,-3.7,ACCUMULATION,0.819
METAL,2017-07-31,NSDL,50149.0,369.0,2.3177,2.493,0.448,25.79,NEUTRAL,1.47
PHARMA,2017-07-31,NSDL,112276.0,146.0,5.1889,-1.522,1.358,-11.45,ACCUMULATION,-0.082
REALTY,2017-07-31,NSDL,23465.0,-95.0,1.0845,1.823,-0.994,14.18,DISTRIBUTION,0.414
SERVICES,2017-07-31,NSDL,22175.0,443.0,1.0248,1.973,1.703,14.78,STRONG_ACCUMULATION,1.838
TELECOM,2017-07-31,NSDL,40680.0,1099.0,1.8801,2.002,1.741,18.48,STRONG_ACCUMULATION,1.871
TEXTILES,2017-07-31,NSDL,28177.0,21.0,1.3022,0.402,-0.062,9.31,NEUTRAL,0.17
AUTO,2017-08-15,CDSL,176872.0,-9.0,8.4035,1.711,-0.247,6.87,NEUTRAL,0.732
CAPITAL_GOODS,2017-08-15,CDSL,150421.0,-181.0,7.1467,0.42,-0.165,-4.5,NEUTRAL,0.128
CEMENT,2017-08-15,CDSL,57885.0,195.0,2.7502,0.887,0.05,-7.51,NEUTRAL,0.469
CHEMICALS,2017-08-15,CDSL,35238.0,-393.0,1.6742,1.023,-0.71,-0.31,DISTRIBUTION,0.156
COMMODITIES,2017-08-15,CDSL,1437.0,-2.0,0.0683,0.759,-1.09,-5.65,DISTRIBUTION,-0.166
ENERGY,2017-08-15,CDSL,194876.0,-332.0,9.2589,1.771,-1.594,10.82,DISTRIBUTION,0.088
FINANCIAL_SERVICES,2017-08-15,CDSL,635948.0,-1342.0,30.2149,1.672,-0.961,9.18,DISTRIBUTION,0.355
FMCG,2017-08-15,CDSL,186953.0,-1059.0,8.8824,0.901,-0.619,2.44,DISTRIBUTION,0.141
HEALTHCARE,2017-08-15,CDSL,10533.0,393.0,0.5004,0.707,0.491,-9.36,NEUTRAL,0.599
INFRASTRUCTURE,2017-08-15,CDSL,88071.0,165.0,4.1844,1.535,0.277,3.21,NEUTRAL,0.906
IT,2017-08-15,CDSL,229741.0,-364.0,10.9153,0.008,0.284,1.33,NEUTRAL,0.146
LOGISTICS,2017-08-15,CDSL,36417.0,-571.0,1.7302,1.137,-0.544,-2.39,DISTRIBUTION,0.296
MEDIA,2017-08-15,CDSL,33602.0,272.0,1.5965,-0.346,1.694,-7.77,ACCUMULATION,0.674
METAL,2017-08-15,CDSL,52013.0,935.0,2.4712,2.57,1.102,20.18,STRONG_ACCUMULATION,1.836
PHARMA,2017-08-15,CDSL,102073.0,-1316.0,4.8496,-1.969,0.034,-19.03,NEUTRAL,-0.968
REALTY,2017-08-15,CDSL,21862.0,-423.0,1.0387,1.231,-2.034,-3.57,DISTRIBUTION,-0.401
SERVICES,2017-08-15,CDSL,21540.0,417.0,1.0234,1.522,1.454,8.98,STRONG_ACCUMULATION,1.488
TELECOM,2017-08-15,CDSL,39303.0,790.0,1.8673,1.567,1.105,13.12,STRONG_ACCUMULATION,1.336
TEXTILES,2017-08-15,CDSL,29968.0,216.0,1.4238,0.848,0.983,12.06,ACCUMULATION,0.915
AUTO,2017-08-31,CDSL,175575.0,-634.0,8.2633,1.482,-0.784,2.34,DISTRIBUTION,0.349
CAPITAL_GOODS,2017-08-31,CDSL,150505.0,-2214.0,7.0834,0.415,-1.735,-3.61,DISTRIBUTION,-0.66
CEMENT,2017-08-31,CDSL,58667.0,-274.0,2.7611,0.969,-0.642,-0.07,DISTRIBUTION,0.163
CHEMICALS,2017-08-31,CDSL,35171.0,-161.0,1.6553,0.928,0.161,-2.59,NEUTRAL,0.544
COMMODITIES,2017-08-31,CDSL,1395.0,-41.0,0.0657,0.498,-2.725,-6.38,DISTRIBUTION,-1.114
ENERGY,2017-08-31,CDSL,200751.0,-1566.0,9.4482,1.877,-2.361,14.3,DISTRIBUTION,-0.242
FINANCIAL_SERVICES,2017-08-31,CDSL,649171.0,-2431.0,30.5528,1.672,-1.136,9.34,DISTRIBUTION,0.268
FMCG,2017-08-31,CDSL,192865.0,-1265.0,9.0771,1.273,-0.791,0.51,DISTRIBUTION,0.241
HEALTHCARE,2017-08-31,CDSL,9771.0,167.0,0.4599,-0.055,-0.123,-12.27,NEUTRAL,-0.089
INFRASTRUCTURE,2017-08-31,CDSL,88338.0,-184.0,4.1576,1.471,-0.148,6.25,NEUTRAL,0.662
IT,2017-08-31,CDSL,220440.0,-5823.0,10.3749,-0.829,-2.459,-5.34,DISTRIBUTION,-1.644
LOGISTICS,2017-08-31,CDSL,36864.0,1.0,1.735,1.235,0.889,4.33,ACCUMULATION,1.062
MEDIA,2017-08-31,CDSL,33222.0,-512.0,1.5636,-0.51,-1.082,-4.17,DISTRIBUTION,-0.796
METAL,2017-08-31,CDSL,54703.0,722.0,2.5746,2.706,0.822,22.66,ACCUMULATION,1.764
PHARMA,2017-08-31,CDSL,101516.0,-2785.0,4.7778,-1.825,-1.19,-7.32,STRONG_DISTRIBUTION,-1.507
REALTY,2017-08-31,CDSL,22320.0,-517.0,1.0505,1.264,-2.072,5.95,DISTRIBUTION,-0.404
SERVICES,2017-08-31,CDSL,21835.0,40.0,1.0276,1.532,-0.071,12.57,NEUTRAL,0.731
TELECOM,2017-08-31,CDSL,41281.0,252.0,1.9429,1.967,0.126,18.43,NEUTRAL,1.046
TEXTILES,2017-08-31,CDSL,30362.0,40.0,1.429,1.003,0.042,17.07,NEUTRAL,0.522
AUTO,2017-09-15,CDSL,179510.0,-627.0,8.5313,1.591,-0.716,2.85,DISTRIBUTION,0.438
CAPITAL_GOODS,2017-09-15,CDSL,156667.0,-1849.0,7.4457,1.117,-1.338,1.03,DISTRIBUTION,-0.111
CEMENT,2017-09-15,CDSL,61176.0,-49.0,2.9074,1.329,-0.217,6.56,NEUTRAL,0.556
CHEMICALS,2017-09-15,CDSL,35422.0,-291.0,1.6834,0.947,-0.262,-3.22,NEUTRAL,0.342
COMMODITIES,2017-09-15,CDSL,1379.0,-67.0,0.0655,0.36,-3.053,-13.87,DISTRIBUTION,-1.347
ENERGY,2017-09-15,CDSL,142249.0,-2569.0,6.7604,-1.093,-2.642,-18.11,STRONG_DISTRIBUTION,-1.867
FINANCIAL_SERVICES,2017-09-15,CDSL,665018.0,1673.0,31.6053,1.693,-0.242,8.31,NEUTRAL,0.726
FMCG,2017-09-15,CDSL,191789.0,-1060.0,9.1149,1.116,-0.495,-0.31,NEUTRAL,0.311
HEALTHCARE,2017-09-15,CDSL,9757.0,-66.0,0.4637,-0.06,-0.724,-17.62,DISTRIBUTION,-0.392
INFRASTRUCTURE,2017-09-15,CDSL,89927.0,465.0,4.2738,1.644,0.799,6.53,ACCUMULATION,1.222
IT,2017-09-15,CDSL,218839.0,-6883.0,10.4004,-1.035,-2.498,-0.06,STRONG_DISTRIBUTION,-1.767
LOGISTICS,2017-09-15,CDSL,37927.0,-495.0,1.8025,1.545,-0.303,5.72,NEUTRAL,0.621
MEDIA,2017-09-15,CDSL,34106.0,-944.0,1.6209,-0.089,-2.275,-0.75,DISTRIBUTION,-1.182
METAL,2017-09-15,CDSL,58352.0,1230.0,2.7732,2.822,1.345,33.74,STRONG_ACCUMULATION,2.083
PHARMA,2017-09-15,CDSL,106235.0,-1671.0,5.0489,-1.413,-0.157,-5.33,NEUTRAL,-0.785
REALTY,2017-09-15,CDSL,22977.0,44.0,1.092,1.338,-0.143,2.86,NEUTRAL,0.598
SERVICES,2017-09-15,CDSL,22969.0,-38.0,1.0916,1.838,-0.374,9.88,NEUTRAL,0.732
TELECOM,2017-09-15,CDSL,38103.0,42.0,1.8109,1.016,-0.283,11.12,NEUTRAL,0.367
TEXTILES,2017-09-15,CDSL,31734.0,-115.0,1.5082,1.349,-0.758,14.52,DISTRIBUTION,0.295
AUTO,2017-09-30,CDSL,176003.0,-579.0,8.591,1.249,-0.612,2.83,DISTRIBUTION,0.319
CAPITAL_GOODS,2017-09-30,CDSL,146782.0,-2038.0,7.1647,-0.077,-1.382,-2.44,DISTRIBUTION,-0.729
CEMENT,2017-09-30,CDSL,56704.0,-325.0,2.7678,0.503,-0.633,1.51,DISTRIBUTION,-0.065
CHEMICALS,2017-09-30,CDSL,33722.0,-438.0,1.646,0.275,-0.783,-7.03,DISTRIBUTION,-0.254
COMMODITIES,2017-09-30,CDSL,1364.0,-54.0,0.0666,0.228,-2.21,-11.6,DISTRIBUTION,-0.991
ENERGY,2017-09-30,CDSL,190653.0,-3380.0,9.3061,1.274,-2.628,10.76,DISTRIBUTION,-0.677
FINANCIAL_SERVICES,2017-09-30,CDSL,608359.0,-298.0,29.6951,0.903,-0.671,0.93,DISTRIBUTION,0.116
FMCG,2017-09-30,CDSL,182773.0,-2794.0,8.9215,0.43,-2.239,-5.67,DISTRIBUTION,-0.904
HEALTHCARE,2017-09-30,CDSL,9189.0,-37.0,0.4485,-0.604,-0.628,-16.75,DISTRIBUTION,-0.616
INFRASTRUCTURE,2017-09-30,CDSL,88769.0,35.0,4.333,1.297,0.162,5.43,NEUTRAL,0.729
IT,2017-09-30,CDSL,214778.0,-2941.0,10.4837,-1.488,-0.673,-1.99,DISTRIBUTION,-1.081
LOGISTICS,2017-09-30,CDSL,35113.0,-1158.0,1.7139,0.404,-1.799,-2.1,DISTRIBUTION,-0.698
MEDIA,2017-09-30,CDSL,33067.0,-454.0,1.6141,-0.536,-0.638,0.03,DISTRIBUTION,-0.587
METAL,2017-09-30,CDSL,56526.0,1497.0,2.7591,2.149,1.545,26.92,STRONG_ACCUMULATION,1.847
PHARMA,2017-09-30,CDSL,102779.0,-1670.0,5.0168,-1.502,-0.154,-8.22,NEUTRAL,-0.828
REALTY,2017-09-30,CDSL,22113.0,461.0,1.0794,1.021,1.204,-1.15,STRONG_ACCUMULATION,1.112
SERVICES,2017-09-30,CDSL,22166.0,181.0,1.082,1.4,0.476,5.73,NEUTRAL,0.938
TELECOM,2017-09-30,CDSL,37197.0,-304.0,1.8157,0.727,-0.882,2.58,DISTRIBUTION,-0.078
TEXTILES,2017-09-30,CDSL,30625.0,78.0,1.4949,1.154,0.307,11.0,NEUTRAL,0.73
AUTO,2017-10-15,CDSL,179054.0,582.0,8.4135,1.328,0.572,2.64,ACCUMULATION,0.95
CAPITAL_GOODS,2017-10-15,CDSL,154078.0,-1861.0,7.2399,0.816,-1.14,9.76,DISTRIBUTION,-0.162
CEMENT,2017-10-15,CDSL,58589.0,-528.0,2.753,0.807,-0.917,-2.44,DISTRIBUTION,-0.055
CHEMICALS,2017-10-15,CDSL,35087.0,-709.0,1.6487,0.734,-1.753,-5.68,DISTRIBUTION,-0.509
COMMODITIES,2017-10-15,CDSL,1354.0,-59.0,0.0636,0.128,-2.089,-11.27,DISTRIBUTION,-0.98
ENERGY,2017-10-15,CDSL,207810.0,-1235.0,9.7647,1.952,-1.223,18.76,DISTRIBUTION,0.364
FINANCIAL_SERVICES,2017-10-15,CDSL,627249.0,-3426.0,29.4735,1.056,-1.283,1.57,DISTRIBUTION,-0.113
FMCG,2017-10-15,CDSL,188418.0,-2953.0,8.8535,0.806,-2.094,-7.94,DISTRIBUTION,-0.644
HEALTHCARE,2017-10-15,CDSL,9781.0,43.0,0.4596,-0.048,-0.415,-9.38,NEUTRAL,-0.231
INFRASTRUCTURE,2017-10-15,CDSL,91172.0,304.0,4.284,1.638,0.515,5.39,ACCUMULATION,1.077
IT,2017-10-15,CDSL,222787.0,-2057.0,10.4684,-0.361,-0.279,-1.49,NEUTRAL,-0.32
LOGISTICS,2017-10-15,CDSL,36430.0,-1294.0,1.7118,0.886,-1.908,-0.28,DISTRIBUTION,-0.511
MEDIA,2017-10-15,CDSL,32398.0,-383.0,1.5223,-0.794,-0.38,-5.14,NEUTRAL,-0.587
METAL,2017-10-15,CDSL,60993.0,701.0,2.866,2.46,0.65,29.24,ACCUMULATION,1.555
PHARMA,2017-10-15,CDSL,105829.0,-1332.0,4.9728,-1.237,0.149,-9.41,NEUTRAL,-0.544
REALTY,2017-10-15,CDSL,22778.0,14.0,1.0703,1.113,-0.29,-2.57,NEUTRAL,0.411
SERVICES,2017-10-15,CDSL,22659.0,33.0,1.0647,1.457,-0.13,4.25,NEUTRAL,0.663
TELECOM,2017-10-15,CDSL,39870.0,-303.0,1.8734,1.333,-0.899,3.17,DISTRIBUTION,0.217
TEXTILES,2017-10-15,CDSL,31840.0,-41.0,1.4961,1.51,-0.321,13.56,NEUTRAL,0.595
AUTO,2017-10-31,CDSL,183429.0,240.0,8.4884,1.461,0.34,3.26,NEUTRAL,0.901
CAPITAL_GOODS,2017-10-31,CDSL,160486.0,-347.0,7.4267,1.498,0.164,0.49,NEUTRAL,0.831
CEMENT,2017-10-31,CDSL,62378.0,64.0,2.8866,1.375,0.119,5.34,NEUTRAL,0.747
CHEMICALS,2017-10-31,CDSL,35560.0,-639.0,1.6456,0.844,-1.343,-2.57,DISTRIBUTION,-0.249
COMMODITIES,2017-10-31,CDSL,1459.0,-39.0,0.0675,0.662,-1.305,-8.93,DISTRIBUTION,-0.321
ENERGY,2017-10-31,CDSL,222625.0,2298.0,10.3022,2.309,0.907,14.04,ACCUMULATION,1.608
FINANCIAL_SERVICES,2017-10-31,CDSL,607869.0,-3686.0,28.1299,0.752,-1.242,-7.34,DISTRIBUTION,-0.245
FMCG,2017-10-31,CDSL,191409.0,-1335.0,8.8577,0.952,-0.432,-1.45,NEUTRAL,0.26
HEALTHCARE,2017-10-31,CDSL,9382.0,-9.0,0.4342,-0.447,-0.552,-14.22,DISTRIBUTION,-0.5
INFRASTRUCTURE,2017-10-31,CDSL,96034.0,1702.0,4.4441,2.307,2.219,8.86,STRONG_ACCUMULATION,2.263
IT,2017-10-31,CDSL,221995.0,-1288.0,10.2731,-0.411,0.065,-5.83,NEUTRAL,-0.173
LOGISTICS,2017-10-31,CDSL,37481.0,-986.0,1.7345,1.205,-1.154,2.41,DISTRIBUTION,0.026
MEDIA,2017-10-31,CDSL,33610.0,-842.0,1.5553,-0.165,-1.704,-4.65,DISTRIBUTION,-0.934
METAL,2017-10-31,CDSL,63650.0,1415.0,2.9455,2.419,1.336,26.92,STRONG_ACCUMULATION,1.877
PHARMA,2017-10-31,CDSL,107385.0,-623.0,4.9694,-1.071,0.815,-4.36,ACCUMULATION,-0.128
REALTY,2017-10-31,CDSL,24238.0,-588.0,1.1216,1.374,-2.07,3.29,DISTRIBUTION,-0.348
SERVICES,2017-10-31,CDSL,24083.0,252.0,1.1145,1.793,0.7,8.6,ACCUMULATION,1.246
TELECOM,2017-10-31,CDSL,45485.0,-441.0,2.1049,2.387,-1.174,11.81,DISTRIBUTION,0.607
TEXTILES,2017-10-31,CDSL,32378.0,-137.0,1.4983,1.711,-0.806,14.91,DISTRIBUTION,0.453
AUTO,2017-11-15,CDSL,181940.0,11.0,8.6304,1.262,0.216,2.87,NEUTRAL,0.739
CAPITAL_GOODS,2017-11-15,CDSL,153537.0,-767.0,7.2831,0.667,-0.17,2.07,NEUTRAL,0.248
CEMENT,2017-11-15,CDSL,60992.0,328.0,2.8932,1.074,0.548,5.37,ACCUMULATION,0.811
CHEMICALS,2017-11-15,CDSL,33414.0,-830.0,1.585,0.025,-1.867,-5.18,DISTRIBUTION,-0.921
COMMODITIES,2017-11-15,CDSL,1413.0,14.0,0.067,0.372,0.395,-1.67,NEUTRAL,0.384
ENERGY,2017-11-15,CDSL,207866.0,1123.0,9.8602,1.498,0.248,6.67,NEUTRAL,0.873
FINANCIAL_SERVICES,2017-11-15,CDSL,592748.0,-3938.0,28.1173,0.512,-1.202,-6.79,DISTRIBUTION,-0.345
FMCG,2017-11-15,CDSL,188718.0,-500.0,8.9519,0.704,0.392,0.94,NEUTRAL,0.548
HEALTHCARE,2017-11-15,CDSL,8924.0,-213.0,0.4233,-0.876,-1.055,-15.28,DISTRIBUTION,-0.966
INFRASTRUCTURE,2017-11-15,CDSL,87241.0,1519.0,4.1383,0.597,1.805,-0.94,ACCUMULATION,1.201
IT,2017-11-15,CDSL,228304.0,644.0,10.8297,0.585,0.891,-0.63,ACCUMULATION,0.738
LOGISTICS,2017-11-15,CDSL,35017.0,-1314.0,1.6611,0.231,-1.707,-3.84,DISTRIBUTION,-0.738
MEDIA,2017-11-15,CDSL,33129.0,-643.0,1.5715,-0.356,-0.995,-1.41,DISTRIBUTION,-0.675
METAL,2017-11-15,CDSL,59171.0,1068.0,2.8068,1.63,0.923,13.76,ACCUMULATION,1.276
PHARMA,2017-11-15,CDSL,99463.0,-1068.0,4.7181,-1.494,0.435,-2.56,NEUTRAL,-0.529
REALTY,2017-11-15,CDSL,23566.0,-65.0,1.1179,1.11,-0.459,7.79,NEUTRAL,0.326
SERVICES,2017-11-15,CDSL,25870.0,1150.0,1.2272,2.118,3.182,20.1,STRONG_ACCUMULATION,2.65
TELECOM,2017-11-15,CDSL,50616.0,5739.0,2.401,2.858,4.383,28.78,STRONG_ACCUMULATION,3.62
TEXTILES,2017-11-15,CDSL,36195.0,117.0,1.7169,2.302,0.526,20.78,ACCUMULATION,1.414
AUTO,2017-11-30,CDSL,188016.0,940.0,8.7374,1.474,1.396,7.09,STRONG_ACCUMULATION,1.435
CAPITAL_GOODS,2017-11-30,CDSL,155388.0,-2296.0,7.2211,0.853,-1.377,3.24,DISTRIBUTION,-0.262
CEMENT,2017-11-30,CDSL,59339.0,85.0,2.7576,0.753,0.109,1.15,NEUTRAL,0.431
CHEMICALS,2017-11-30,CDSL,34378.0,-530.0,1.5976,0.358,-0.687,-2.25,DISTRIBUTION,-0.165
COMMODITIES,2017-11-30,CDSL,1548.0,-1.0,0.0719,1.052,-0.097,10.97,NEUTRAL,0.478
ENERGY,2017-11-30,CDSL,215172.0,190.0,9.9994,1.65,-0.34,7.18,NEUTRAL,0.655
FINANCIAL_SERVICES,2017-11-30,CDSL,604234.0,-1523.0,28.0797,0.603,-0.71,-6.92,DISTRIBUTION,-0.053
FMCG,2017-11-30,CDSL,193254.0,-685.0,8.9808,0.956,0.186,0.2,NEUTRAL,0.571
HEALTHCARE,2017-11-30,CDSL,9631.0,-203.0,0.4476,-0.185,-0.987,-1.43,DISTRIBUTION,-0.586
INFRASTRUCTURE,2017-11-30,CDSL,90467.0,812.0,4.2041,1.146,0.893,2.41,ACCUMULATION,1.019
IT,2017-11-30,CDSL,228057.0,99.0,10.5982,0.572,0.624,3.46,ACCUMULATION,0.598
LOGISTICS,2017-11-30,CDSL,34244.0,-1482.0,1.5914,-0.045,-1.824,-7.11,DISTRIBUTION,-0.934
MEDIA,2017-11-30,CDSL,35125.0,38.0,1.6323,0.646,1.084,5.73,ACCUMULATION,0.865
METAL,2017-11-30,CDSL,59271.0,-20.0,2.7544,1.495,-0.196,8.35,NEUTRAL,0.65
PHARMA,2017-11-30,CDSL,102507.0,-895.0,4.7637,-1.239,0.581,0.98,ACCUMULATION,-0.329
REALTY,2017-11-30,CDSL,25916.0,-16.0,1.2044,1.546,-0.305,16.11,NEUTRAL,0.621
SERVICES,2017-11-30,CDSL,26838.0,857.0,1.2472,2.117,2.041,22.91,STRONG_ACCUMULATION,2.079
TELECOM,2017-11-30,CDSL,50771.0,5267.0,2.3594,2.433,3.023,22.99,STRONG_ACCUMULATION,2.728
TEXTILES,2017-11-30,CDSL,37699.0,353.0,1.7519,2.259,1.663,24.17,STRONG_ACCUMULATION,1.961
AUTO,2017-12-15,CDSL,192983.0,16.0,8.9246,1.628,0.143,7.51,NEUTRAL,0.885
CAPITAL_GOODS,2017-12-15,CDSL,153361.0,-2593.0,7.0922,0.559,-1.491,-2.11,DISTRIBUTION,-0.466
CEMENT,2017-12-15,CDSL,60043.0,-559.0,2.7767,0.807,-0.968,-1.85,DISTRIBUTION,-0.08
CHEMICALS,2017-12-15,CDSL,34433.0,168.0,1.5924,0.314,1.774,-2.79,ACCUMULATION,1.044
COMMODITIES,2017-12-15,CDSL,1688.0,19.0,0.0781,1.698,0.531,22.41,ACCUMULATION,1.115
ENERGY,2017-12-15,CDSL,216960.0,675.0,10.0334,1.591,-0.063,52.52,NEUTRAL,0.764
FINANCIAL_SERVICES,2017-12-15,CDSL,612007.0,-473.0,28.3025,0.644,-0.52,-7.97,DISTRIBUTION,0.062
FMCG,2017-12-15,CDSL,197133.0,-539.0,9.1165,1.15,0.343,2.79,NEUTRAL,0.746
HEALTHCARE,2017-12-15,CDSL,10098.0,67.0,0.467,0.22,-0.305,3.49,NEUTRAL,-0.042
INFRASTRUCTURE,2017-12-15,CDSL,89300.0,606.0,4.1297,0.865,0.602,-0.7,ACCUMULATION,0.734
IT,2017-12-15,CDSL,221950.0,-783.0,10.2642,-0.473,0.225,1.42,NEUTRAL,-0.124
LOGISTICS,2017-12-15,CDSL,33175.0,-1550.0,1.5342,-0.491,-1.75,-12.53,DISTRIBUTION,-1.121
MEDIA,2017-12-15,CDSL,35241.0,-76.0,1.6297,0.645,0.684,3.33,ACCUMULATION,0.665
METAL,2017-12-15,CDSL,58742.0,-394.0,2.7165,1.311,-0.557,0.67,DISTRIBUTION,0.377
PHARMA,2017-12-15,CDSL,102842.0,80.0,4.756,-1.131,1.382,-3.19,ACCUMULATION,0.125
REALTY,2017-12-15,CDSL,25023.0,-505.0,1.1572,1.243,-1.66,8.9,DISTRIBUTION,-0.208
SERVICES,2017-12-15,CDSL,26483.0,142.0,1.2247,1.823,-0.161,15.3,NEUTRAL,0.831
TELECOM,2017-12-15,CDSL,52550.0,-608.0,2.4302,2.362,-0.788,37.92,DISTRIBUTION,0.787
TEXTILES,2017-12-15,CDSL,38367.0,185.0,1.7743,2.114,0.734,20.9,ACCUMULATION,1.424
AUTO,2017-12-31,CDSL,201104.0,-646.0,9.0297,1.895,-0.925,14.26,DISTRIBUTION,0.485
CAPITAL_GOODS,2017-12-31,CDSL,161854.0,-647.0,7.2673,1.496,-0.008,10.27,NEUTRAL,0.744
CEMENT,2017-12-31,CDSL,60992.0,-639.0,2.7386,0.902,-1.193,7.56,DISTRIBUTION,-0.146
CHEMICALS,2017-12-31,CDSL,35914.0,-84.0,1.6126,0.87,0.827,6.5,ACCUMULATION,0.849
COMMODITIES,2017-12-31,CDSL,1793.0,59.0,0.0805,2.041,1.705,31.45,STRONG_ACCUMULATION,1.873
ENERGY,2017-12-31,CDSL,216265.0,124.0,9.7104,1.448,-0.399,13.43,NEUTRAL,0.524
FINANCIAL_SERVICES,2017-12-31,CDSL,612588.0,3577.0,27.5055,0.594,0.254,0.7,NEUTRAL,0.424
FMCG,2017-12-31,CDSL,200707.0,5.0,9.0118,1.317,0.83,9.81,ACCUMULATION,1.073
HEALTHCARE,2017-12-31,CDSL,10653.0,196.0,0.4783,0.723,0.001,15.93,NEUTRAL,0.362
INFRASTRUCTURE,2017-12-31,CDSL,92705.0,685.0,4.1625,1.489,0.64,4.43,ACCUMULATION,1.065
IT,2017-12-31,CDSL,237145.0,-6086.0,10.6479,1.847,-1.913,10.41,DISTRIBUTION,-0.033
LOGISTICS,2017-12-31,CDSL,33962.0,-1134.0,1.5249,-0.236,-0.976,-3.28,DISTRIBUTION,-0.606
MEDIA,2017-12-31,CDSL,36461.0,-61.0,1.6371,1.203,0.685,10.26,ACCUMULATION,0.944
METAL,2017-12-31,CDSL,65490.0,238.0,2.9405,1.888,0.083,15.86,NEUTRAL,0.985
PHARMA,2017-12-31,CDSL,108614.0,708.0,4.8768,-0.651,1.848,5.68,ACCUMULATION,0.599
REALTY,2017-12-31,CDSL,27062.0,-352.0,1.2151,1.613,-1.145,22.38,DISTRIBUTION,0.234
SERVICES,2017-12-31,CDSL,28190.0,328.0,1.2657,2.064,0.375,27.18,NEUTRAL,1.22
TELECOM,2017-12-31,CDSL,54934.0,-225.0,2.4666,2.342,-0.538,47.68,DISTRIBUTION,0.902
TEXTILES,2017-12-31,CDSL,40716.0,60.0,1.8282,2.243,-0.198,32.95,NEUTRAL,1.022
AUTO,2018-01-15,CDSL,196658.0,-774.0,8.6494,1.535,-1.115,9.83,DISTRIBUTION,0.21
CAPITAL_GOODS,2018-01-15,CDSL,164754.0,1138.0,7.2462,1.759,1.344,6.93,STRONG_ACCUMULATION,1.551
CEMENT,2018-01-15,CDSL,63291.0,-176.0,2.7836,1.257,-0.431,8.03,NEUTRAL,0.413
CHEMICALS,2018-01-15,CDSL,37464.0,-152.0,1.6477,1.483,0.576,6.77,ACCUMULATION,1.03
COMMODITIES,2018-01-15,CDSL,1964.0,67.0,0.0864,2.571,1.802,45.05,STRONG_ACCUMULATION,2.187
ENERGY,2018-01-15,CDSL,220959.0,835.0,9.7182,1.535,0.05,6.33,NEUTRAL,0.792
FINANCIAL_SERVICES,2018-01-15,CDSL,639129.0,3878.0,28.11,0.918,0.287,1.89,NEUTRAL,0.603
FMCG,2018-01-15,CDSL,202382.0,-388.0,8.9011,1.372,0.383,7.41,NEUTRAL,0.878
HEALTHCARE,2018-01-15,CDSL,10308.0,83.0,0.4534,0.31,-0.3,5.39,NEUTRAL,0.005
INFRASTRUCTURE,2018-01-15,CDSL,92872.0,572.0,4.0847,1.451,0.458,1.86,NEUTRAL,0.955
IT,2018-01-15,CDSL,240506.0,-5366.0,10.5779,2.064,-1.507,7.95,DISTRIBUTION,0.279
LOGISTICS,2018-01-15,CDSL,35375.0,-437.0,1.5559,0.284,0.219,-2.9,NEUTRAL,0.252
MEDIA,2018-01-15,CDSL,37590.0,-753.0,1.6533,1.75,-1.332,16.03,DISTRIBUTION,0.209
METAL,2018-01-15,CDSL,69276.0,1534.0,3.0469,2.023,1.311,13.58,STRONG_ACCUMULATION,1.667
PHARMA,2018-01-15,CDSL,109384.0,688.0,4.8109,-0.533,1.648,3.36,ACCUMULATION,0.557
REALTY,2018-01-15,CDSL,27927.0,-548.0,1.2283,1.687,-1.552,22.61,DISTRIBUTION,0.068
SERVICES,2018-01-15,CDSL,30122.0,238.0,1.3248,2.277,0.059,32.94,NEUTRAL,1.168
TELECOM,2018-01-15,CDSL,52571.0,-381.0,2.3122,1.801,-0.63,31.86,DISTRIBUTION,0.585
TEXTILES,2018-01-15,CDSL,41139.0,-120.0,1.8094,2.067,-1.575,29.21,DISTRIBUTION,0.246
AUTO,2018-01-31,CDSL,197567.0,81.0,8.6196,1.49,0.221,7.71,NEUTRAL,0.856
CAPITAL_GOODS,2018-01-31,CDSL,161718.0,1415.0,7.0555,1.343,1.438,0.77,STRONG_ACCUMULATION,1.39
CEMENT,2018-01-31,CDSL,60274.0,385.0,2.6297,0.648,0.589,-3.37,ACCUMULATION,0.619
CHEMICALS,2018-01-31,CDSL,35985.0,283.0,1.57,0.766,1.872,1.2,ACCUMULATION,1.319
COMMODITIES,2018-01-31,CDSL,1790.0,75.0,0.0781,1.629,1.81,22.69,STRONG_ACCUMULATION,1.72
ENERGY,2018-01-31,CDSL,223399.0,489.0,9.7466,1.516,-0.134,0.35,NEUTRAL,0.691
FINANCIAL_SERVICES,2018-01-31,CDSL,661157.0,2859.0,28.8453,1.218,0.048,8.77,NEUTRAL,0.633
FMCG,2018-01-31,CDSL,200848.0,-156.0,8.7627,1.201,0.565,4.93,ACCUMULATION,0.883
HEALTHCARE,2018-01-31,CDSL,9976.0,-102.0,0.4352,-0.12,-0.774,6.33,DISTRIBUTION,-0.447
INFRASTRUCTURE,2018-01-31,CDSL,88351.0,-1028.0,3.8546,0.361,-1.393,-8.0,DISTRIBUTION,-0.516
IT,2018-01-31,CDSL,264005.0,2912.0,11.5181,3.579,1.591,18.92,STRONG_ACCUMULATION,2.585
LOGISTICS,2018-01-31,CDSL,34671.0,-162.0,1.5126,-0.137,0.651,-7.5,ACCUMULATION,0.257
MEDIA,2018-01-31,CDSL,36347.0,-441.0,1.5858,1.007,-0.365,8.14,NEUTRAL,0.321
METAL,2018-01-31,CDSL,67085.0,1897.0,2.9268,1.624,1.52,5.4,STRONG_ACCUMULATION,1.572
PHARMA,2018-01-31,CDSL,107846.0,884.0,4.7052,-0.601,1.644,0.43,ACCUMULATION,0.521
REALTY,2018-01-31,CDSL,26283.0,-554.0,1.1467,1.214,-1.445,8.44,DISTRIBUTION,-0.116
SERVICES,2018-01-31,CDSL,31179.0,929.0,1.3603,2.25,2.025,29.46,STRONG_ACCUMULATION,2.138
TELECOM,2018-01-31,CDSL,45346.0,-849.0,1.9784,0.736,-0.905,-0.31,DISTRIBUTION,-0.085
TEXTILES,2018-01-31,CDSL,38253.0,-360.0,1.6689,1.456,-2.736,18.15,DISTRIBUTION,-0.64
AUTO,2018-02-15,CDSL,189445.0,384.0,8.6068,0.966,0.646,4.12,ACCUMULATION,0.806
CAPITAL_GOODS,2018-02-15,CDSL,158326.0,767.0,7.193,0.807,0.852,3.12,ACCUMULATION,0.83
CEMENT,2018-02-15,CDSL,57877.0,175.0,2.6295,0.032,0.147,-5.11,NEUTRAL,0.089
CHEMICALS,2018-02-15,CDSL,34528.0,140.0,1.5687,-0.081,1.299,3.33,ACCUMULATION,0.609
COMMODITIES,2018-02-15,CDSL,1777.0,68.0,0.0807,1.491,1.478,25.76,STRONG_ACCUMULATION,1.485
ENERGY,2018-02-15,CDSL,214662.0,-1184.0,9.7525,1.064,-1.108,3.27,DISTRIBUTION,-0.022
FINANCIAL_SERVICES,2018-02-15,CDSL,625563.0,2407.0,28.4204,0.585,-0.078,5.54,NEUTRAL,0.254
FMCG,2018-02-15,CDSL,197164.0,-617.0,8.9575,0.851,0.014,4.48,NEUTRAL,0.432
HEALTHCARE,2018-02-15,CDSL,10416.0,1.0,0.4732,0.326,-0.519,16.72,DISTRIBUTION,-0.097
INFRASTRUCTURE,2018-02-15,CDSL,84873.0,-2792.0,3.8559,-0.6,-2.778,-2.71,DISTRIBUTION,-1.689
IT,2018-02-15,CDSL,251659.0,1887.0,11.4333,2.064,1.14,10.23,STRONG_ACCUMULATION,1.602
LOGISTICS,2018-02-15,CDSL,33200.0,-214.0,1.5083,-1.0,0.519,-5.19,ACCUMULATION,-0.24
MEDIA,2018-02-15,CDSL,34989.0,424.0,1.5896,0.094,1.984,5.61,ACCUMULATION,1.039
METAL,2018-02-15,CDSL,65629.0,881.0,2.9816,1.37,0.522,10.91,ACCUMULATION,0.946
PHARMA,2018-02-15,CDSL,104900.0,-383.0,4.7658,-0.788,0.52,5.47,ACCUMULATION,-0.134
REALTY,2018-02-15,CDSL,25026.0,-73.0,1.137,0.838,-0.22,6.2,NEUTRAL,0.309
SERVICES,2018-02-15,CDSL,30349.0,1036.0,1.3788,1.857,2.071,17.31,STRONG_ACCUMULATION,1.964
TELECOM,2018-02-15,CDSL,43573.0,-751.0,1.9796,0.422,-0.826,-13.91,DISTRIBUTION,-0.202
TEXTILES,2018-02-15,CDSL,37147.0,-344.0,1.6877,1.177,-2.246,2.63,DISTRIBUTION,-0.534
AUTO,2018-02-28,CDSL,184656.0,-2324.0,8.4001,0.623,-2.817,-1.79,DISTRIBUTION,-1.097
CAPITAL_GOODS,2018-02-28,CDSL,155115.0,-1254.0,7.0562,0.275,-0.719,-0.18,DISTRIBUTION,-0.222
CEMENT,2018-02-28,CDSL,56893.0,-456.0,2.5881,-0.33,-1.031,-4.12,DISTRIBUTION,-0.68
CHEMICALS,2018-02-28,CDSL,34261.0,-542.0,1.5585,-0.309,-0.777,-0.34,DISTRIBUTION,-0.543
COMMODITIES,2018-02-28,CDSL,1747.0,10.0,0.0795,1.27,-0.012,12.86,NEUTRAL,0.629
ENERGY,2018-02-28,CDSL,214643.0,-1929.0,9.7642,0.992,-1.448,-0.25,DISTRIBUTION,-0.228
FINANCIAL_SERVICES,2018-02-28,CDSL,630236.0,4005.0,28.6697,0.628,0.234,4.3,NEUTRAL,0.431
FMCG,2018-02-28,CDSL,195056.0,-1524.0,8.8732,0.609,-0.936,0.93,DISTRIBUTION,-0.164
HEALTHCARE,2018-02-28,CDSL,11259.0,652.0,0.5122,1.282,1.07,16.9,STRONG_ACCUMULATION,1.176
INFRASTRUCTURE,2018-02-28,CDSL,82970.0,-2894.0,3.7743,-1.103,-2.405,-8.29,STRONG_DISTRIBUTION,-1.754
IT,2018-02-28,CDSL,260831.0,-442.0,11.8653,2.438,0.283,14.37,NEUTRAL,1.361
LOGISTICS,2018-02-28,CDSL,32559.0,-347.0,1.4811,-1.471,0.292,-4.92,NEUTRAL,-0.59
MEDIA,2018-02-28,CDSL,34296.0,-239.0,1.5601,-0.436,0.152,-2.36,NEUTRAL,-0.142
METAL,2018-02-28,CDSL,64610.0,189.0,2.9391,1.175,-0.12,9.01,NEUTRAL,0.528
PHARMA,2018-02-28,CDSL,102455.0,-1692.0,4.6607,-0.933,-0.571,-0.05,DISTRIBUTION,-0.752
REALTY,2018-02-28,CDSL,24851.0,-157.0,1.1305,0.74,-0.427,-4.11,NEUTRAL,0.157
SERVICES,2018-02-28,CDSL,29965.0,249.0,1.3631,1.621,-0.147,11.65,NEUTRAL,0.737
TELECOM,2018-02-28,CDSL,44869.0,1284.0,2.0411,0.566,0.431,-11.62,NEUTRAL,0.498
TEXTILES,2018-02-28,CDSL,36995.0,-408.0,1.6829,1.073,-2.236,-1.87,DISTRIBUTION,-0.582
AUTO,2018-03-15,CDSL,213564.0,-2813.0,7.8976,2.197,-2.797,10.66,DISTRIBUTION,-0.3
CAPITAL_GOODS,2018-03-15,CDSL,181671.0,-1144.0,6.7182,3.32,-0.579,18.46,DISTRIBUTION,1.37
CEMENT,2018-03-15,CDSL,75585.0,-293.0,2.7951,3.638,-0.682,25.88,DISTRIBUTION,1.478
CHEMICALS,2018-03-15,CDSL,37491.0,-401.0,1.3864,1.564,-0.324,8.88,NEUTRAL,0.62
COMMODITIES,2018-03-15,CDSL,2242.0,4.0,0.0829,3.138,-0.138,32.82,NEUTRAL,1.5
ENERGY,2018-03-15,CDSL,215997.0,-2035.0,7.9875,0.985,-1.405,-0.44,DISTRIBUTION,-0.21
FINANCIAL_SERVICES,2018-03-15,CDSL,928836.0,6413.0,34.3483,4.132,0.699,51.77,ACCUMULATION,2.415
FMCG,2018-03-15,CDSL,200505.0,-812.0,7.4147,1.076,-0.108,1.71,NEUTRAL,0.484
HEALTHCARE,2018-03-15,CDSL,13982.0,1202.0,0.5171,3.408,2.13,38.46,STRONG_ACCUMULATION,2.769
INFRASTRUCTURE,2018-03-15,CDSL,81888.0,-1590.0,3.0282,-1.335,-1.199,-8.3,STRONG_DISTRIBUTION,-1.267
IT,2018-03-15,CDSL,288407.0,3998.0,10.6653,3.296,1.691,29.94,STRONG_ACCUMULATION,2.494
LOGISTICS,2018-03-15,CDSL,39957.0,126.0,1.4776,2.473,1.113,20.44,STRONG_ACCUMULATION,1.793
MEDIA,2018-03-15,CDSL,37120.0,-355.0,1.3727,1.432,-0.128,5.33,NEUTRAL,0.652
METAL,2018-03-15,CDSL,74741.0,390.0,2.7639,1.96,0.076,27.24,NEUTRAL,1.018
PHARMA,2018-03-15,CDSL,114277.0,-399.0,4.226,0.191,0.502,11.12,ACCUMULATION,0.347
REALTY,2018-03-15,CDSL,27389.0,-287.0,1.0128,1.439,-0.711,9.46,DISTRIBUTION,0.364
SERVICES,2018-03-15,CDSL,53374.0,546.0,1.9738,4.031,0.678,101.54,ACCUMULATION,2.354
TELECOM,2018-03-15,CDSL,72552.0,1589.0,2.683,3.373,0.592,38.06,ACCUMULATION,1.983
TEXTILES,2018-03-15,CDSL,44594.0,-82.0,1.6491,2.144,-0.558,16.23,DISTRIBUTION,0.793
AUTO,2018-03-31,CDSL,211034.0,-1136.0,7.9573,1.892,-1.008,4.94,DISTRIBUTION,0.442
CAPITAL_GOODS,2018-03-31,CDSL,175959.0,310.0,6.6347,2.284,0.566,8.71,ACCUMULATION,1.425
CEMENT,2018-03-31,CDSL,72062.0,-280.0,2.7172,2.498,-0.613,18.15,DISTRIBUTION,0.943
CHEMICALS,2018-03-31,CDSL,38008.0,184.0,1.4331,1.762,1.356,5.83,STRONG_ACCUMULATION,1.559
COMMODITIES,2018-03-31,CDSL,2138.0,23.0,0.0806,2.276,0.374,19.24,NEUTRAL,1.325
ENERGY,2018-03-31,CDSL,212310.0,-1564.0,8.0054,0.752,-1.053,-1.83,DISTRIBUTION,-0.15
FINANCIAL_SERVICES,2018-03-31,CDSL,916106.0,2784.0,34.5428,3.078,0.014,49.55,NEUTRAL,1.546
FMCG,2018-03-31,CDSL,199774.0,-150.0,7.5327,0.964,0.594,-0.46,ACCUMULATION,0.779
HEALTHCARE,2018-03-31,CDSL,13029.0,745.0,0.4913,2.155,1.033,22.3,STRONG_ACCUMULATION,1.594
INFRASTRUCTURE,2018-03-31,CDSL,77028.0,-588.0,2.9044,-2.287,-0.366,-16.91,NEUTRAL,-1.327
IT,2018-03-31,CDSL,283852.0,5081.0,10.703,2.501,1.833,19.7,STRONG_ACCUMULATION,2.167
LOGISTICS,2018-03-31,CDSL,38804.0,374.0,1.4631,1.731,1.477,14.26,STRONG_ACCUMULATION,1.604
MEDIA,2018-03-31,CDSL,36861.0,-70.0,1.3899,1.174,0.684,1.1,ACCUMULATION,0.929
METAL,2018-03-31,CDSL,70469.0,839.0,2.6571,1.429,0.478,7.6,NEUTRAL,0.954
PHARMA,2018-03-31,CDSL,110874.0,463.0,4.1806,-0.057,1.145,2.08,ACCUMULATION,0.544
REALTY,2018-03-31,CDSL,25437.0,-176.0,0.9591,0.782,-0.398,-6.0,NEUTRAL,0.192
SERVICES,2018-03-31,CDSL,52109.0,896.0,1.9648,2.974,1.515,84.85,STRONG_ACCUMULATION,2.244
TELECOM,2018-03-31,CDSL,70541.0,789.0,2.6598,2.574,0.086,28.41,NEUTRAL,1.33
TEXTILES,2018-03-31,CDSL,45693.0,303.0,1.7229,2.064,1.289,12.22,STRONG_ACCUMULATION,1.676
Automobiles &Auto Components,2018-04-15,CDSL,223070.0,-581.0,8.0856,,,,NEUTRAL,0.0
CAPITAL_GOODS,2018-04-15,CDSL,184474.0,-232.0,6.6866,2.678,0.138,11.97,NEUTRAL,1.408
CEMENT,2018-04-15,CDSL,71943.0,-942.0,2.6077,2.184,-1.688,13.67,DISTRIBUTION,0.248
COMMODITIES,2018-04-15,CDSL,2278.0,11.0,0.0826,2.412,0.083,15.99,NEUTRAL,1.248
Chemicals &Petrochemicals,2018-04-15,CDSL,39619.0,71.0,1.4361,,,,NEUTRAL,0.0
Commercial Services &Supplies,2018-04-15,CDSL,8564.0,-118.0,0.3104,,,,NEUTRAL,0.0
ENERGY,2018-04-15,CDSL,9923.0,-1.0,0.3597,-4.265,-0.099,-95.51,NEUTRAL,-2.182
FINANCIAL_SERVICES,2018-04-15,CDSL,951472.0,-481.0,34.4881,2.789,-0.659,48.87,DISTRIBUTION,1.065
Food &Drugs Retailing,2018-04-15,CDSL,0.0,0.0,0.0,,,,NEUTRAL,0.0
"Food, Beverages &Tobacco",2018-04-15,CDSL,112426.0,-339.0,4.0751,,,,NEUTRAL,0.0
HEALTHCARE,2018-04-15,CDSL,13901.0,279.0,0.5039,2.434,0.088,34.86,NEUTRAL,1.261
Hardware Technology &Equipment,2018-04-15,CDSL,76.0,-6.0,0.0028,,,,NEUTRAL,0.0
Healthcare Equipment &Supplies,2018-04-15,CDSL,132.0,0.0,0.0048,,,,NEUTRAL,0.0
"Hotels, Restaurants &Tourism",2018-04-15,CDSL,13559.0,234.0,0.4915,,,,NEUTRAL,0.0
Household &Personal Products,2018-04-15,CDSL,93850.0,-3.0,3.4018,,,,NEUTRAL,0.0
INFRASTRUCTURE,2018-04-15,CDSL,81877.0,-365.0,2.9678,-1.205,-0.206,-11.84,NEUTRAL,-0.706
LOGISTICS,2018-04-15,CDSL,42439.0,687.0,1.5383,2.957,1.859,19.97,STRONG_ACCUMULATION,2.408
MEDIA,2018-04-15,CDSL,37115.0,-83.0,1.3453,1.293,0.681,-1.26,ACCUMULATION,0.987
Metals &Mining,2018-04-15,CDSL,75284.0,463.0,2.7288,,,,NEUTRAL,0.0
Oil &Gas,2018-04-15,CDSL,209370.0,-871.0,7.589,,,,NEUTRAL,0.0
Pharmaceuticals &Biotechnology,2018-04-15,CDSL,114988.0,68.0,4.168,,,,NEUTRAL,0.0
REALTY,2018-04-15,CDSL,25858.0,-129.0,0.9373,0.903,-0.252,-7.41,NEUTRAL,0.326
SERVICES,2018-04-15,CDSL,29479.0,243.0,1.0685,0.374,-0.249,-2.13,NEUTRAL,0.062
Software &Services,2018-04-15,CDSL,301058.0,1867.0,10.9125,,,,NEUTRAL,0.0
TELECOM,2018-04-15,CDSL,68255.0,-348.0,2.474,2.05,-0.58,29.83,DISTRIBUTION,0.735
"Textiles, Apparels &Accessories",2018-04-15,CDSL,47834.0,150.0,1.7338,,,,NEUTRAL,0.0
Automobiles &Auto Components,2018-04-30,CDSL,224131.0,-1597.0,7.9364,,,,NEUTRAL,0.0
CAPITAL_GOODS,2018-04-30,CDSL,186141.0,-1018.0,6.5912,2.401,-0.431,15.1,NEUTRAL,0.985
CEMENT,2018-04-30,CDSL,74641.0,-782.0,2.643,2.329,-1.31,23.84,DISTRIBUTION,0.51
COMMODITIES,2018-04-30,CDSL,2283.0,82.0,0.0808,2.11,1.812,27.54,STRONG_ACCUMULATION,1.961
Chemicals &Petrochemicals,2018-04-30,CDSL,39638.0,127.0,1.4036,,,,NEUTRAL,0.0
Commercial Services &Supplies,2018-04-30,CDSL,8354.0,-177.0,0.2958,,,,NEUTRAL,0.0
ENERGY,2018-04-30,CDSL,9851.0,-13.0,0.3488,-3.156,-0.048,-95.59,NEUTRAL,-1.602
FINANCIAL_SERVICES,2018-04-30,CDSL,970666.0,-1265.0,34.3711,2.478,-0.79,46.81,DISTRIBUTION,0.844
Food &Drugs Retailing,2018-04-30,CDSL,0.0,0.0,0.0,,,,NEUTRAL,0.0
"Food, Beverages &Tobacco",2018-04-30,CDSL,120240.0,-166.0,4.2577,,,,NEUTRAL,0.0
HEALTHCARE,2018-04-30,CDSL,14060.0,257.0,0.4979,2.194,0.15,40.94,NEUTRAL,1.172
Hardware Technology &Equipment,2018-04-30,CDSL,69.0,-11.0,0.0024,,,,NEUTRAL,0.0
Healthcare Equipment &Supplies,2018-04-30,CDSL,118.0,-8.0,0.0042,,,,NEUTRAL,0.0
"Hotels, Restaurants &Tourism",2018-04-30,CDSL,13893.0,-131.0,0.4919,,,,NEUTRAL,0.0
Household &Personal Products,2018-04-30,CDSL,98473.0,-389.0,3.4869,,,,NEUTRAL,0.0
INFRASTRUCTURE,2018-04-30,CDSL,82295.0,-510.0,2.9141,-1.064,-0.329,-6.85,NEUTRAL,-0.697
LOGISTICS,2018-04-30,CDSL,43262.0,559.0,1.5319,2.682,1.609,24.78,STRONG_ACCUMULATION,2.146
MEDIA,2018-04-30,CDSL,36965.0,-600.0,1.3089,1.209,-0.744,1.7,DISTRIBUTION,0.233
Metals &Mining,2018-04-30,CDSL,75797.0,-1325.0,2.684,,,,NEUTRAL,0.0
Oil &Gas,2018-04-30,CDSL,210100.0,-820.0,7.4396,,,,NEUTRAL,0.0
Pharmaceuticals &Biotechnology,2018-04-30,CDSL,118580.0,-688.0,4.1989,,,,NEUTRAL,0.0
REALTY,2018-04-30,CDSL,27579.0,-124.0,0.9766,1.552,-0.202,4.93,NEUTRAL,0.675
SERVICES,2018-04-30,CDSL,29500.0,489.0,1.0446,0.333,0.373,-5.39,NEUTRAL,0.353
Software &Services,2018-04-30,CDSL,324241.0,2387.0,11.4813,,,,NEUTRAL,0.0
TELECOM,2018-04-30,CDSL,67570.0,-1121.0,2.3926,1.78,-0.991,49.01,DISTRIBUTION,0.395
"Textiles, Apparels &Accessories",2018-04-30,CDSL,45625.0,-431.0,1.6156,,,,NEUTRAL,0.0
AUTO,2018-05-15,NSDL,216556.0,-3257.0,7.7744,2.013,-2.637,10.12,DISTRIBUTION,-0.312
CAPITAL_GOODS,2018-05-15,NSDL,179834.0,-1079.0,6.4561,1.656,-0.421,13.58,NEUTRAL,0.617
CEMENT,2018-05-15,NSDL,71753.0,-404.0,2.5759,1.651,-0.55,23.97,DISTRIBUTION,0.55
CHEMICALS,2018-05-15,NSDL,38824.0,422.0,1.3938,2.117,1.837,3.63,STRONG_ACCUMULATION,1.977
COMMODITIES,2018-05-15,NSDL,2139.0,83.0,0.0768,1.476,1.685,20.37,STRONG_ACCUMULATION,1.581
ENERGY,2018-05-15,NSDL,223035.0,-287.0,8.007,0.684,-0.2,3.9,NEUTRAL,0.242
FINANCIAL_SERVICES,2018-05-15,NSDL,985472.0,58.0,35.3786,2.233,-0.396,57.53,NEUTRAL,0.919
FMCG,2018-05-15,NSDL,213703.0,-902.0,7.672,2.342,-0.283,5.59,NEUTRAL,1.03
HEALTHCARE,2018-05-15,NSDL,13952.0,189.0,0.5009,1.876,-0.059,33.95,NEUTRAL,0.908
INFRASTRUCTURE,2018-05-15,NSDL,80470.0,-677.0,2.8889,-1.425,-0.472,-5.19,NEUTRAL,-0.949
IT,2018-05-15,NSDL,316495.0,2439.0,11.3622,3.098,0.973,31.6,ACCUMULATION,2.035
LOGISTICS,2018-05-15,NSDL,41989.0,24.0,1.5074,1.932,0.778,26.47,ACCUMULATION,1.355
MEDIA,2018-05-15,NSDL,36194.0,-427.0,1.2994,0.72,-0.225,3.44,NEUTRAL,0.247
METAL,2018-05-15,NSDL,74390.0,-1685.0,2.6706,1.638,-1.727,7.38,DISTRIBUTION,-0.045
PHARMA,2018-05-15,NSDL,109906.0,-833.0,3.9456,-0.077,-0.031,0.48,NEUTRAL,-0.054
REALTY,2018-05-15,NSDL,26131.0,-35.0,0.9381,0.897,0.058,4.42,NEUTRAL,0.478
SERVICES,2018-05-15,NSDL,48356.0,93.0,1.736,2.174,-0.746,59.33,DISTRIBUTION,0.714
TELECOM,2018-05-15,NSDL,63108.0,-407.0,2.2656,1.296,-0.553,44.83,DISTRIBUTION,0.371
TEXTILES,2018-05-15,NSDL,43195.0,-1137.0,1.5507,1.529,-3.662,5.0,DISTRIBUTION,-1.067
AUTO,2018-05-31,NSDL,213128.0,-3886.0,7.8833,1.692,-2.631,7.88,DISTRIBUTION,-0.469
CAPITAL_GOODS,2018-05-31,NSDL,175110.0,-1466.0,6.4771,1.163,-0.703,12.89,DISTRIBUTION,0.23
CEMENT,2018-05-31,NSDL,66756.0,-1504.0,2.4692,0.743,-2.386,17.34,DISTRIBUTION,-0.822
CHEMICALS,2018-05-31,NSDL,38555.0,331.0,1.4261,1.805,1.451,7.14,STRONG_ACCUMULATION,1.628
COMMODITIES,2018-05-31,NSDL,1964.0,-35.0,0.0726,0.836,-1.033,12.42,DISTRIBUTION,-0.098
ENERGY,2018-05-31,NSDL,212641.0,-1989.0,7.8653,0.474,-1.203,-0.93,DISTRIBUTION,-0.365
FINANCIAL_SERVICES,2018-05-31,NSDL,985108.0,-772.0,36.4379,1.963,-0.568,56.31,DISTRIBUTION,0.698
FMCG,2018-05-31,NSDL,217781.0,-1167.0,8.0554,2.454,-0.531,8.43,DISTRIBUTION,0.962
HEALTHCARE,2018-05-31,NSDL,13161.0,249.0,0.4868,1.269,0.102,16.89,NEUTRAL,0.685
INFRASTRUCTURE,2018-05-31,NSDL,80888.0,553.0,2.9919,-1.24,0.508,-2.51,ACCUMULATION,-0.366
IT,2018-05-31,NSDL,264011.0,-209.0,9.7654,0.968,0.203,0.0,NEUTRAL,0.586
LOGISTICS,2018-05-31,NSDL,40515.0,164.0,1.4986,1.293,0.974,24.44,ACCUMULATION,1.133
MEDIA,2018-05-31,NSDL,35586.0,-56.0,1.3163,0.36,0.794,3.76,ACCUMULATION,0.577
METAL,2018-05-31,NSDL,69984.0,-1046.0,2.5886,1.144,-1.058,4.32,DISTRIBUTION,0.043
PHARMA,2018-05-31,NSDL,107706.0,-259.0,3.9839,-0.255,0.452,-0.13,NEUTRAL,0.099
REALTY,2018-05-31,NSDL,25603.0,87.0,0.947,0.589,0.393,3.03,NEUTRAL,0.491
SERVICES,2018-05-31,NSDL,49753.0,1491.0,1.8403,2.034,2.663,66.04,STRONG_ACCUMULATION,2.348
TELECOM,2018-05-31,NSDL,62708.0,-39.0,2.3195,1.168,-0.341,39.76,NEUTRAL,0.413
TEXTILES,2018-05-31,NSDL,42568.0,-749.0,1.5745,1.323,-2.099,11.28,DISTRIBUTION,-0.388
AUTO,2018-06-15,NSDL,214791.0,-2628.0,7.7532,1.684,-1.503,13.38,DISTRIBUTION,0.091
CAPITAL_GOODS,2018-06-15,NSDL,171451.0,-1916.0,6.1888,0.808,-1.037,-5.63,DISTRIBUTION,-0.114
CEMENT,2018-06-15,NSDL,64931.0,-1456.0,2.3438,0.417,-2.264,-14.1,DISTRIBUTION,-0.923
CHEMICALS,2018-06-15,NSDL,37837.0,326.0,1.3658,1.288,1.321,9.58,STRONG_ACCUMULATION,1.304
COMMODITIES,2018-06-15,NSDL,1860.0,-49.0,0.0671,0.454,-1.267,-17.04,DISTRIBUTION,-0.406
ENERGY,2018-06-15,NSDL,225024.0,-1368.0,8.1225,0.657,-0.741,4.18,DISTRIBUTION,-0.042
FINANCIAL_SERVICES,2018-06-15,NSDL,975170.0,205.0,35.2001,1.703,-0.301,4.99,NEUTRAL,0.701
FMCG,2018-06-15,NSDL,212529.0,-1980.0,7.6715,1.781,-1.388,7.79,DISTRIBUTION,0.197
HEALTHCARE,2018-06-15,NSDL,13574.0,232.0,0.49,1.418,0.095,-2.92,NEUTRAL,0.756
INFRASTRUCTURE,2018-06-15,NSDL,78838.0,2215.0,2.8458,-1.559,1.713,-3.72,ACCUMULATION,0.077
IT,2018-06-15,NSDL,330841.0,-2892.0,11.9422,2.805,-0.607,31.46,DISTRIBUTION,1.099
LOGISTICS,2018-06-15,NSDL,39268.0,602.0,1.4174,0.821,1.569,-1.72,ACCUMULATION,1.195
MEDIA,2018-06-15,NSDL,35278.0,-176.0,1.2734,0.191,0.395,-4.96,NEUTRAL,0.293
METAL,2018-06-15,NSDL,68982.0,-818.0,2.49,0.984,-0.858,5.11,DISTRIBUTION,0.063
PHARMA,2018-06-15,NSDL,118226.0,-465.0,4.2675,1.289,0.277,12.7,NEUTRAL,0.783
REALTY,2018-06-15,NSDL,25106.0,70.0,0.9062,0.296,0.455,-8.34,NEUTRAL,0.376
SERVICES,2018-06-15,NSDL,51271.0,2356.0,1.8507,1.929,3.423,-3.94,STRONG_ACCUMULATION,2.676
TELECOM,2018-06-15,NSDL,62509.0,192.0,2.2563,1.067,-0.208,-13.84,NEUTRAL,0.429
TEXTILES,2018-06-15,NSDL,42877.0,-196.0,1.5477,1.272,-0.398,15.43,NEUTRAL,0.437
AUTO,2018-06-30,NSDL,208053.0,-905.0,7.6987,1.202,-0.229,12.67,NEUTRAL,0.486
CAPITAL_GOODS,2018-06-30,NSDL,160208.0,-2945.0,5.9283,-0.119,-1.78,-8.95,DISTRIBUTION,-0.95
CEMENT,2018-06-30,NSDL,63800.0,-874.0,2.3608,0.194,-1.025,-11.47,DISTRIBUTION,-0.415
CHEMICALS,2018-06-30,NSDL,34821.0,-148.0,1.2885,-0.747,0.043,1.63,NEUTRAL,-0.352
COMMODITIES,2018-06-30,NSDL,1657.0,-19.0,0.0613,-0.238,-0.583,-22.5,DISTRIBUTION,-0.41
ENERGY,2018-06-30,NSDL,212027.0,-1380.0,7.8457,0.4,-0.692,-0.13,DISTRIBUTION,-0.146
FINANCIAL_SERVICES,2018-06-30,NSDL,974983.0,455.0,36.0778,1.544,-0.175,6.43,NEUTRAL,0.684
FMCG,2018-06-30,NSDL,203311.0,-2108.0,7.5232,0.74,-1.433,4.23,DISTRIBUTION,-0.347
HEALTHCARE,2018-06-30,NSDL,13848.0,267.0,0.5124,1.452,0.272,6.29,NEUTRAL,0.862
INFRASTRUCTURE,2018-06-30,NSDL,76490.0,1089.0,2.8304,-1.868,0.763,-0.7,ACCUMULATION,-0.552
IT,2018-06-30,NSDL,328092.0,-3161.0,12.1406,2.308,-0.654,25.79,DISTRIBUTION,0.827
LOGISTICS,2018-06-30,NSDL,31743.0,2761.0,1.1746,-1.631,3.382,-18.2,ACCUMULATION,0.876
MEDIA,2018-06-30,NSDL,33569.0,-377.0,1.2422,-0.905,-0.192,-8.93,NEUTRAL,-0.548
METAL,2018-06-30,NSDL,67248.0,-525.0,2.4884,0.761,-0.612,4.08,DISTRIBUTION,0.075
PHARMA,2018-06-30,NSDL,115889.0,-233.0,4.2883,1.149,0.516,13.11,ACCUMULATION,0.833
REALTY,2018-06-30,NSDL,24973.0,103.0,0.9241,0.163,0.662,-1.82,ACCUMULATION,0.413
SERVICES,2018-06-30,NSDL,46370.0,161.0,1.7159,1.36,-0.667,-11.01,DISTRIBUTION,0.347
TELECOM,2018-06-30,NSDL,63091.0,360.0,2.3346,1.034,-0.099,-10.56,NEUTRAL,0.468
TEXTILES,2018-06-30,NSDL,42271.0,64.0,1.5642,1.096,0.384,14.26,NEUTRAL,0.74
AUTO,2018-07-15,NSDL,214353.0,-773.0,7.7475,1.482,-0.11,0.37,NEUTRAL,0.686
CAPITAL_GOODS,2018-07-15,NSDL,163220.0,-1989.0,5.8994,0.101,-0.881,-11.52,DISTRIBUTION,-0.39
CEMENT,2018-07-15,NSDL,63318.0,-1175.0,2.2885,0.075,-1.486,-11.99,DISTRIBUTION,-0.706
CHEMICALS,2018-07-15,NSDL,33558.0,-435.0,1.2129,-1.485,-0.774,-10.49,DISTRIBUTION,-1.13
COMMODITIES,2018-07-15,NSDL,1562.0,-15.0,0.0565,-0.548,-0.467,-31.43,NEUTRAL,-0.508
ENERGY,2018-07-15,NSDL,232497.0,-585.0,8.4033,0.716,-0.121,2243.01,NEUTRAL,0.297
FINANCIAL_SERVICES,2018-07-15,NSDL,997621.0,-2800.0,36.0576,1.53,-1.174,4.85,DISTRIBUTION,0.178
FMCG,2018-07-15,NSDL,209210.0,-1367.0,7.5616,1.319,-0.483,4.34,NEUTRAL,0.418
HEALTHCARE,2018-07-15,NSDL,13598.0,85.0,0.4915,1.232,-0.278,-2.18,NEUTRAL,0.477
INFRASTRUCTURE,2018-07-15,NSDL,75602.0,-644.0,2.7325,-1.837,-0.548,-7.66,DISTRIBUTION,-1.192
IT,2018-07-15,NSDL,338929.0,-3291.0,12.2501,2.237,-0.655,17.52,DISTRIBUTION,0.791
LOGISTICS,2018-07-15,NSDL,33339.0,3339.0,1.205,-1.055,3.036,-21.44,ACCUMULATION,0.991
MEDIA,2018-07-15,NSDL,31794.0,-437.0,1.1492,-1.86,-0.357,-14.34,NEUTRAL,-1.109
METAL,2018-07-15,NSDL,63000.0,-911.0,2.277,0.266,-1.002,-15.71,DISTRIBUTION,-0.368
PHARMA,2018-07-15,NSDL,116166.0,-126.0,4.1987,1.461,0.618,1.65,ACCUMULATION,1.04
REALTY,2018-07-15,NSDL,25766.0,116.0,0.9313,0.54,0.68,-0.36,ACCUMULATION,0.61
SERVICES,2018-07-15,NSDL,50986.0,45.0,1.8428,1.606,-0.857,72.96,DISTRIBUTION,0.375
TELECOM,2018-07-15,NSDL,61073.0,358.0,2.2074,0.802,-0.093,-10.52,NEUTRAL,0.355
TEXTILES,2018-07-15,NSDL,41148.0,-270.0,1.4872,0.852,-0.571,-7.73,DISTRIBUTION,0.141
AUTO,2018-07-31,NSDL,214091.0,-1269.0,7.5215,1.352,-0.425,1.45,NEUTRAL,0.464
CAPITAL_GOODS,2018-07-31,NSDL,167091.0,191.0,5.8703,0.373,0.973,-10.23,ACCUMULATION,0.673
CEMENT,2018-07-31,NSDL,68727.0,-131.0,2.4145,0.938,0.43,-7.92,NEUTRAL,0.684
CHEMICALS,2018-07-31,NSDL,36265.0,115.0,1.2741,0.258,0.729,-4.59,ACCUMULATION,0.493
COMMODITIES,2018-07-31,NSDL,1641.0,-4.0,0.0577,-0.3,-0.199,-28.12,NEUTRAL,-0.249
ENERGY,2018-07-31,NSDL,248799.0,1542.0,8.7408,0.935,1.34,2425.62,ACCUMULATION,1.138
FINANCIAL_SERVICES,2018-07-31,NSDL,1029601.0,132.0,36.172,1.563,-0.059,6.07,NEUTRAL,0.752
FMCG,2018-07-31,NSDL,216669.0,-897.0,7.612,1.925,0.156,8.46,NEUTRAL,1.04
HEALTHCARE,2018-07-31,NSDL,13230.0,-182.0,0.4648,0.964,-1.099,-5.9,DISTRIBUTION,-0.068
INFRASTRUCTURE,2018-07-31,NSDL,79243.0,332.0,2.784,-1.105,0.29,-3.71,NEUTRAL,-0.407
IT,2018-07-31,NSDL,341770.0,-136.0,12.0071,2.017,0.377,20.4,NEUTRAL,1.197
LOGISTICS,2018-07-31,NSDL,33771.0,1015.0,1.1864,-0.878,0.952,-21.94,ACCUMULATION,0.037
MEDIA,2018-07-31,NSDL,31803.0,-285.0,1.1173,-1.749,0.054,-13.96,NEUTRAL,-0.848
METAL,2018-07-31,NSDL,63315.0,-1503.0,2.2244,0.237,-1.586,-10.15,DISTRIBUTION,-0.675
PHARMA,2018-07-31,NSDL,116498.0,-795.0,4.0928,1.412,-0.059,5.07,NEUTRAL,0.676
REALTY,2018-07-31,NSDL,26073.0,-32.0,0.916,0.653,0.326,-5.46,NEUTRAL,0.49
SERVICES,2018-07-31,NSDL,52884.0,210.0,1.8579,1.604,-0.54,79.27,DISTRIBUTION,0.532
TELECOM,2018-07-31,NSDL,62018.0,-96.0,2.1788,0.817,-0.357,-8.22,NEUTRAL,0.23
TEXTILES,2018-07-31,NSDL,42911.0,-525.0,1.5076,1.067,-1.248,-6.09,DISTRIBUTION,-0.091
AUTO,2018-08-15,NSDL,211016.0,-1626.0,7.3466,1.074,-0.641,-2.56,DISTRIBUTION,0.217
CAPITAL_GOODS,2018-08-15,NSDL,167204.0,1103.0,5.8213,0.319,1.59,-7.02,ACCUMULATION,0.955
CEMENT,2018-08-15,NSDL,68627.0,461.0,2.3893,0.855,1.422,-4.36,ACCUMULATION,1.139
CHEMICALS,2018-08-15,NSDL,35233.0,91.0,1.2267,-0.375,0.687,-9.25,ACCUMULATION,0.156
COMMODITIES,2018-08-15,NSDL,1668.0,-6.0,0.0581,-0.23,-0.241,-22.02,NEUTRAL,-0.235
ENERGY,2018-08-15,NSDL,252194.0,280.0,8.7803,0.928,0.552,13.07,ACCUMULATION,0.74
FINANCIAL_SERVICES,2018-08-15,NSDL,1035318.0,4055.0,36.0452,1.456,1.341,5.06,STRONG_ACCUMULATION,1.398
FMCG,2018-08-15,NSDL,221422.0,156.0,7.7089,2.111,1.483,3.61,STRONG_ACCUMULATION,1.797
HEALTHCARE,2018-08-15,NSDL,14437.0,-25.0,0.5026,1.475,-0.626,3.48,DISTRIBUTION,0.425
INFRASTRUCTURE,2018-08-15,NSDL,80445.0,1609.0,2.8007,-0.835,1.249,-0.03,ACCUMULATION,0.207
IT,2018-08-15,NSDL,350357.0,782.0,12.1979,1.956,0.627,10.7,ACCUMULATION,1.292
LOGISTICS,2018-08-15,NSDL,33131.0,-38.0,1.1535,-1.015,0.049,-21.1,NEUTRAL,-0.483
MEDIA,2018-08-15,NSDL,31285.0,-409.0,1.0892,-1.846,-0.335,-13.56,NEUTRAL,-1.091
METAL,2018-08-15,NSDL,63962.0,-1004.0,2.2269,0.243,-1.209,-14.02,DISTRIBUTION,-0.483
PHARMA,2018-08-15,NSDL,119951.0,-167.0,4.1762,1.854,0.504,9.14,ACCUMULATION,1.179
REALTY,2018-08-15,NSDL,26343.0,-103.0,0.9171,0.748,0.181,0.81,NEUTRAL,0.465
SERVICES,2018-08-15,NSDL,53852.0,-87.0,1.8749,1.534,-1.032,11.37,DISTRIBUTION,0.251
TELECOM,2018-08-15,NSDL,60159.0,-32.0,2.0945,0.597,-0.3,-4.67,NEUTRAL,0.148
TEXTILES,2018-08-15,NSDL,45676.0,-98.0,1.5902,1.42,0.064,5.74,NEUTRAL,0.742
AUTO,2018-08-31,NSDL,211946.0,-624.0,7.2114,1.055,0.199,-0.55,NEUTRAL,0.627
CAPITAL_GOODS,2018-08-31,NSDL,174485.0,1772.0,5.9368,0.909,1.952,-0.36,ACCUMULATION,1.43
CEMENT,2018-08-31,NSDL,72167.0,-336.0,2.4555,1.349,0.055,8.11,NEUTRAL,0.702
CHEMICALS,2018-08-31,NSDL,38050.0,-122.0,1.2946,1.349,0.122,-1.31,NEUTRAL,0.736
COMMODITIES,2018-08-31,NSDL,1720.0,37.0,0.0585,-0.07,0.676,-12.42,ACCUMULATION,0.303
ENERGY,2018-08-31,NSDL,256666.0,-608.0,8.733,0.946,-0.038,20.7,NEUTRAL,0.454
FINANCIAL_SERVICES,2018-08-31,NSDL,1029787.0,-1364.0,35.0384,1.308,-0.622,4.54,DISTRIBUTION,0.343
FMCG,2018-08-31,NSDL,231656.0,459.0,7.8821,2.555,1.699,6.37,STRONG_ACCUMULATION,2.127
HEALTHCARE,2018-08-31,NSDL,15186.0,239.0,0.5167,1.675,0.21,15.39,NEUTRAL,0.943
INFRASTRUCTURE,2018-08-31,NSDL,87130.0,2257.0,2.9646,0.356,1.624,7.72,ACCUMULATION,0.99
IT,2018-08-31,NSDL,365685.0,-666.0,12.4424,2.013,0.116,38.51,NEUTRAL,1.065
LOGISTICS,2018-08-31,NSDL,32484.0,-312.0,1.1053,-1.134,-0.208,-19.82,NEUTRAL,-0.671
MEDIA,2018-08-31,NSDL,30380.0,-536.0,1.0337,-2.037,-0.662,-14.63,DISTRIBUTION,-1.349
METAL,2018-08-31,NSDL,69256.0,-321.0,2.3564,0.881,-0.548,-1.04,DISTRIBUTION,0.166
PHARMA,2018-08-31,NSDL,131523.0,1215.0,4.4751,2.957,1.861,22.11,STRONG_ACCUMULATION,2.409
REALTY,2018-08-31,NSDL,26069.0,-270.0,0.887,0.536,-0.442,1.82,NEUTRAL,0.047
SERVICES,2018-08-31,NSDL,57445.0,309.0,1.9546,1.649,-0.312,15.46,NEUTRAL,0.668
TELECOM,2018-08-31,NSDL,61277.0,305.0,2.0849,0.638,-0.074,-2.28,NEUTRAL,0.282
TEXTILES,2018-08-31,NSDL,46115.0,255.0,1.5691,1.396,1.083,8.33,STRONG_ACCUMULATION,1.24
AUTO,2018-09-15,NSDL,207213.0,-119.0,7.2226,0.69,0.601,-3.53,ACCUMULATION,0.645
CAPITAL_GOODS,2018-09-15,NSDL,169338.0,369.0,5.9025,0.4,0.867,-1.23,ACCUMULATION,0.633
CEMENT,2018-09-15,NSDL,68874.0,-718.0,2.4007,0.729,-0.611,6.07,DISTRIBUTION,0.059
CHEMICALS,2018-09-15,NSDL,38356.0,244.0,1.3369,1.463,1.103,1.37,STRONG_ACCUMULATION,1.283
COMMODITIES,2018-09-15,NSDL,1717.0,58.0,0.0598,-0.119,1.062,-7.69,ACCUMULATION,0.472
ENERGY,2018-09-15,NSDL,256268.0,-1119.0,8.9325,0.885,-0.397,13.88,NEUTRAL,0.244
FINANCIAL_SERVICES,2018-09-15,NSDL,998100.0,-6936.0,34.7898,1.05,-2.299,2.35,DISTRIBUTION,-0.624
FMCG,2018-09-15,NSDL,208861.0,15.0,7.2801,0.616,1.096,-1.73,ACCUMULATION,0.856
HEALTHCARE,2018-09-15,NSDL,14624.0,183.0,0.5097,1.287,0.057,7.74,NEUTRAL,0.672
INFRASTRUCTURE,2018-09-15,NSDL,86074.0,1676.0,3.0002,0.183,1.105,9.18,ACCUMULATION,0.644
IT,2018-09-15,NSDL,370322.0,2340.0,12.908,1.87,1.039,11.93,STRONG_ACCUMULATION,1.454
LOGISTICS,2018-09-15,NSDL,31312.0,-561.0,1.0914,-1.369,-0.423,-20.26,NEUTRAL,-0.896
MEDIA,2018-09-15,NSDL,28607.0,-376.0,0.9971,-2.45,-0.091,-18.91,NEUTRAL,-1.271
METAL,2018-09-15,NSDL,71065.0,-387.0,2.477,1.102,-0.592,3.02,DISTRIBUTION,0.255
PHARMA,2018-09-15,NSDL,134479.0,949.0,4.6874,2.755,1.445,13.75,STRONG_ACCUMULATION,2.1
REALTY,2018-09-15,NSDL,25227.0,-348.0,0.8793,-0.043,-0.764,0.48,DISTRIBUTION,-0.404
SERVICES,2018-09-15,NSDL,53613.0,-125.0,1.8687,1.249,-1.029,4.57,DISTRIBUTION,0.11
TELECOM,2018-09-15,NSDL,59857.0,39.0,2.0864,0.453,-0.221,-4.24,NEUTRAL,0.116
TEXTILES,2018-09-15,NSDL,45036.0,443.0,1.5698,1.14,1.531,5.04,STRONG_ACCUMULATION,1.335
AUTO,2018-09-30,NSDL,181485.0,-2132.0,6.8101,-1.034,-0.961,-12.77,DISTRIBUTION,-0.998
CAPITAL_GOODS,2018-09-30,NSDL,153150.0,-604.0,5.7468,-1.098,0.096,-4.41,NEUTRAL,-0.501
CEMENT,2018-09-30,NSDL,65453.0,-650.0,2.4561,0.099,-0.451,2.59,NEUTRAL,-0.176
CHEMICALS,2018-09-30,NSDL,34679.0,212.0,1.3013,-0.703,0.94,-0.41,ACCUMULATION,0.118
COMMODITIES,2018-09-30,NSDL,1463.0,9.0,0.0549,-1.017,-0.031,-11.71,NEUTRAL,-0.524
ENERGY,2018-09-30,NSDL,256421.0,-119.0,9.622,0.84,0.31,20.94,NEUTRAL,0.575
FINANCIAL_SERVICES,2018-09-30,NSDL,894135.0,-6442.0,33.5518,0.44,-1.945,-8.29,DISTRIBUTION,-0.753
FMCG,2018-09-30,NSDL,206406.0,-192.0,7.7452,0.373,0.844,1.52,ACCUMULATION,0.609
HEALTHCARE,2018-09-30,NSDL,13581.0,-78.0,0.5096,0.73,-0.747,-1.93,DISTRIBUTION,-0.009
INFRASTRUCTURE,2018-09-30,NSDL,80199.0,753.0,3.0094,-0.804,0.387,4.85,NEUTRAL,-0.209
IT,2018-09-30,NSDL,367553.0,-1061.0,13.7922,1.638,-0.054,12.03,NEUTRAL,0.792
LOGISTICS,2018-09-30,NSDL,27363.0,-368.0,1.0268,-2.157,-0.244,-13.8,NEUTRAL,-1.2
MEDIA,2018-09-30,NSDL,26445.0,119.0,0.9923,-2.727,1.44,-21.22,ACCUMULATION,-0.643
METAL,2018-09-30,NSDL,67264.0,315.0,2.524,0.457,0.114,0.02,NEUTRAL,0.286
PHARMA,2018-09-30,NSDL,125137.0,415.0,4.6957,1.546,0.874,7.98,ACCUMULATION,1.21
REALTY,2018-09-30,NSDL,21131.0,-130.0,0.7929,-2.489,0.034,-15.38,NEUTRAL,-1.228
SERVICES,2018-09-30,NSDL,47202.0,-686.0,1.7712,0.695,-1.84,1.79,DISTRIBUTION,-0.573
TELECOM,2018-09-30,NSDL,54039.0,-47.0,2.0278,-0.15,-0.266,-14.35,NEUTRAL,-0.208
TEXTILES,2018-09-30,NSDL,41836.0,158.0,1.5699,0.515,0.698,-1.03,ACCUMULATION,0.607
AUTO,2018-10-15,NSDL,170664.0,-4262.0,6.6685,-1.699,-2.283,-20.38,STRONG_DISTRIBUTION,-1.991
CAPITAL_GOODS,2018-10-15,NSDL,146761.0,-1483.0,5.7345,-1.584,-0.591,-10.08,DISTRIBUTION,-1.087
CEMENT,2018-10-15,NSDL,58928.0,-1550.0,2.3025,-1.018,-1.92,-6.93,STRONG_DISTRIBUTION,-1.469
CHEMICALS,2018-10-15,NSDL,33614.0,-282.0,1.3134,-1.262,-0.436,0.17,NEUTRAL,-0.849
COMMODITIES,2018-10-15,NSDL,1481.0,-1.0,0.0579,-0.984,-0.326,-5.19,NEUTRAL,-0.655
ENERGY,2018-10-15,NSDL,230138.0,-1879.0,8.9923,0.367,-1.063,-1.01,DISTRIBUTION,-0.348
FINANCIAL_SERVICES,2018-10-15,NSDL,890458.0,-7095.0,34.7935,0.377,-1.893,-10.74,DISTRIBUTION,-0.758
FMCG,2018-10-15,NSDL,195172.0,-1771.0,7.6261,-0.615,-0.947,-6.71,DISTRIBUTION,-0.781
HEALTHCARE,2018-10-15,NSDL,14275.0,-42.0,0.5578,0.985,-0.636,4.98,DISTRIBUTION,0.174
INFRASTRUCTURE,2018-10-15,NSDL,80383.0,590.0,3.1409,-0.712,0.262,6.32,NEUTRAL,-0.225
IT,2018-10-15,NSDL,339017.0,-7051.0,13.2467,1.037,-1.779,0.03,DISTRIBUTION,-0.371
LOGISTICS,2018-10-15,NSDL,26656.0,-361.0,1.0415,-2.039,-0.243,-20.05,NEUTRAL,-1.141
MEDIA,2018-10-15,NSDL,28142.0,389.0,1.0996,-1.881,2.124,-11.49,ACCUMULATION,0.122
METAL,2018-10-15,NSDL,65075.0,537.0,2.5427,-0.002,0.355,3.29,NEUTRAL,0.176
PHARMA,2018-10-15,NSDL,122493.0,655.0,4.7863,1.162,1.037,5.45,STRONG_ACCUMULATION,1.099
REALTY,2018-10-15,NSDL,20033.0,-138.0,0.7828,-2.688,0.03,-22.25,NEUTRAL,-1.329
SERVICES,2018-10-15,NSDL,46891.0,-524.0,1.8322,0.613,-1.489,-8.03,DISTRIBUTION,-0.438
TELECOM,2018-10-15,NSDL,49906.0,-1671.0,1.95,-0.635,-1.191,-18.28,DISTRIBUTION,-0.913
TEXTILES,2018-10-15,NSDL,39178.0,-621.0,1.5308,-0.062,-1.378,-4.79,DISTRIBUTION,-0.72
AUTO,2018-10-31,NSDL,161303.0,-3500.0,6.4026,-2.134,-1.569,-24.66,STRONG_DISTRIBUTION,-1.851
CAPITAL_GOODS,2018-10-31,NSDL,148702.0,-1972.0,5.9024,-1.434,-0.972,-11.01,DISTRIBUTION,-1.203
CEMENT,2018-10-31,NSDL,53970.0,-2356.0,2.1422,-1.804,-2.692,-21.47,STRONG_DISTRIBUTION,-2.248
CHEMICALS,2018-10-31,NSDL,34086.0,-371.0,1.353,-0.949,-0.654,-6.01,DISTRIBUTION,-0.801
COMMODITIES,2018-10-31,NSDL,1476.0,-3.0,0.0586,-1.038,-0.44,-10.05,NEUTRAL,-0.739
ENERGY,2018-10-31,NSDL,216597.0,-3669.0,8.5974,0.127,-2.389,-12.94,DISTRIBUTION,-1.131
FINANCIAL_SERVICES,2018-10-31,NSDL,877410.0,-8299.0,34.827,0.254,-1.965,-14.78,DISTRIBUTION,-0.856
FMCG,2018-10-31,NSDL,196878.0,-1835.0,7.8147,-0.485,-0.978,-9.13,DISTRIBUTION,-0.732
HEALTHCARE,2018-10-31,NSDL,14328.0,76.0,0.5687,0.942,-0.274,8.3,NEUTRAL,0.334
INFRASTRUCTURE,2018-10-31,NSDL,82345.0,594.0,3.2685,-0.321,0.248,3.91,NEUTRAL,-0.037
IT,2018-10-31,NSDL,334916.0,-6789.0,13.2938,0.892,-1.659,-2.01,DISTRIBUTION,-0.384
LOGISTICS,2018-10-31,NSDL,26508.0,-480.0,1.0522,-1.849,-0.374,-21.51,NEUTRAL,-1.111
MEDIA,2018-10-31,NSDL,27220.0,343.0,1.0804,-1.942,1.765,-14.41,ACCUMULATION,-0.089
METAL,2018-10-31,NSDL,62040.0,-251.0,2.4625,-0.682,-0.405,-2.01,NEUTRAL,-0.544
PHARMA,2018-10-31,NSDL,122956.0,988.0,4.8805,1.122,1.368,5.54,STRONG_ACCUMULATION,1.245
REALTY,2018-10-31,NSDL,20858.0,-28.0,0.8279,-2.123,0.652,-20.0,ACCUMULATION,-0.736
SERVICES,2018-10-31,NSDL,47227.0,-361.0,1.8746,0.582,-1.167,-10.7,DISTRIBUTION,-0.293
TELECOM,2018-10-31,NSDL,50193.0,-1204.0,1.9923,-0.709,-0.879,-19.07,DISTRIBUTION,-0.794
TEXTILES,2018-10-31,NSDL,40327.0,-578.0,1.6007,0.101,-1.165,-6.02,DISTRIBUTION,-0.532
AUTO,2018-11-15,NSDL,174013.0,-752.0,6.6143,-1.321,0.323,-17.54,NEUTRAL,-0.499
CAPITAL_GOODS,2018-11-15,NSDL,157328.0,98.0,5.9801,-0.681,0.574,-5.91,ACCUMULATION,-0.054
CEMENT,2018-11-15,NSDL,57700.0,-1536.0,2.1932,-1.164,-1.357,-15.92,STRONG_DISTRIBUTION,-1.26
CHEMICALS,2018-11-15,NSDL,38248.0,82.0,1.4538,1.311,0.55,8.56,ACCUMULATION,0.93
COMMODITIES,2018-11-15,NSDL,1526.0,-18.0,0.058,-0.907,-0.897,-8.51,DISTRIBUTION,-0.902
ENERGY,2018-11-15,NSDL,223774.0,-1581.0,8.5058,0.235,-0.792,-11.27,DISTRIBUTION,-0.279
FINANCIAL_SERVICES,2018-11-15,NSDL,935285.0,-4170.0,35.5508,0.529,-0.887,-9.66,DISTRIBUTION,-0.179
FMCG,2018-11-15,NSDL,212941.0,-38.0,8.094,0.847,0.979,-3.83,ACCUMULATION,0.913
HEALTHCARE,2018-11-15,NSDL,15672.0,89.0,0.5957,1.481,-0.239,8.55,NEUTRAL,0.621
INFRASTRUCTURE,2018-11-15,NSDL,83214.0,660.0,3.163,-0.113,0.287,3.44,NEUTRAL,0.087
IT,2018-11-15,NSDL,322250.0,-3206.0,12.2489,0.604,-0.675,-8.02,DISTRIBUTION,-0.036
LOGISTICS,2018-11-15,NSDL,38311.0,-325.0,1.4562,0.715,-0.277,15.63,NEUTRAL,0.219
MEDIA,2018-11-15,NSDL,26294.0,352.0,0.9995,-1.975,1.617,-15.95,ACCUMULATION,-0.179
METAL,2018-11-15,NSDL,63360.0,-387.0,2.4084,-0.47,-0.49,-0.94,NEUTRAL,-0.48
PHARMA,2018-11-15,NSDL,119605.0,1114.0,4.5463,0.705,1.414,-0.29,ACCUMULATION,1.059
REALTY,2018-11-15,NSDL,21397.0,53.0,0.8133,-1.754,1.025,-18.78,ACCUMULATION,-0.365
SERVICES,2018-11-15,NSDL,48569.0,-227.0,1.8461,0.634,-0.933,-9.81,DISTRIBUTION,-0.15
TELECOM,2018-11-15,NSDL,50104.0,592.0,1.9045,-0.813,0.162,-16.71,NEUTRAL,-0.325
TEXTILES,2018-11-15,NSDL,41251.0,431.0,1.568,0.24,1.427,-9.69,ACCUMULATION,0.834
AUTO,2018-11-30,NSDL,177753.0,426.0,6.6193,-1.105,1.084,-16.13,ACCUMULATION,-0.01
CAPITAL_GOODS,2018-11-30,NSDL,158673.0,1248.0,5.9088,-0.551,1.368,-9.06,ACCUMULATION,0.409
CEMENT,2018-11-30,NSDL,58929.0,-325.0,2.1944,-0.922,0.406,-18.34,NEUTRAL,-0.258
CHEMICALS,2018-11-30,NSDL,38708.0,407.0,1.4414,1.436,1.324,1.73,STRONG_ACCUMULATION,1.38
COMMODITIES,2018-11-30,NSDL,1491.0,-17.0,0.0555,-1.048,-0.917,-13.31,DISTRIBUTION,-0.983
ENERGY,2018-11-30,NSDL,231629.0,219.0,8.6255,0.359,0.685,-9.75,ACCUMULATION,0.522
FINANCIAL_SERVICES,2018-11-30,NSDL,964043.0,1613.0,35.8996,0.637,0.546,-6.38,ACCUMULATION,0.592
FMCG,2018-11-30,NSDL,215986.0,995.0,8.043,1.051,1.974,-6.76,STRONG_ACCUMULATION,1.512
HEALTHCARE,2018-11-30,NSDL,15705.0,121.0,0.5848,1.398,-0.152,3.42,NEUTRAL,0.623
INFRASTRUCTURE,2018-11-30,NSDL,81557.0,734.0,3.0371,-0.358,0.378,-6.4,NEUTRAL,0.01
IT,2018-11-30,NSDL,330618.0,226.0,12.3117,0.699,0.362,-9.59,NEUTRAL,0.53
LOGISTICS,2018-11-30,NSDL,39363.0,217.0,1.4658,0.916,0.17,21.18,NEUTRAL,0.543
MEDIA,2018-11-30,NSDL,27969.0,32.0,1.0415,-1.388,0.647,-7.94,ACCUMULATION,-0.37
METAL,2018-11-30,NSDL,57980.0,-812.0,2.1591,-1.667,-0.864,-16.28,DISTRIBUTION,-1.266
PHARMA,2018-11-30,NSDL,120955.0,1226.0,4.5042,0.785,1.454,-8.04,ACCUMULATION,1.119
REALTY,2018-11-30,NSDL,22296.0,-8.0,0.8303,-1.246,0.684,-14.47,ACCUMULATION,-0.281
SERVICES,2018-11-30,NSDL,49755.0,-425.0,1.8528,0.677,-1.163,-13.39,DISTRIBUTION,-0.243
TELECOM,2018-11-30,NSDL,51058.0,552.0,1.9013,-0.746,0.116,-16.68,NEUTRAL,-0.315
TEXTILES,2018-11-30,NSDL,40921.0,323.0,1.5238,0.078,1.103,-11.26,ACCUMULATION,0.591
AUTO,2018-12-15,NSDL,180267.0,392.0,6.7598,-0.959,1.072,-13.0,ACCUMULATION,0.057
CAPITAL_GOODS,2018-12-15,NSDL,156347.0,-432.0,5.8628,-0.777,0.099,-7.67,NEUTRAL,-0.339
CEMENT,2018-12-15,NSDL,57787.0,89.0,2.1669,-1.071,1.039,-16.1,ACCUMULATION,-0.016
CHEMICALS,2018-12-15,NSDL,38718.0,-14.0,1.4519,1.323,0.13,0.94,NEUTRAL,0.726
COMMODITIES,2018-12-15,NSDL,1454.0,-43.0,0.0545,-1.202,-1.481,-15.32,STRONG_DISTRIBUTION,-1.341
ENERGY,2018-12-15,NSDL,224085.0,-508.0,8.4029,0.224,0.141,-12.56,NEUTRAL,0.182
FINANCIAL_SERVICES,2018-12-15,NSDL,957793.0,1364.0,35.916,0.542,0.435,-4.04,NEUTRAL,0.489
FMCG,2018-12-15,NSDL,211930.0,266.0,7.9471,0.62,1.146,1.47,ACCUMULATION,0.883
HEALTHCARE,2018-12-15,NSDL,15572.0,180.0,0.5839,1.271,-0.01,6.48,NEUTRAL,0.63
INFRASTRUCTURE,2018-12-15,NSDL,82816.0,759.0,3.1055,-0.058,0.426,-3.79,NEUTRAL,0.184
IT,2018-12-15,NSDL,336606.0,-410.0,12.6223,0.751,0.142,-9.1,NEUTRAL,0.447
LOGISTICS,2018-12-15,NSDL,39288.0,25.0,1.4733,0.852,-0.053,25.47,NEUTRAL,0.399
MEDIA,2018-12-15,NSDL,27914.0,-120.0,1.0467,-1.3,0.129,-2.42,NEUTRAL,-0.586
METAL,2018-12-15,NSDL,56544.0,-960.0,2.1203,-1.84,-0.947,-20.43,DISTRIBUTION,-1.393
PHARMA,2018-12-15,NSDL,115361.0,389.0,4.3259,0.136,0.399,-14.22,NEUTRAL,0.268
REALTY,2018-12-15,NSDL,22894.0,96.0,0.8585,-0.945,1.159,-9.25,ACCUMULATION,0.107
SERVICES,2018-12-15,NSDL,50916.0,-139.0,1.9093,0.72,-0.678,-5.03,DISTRIBUTION,0.021
TELECOM,2018-12-15,NSDL,50735.0,232.0,1.9025,-0.787,0.068,-15.24,NEUTRAL,-0.36
TEXTILES,2018-12-15,NSDL,39729.0,-329.0,1.4898,-0.362,-0.511,-11.78,DISTRIBUTION,-0.436
AUTO,2018-12-31,NSDL,179104.0,636.0,6.6533,-1.01,1.213,-1.31,ACCUMULATION,0.102
CAPITAL_GOODS,2018-12-31,NSDL,159374.0,-688.0,5.9204,-0.522,-0.145,4.06,NEUTRAL,-0.334
CEMENT,2018-12-31,NSDL,58292.0,387.0,2.1654,-0.977,1.431,-10.94,ACCUMULATION,0.227
CHEMICALS,2018-12-31,NSDL,38137.0,-456.0,1.4167,0.951,-1.187,9.97,DISTRIBUTION,-0.118
COMMODITIES,2018-12-31,NSDL,1422.0,-67.0,0.0528,-1.279,-1.879,-2.8,STRONG_DISTRIBUTION,-1.579
ENERGY,2018-12-31,NSDL,226894.0,-791.0,8.4286,0.262,-0.071,-11.52,NEUTRAL,0.096
FINANCIAL_SERVICES,2018-12-31,NSDL,981498.0,1014.0,36.4603,0.634,0.318,9.77,NEUTRAL,0.476
FMCG,2018-12-31,NSDL,213574.0,424.0,7.9338,0.716,1.236,3.47,ACCUMULATION,0.976
HEALTHCARE,2018-12-31,NSDL,15580.0,108.0,0.5788,1.209,-0.302,14.72,NEUTRAL,0.454
INFRASTRUCTURE,2018-12-31,NSDL,86155.0,1134.0,3.2005,0.721,0.702,7.43,ACCUMULATION,0.712
IT,2018-12-31,NSDL,323540.0,-1729.0,12.0187,0.435,-0.267,-11.97,NEUTRAL,0.084
LOGISTICS,2018-12-31,NSDL,41217.0,-231.0,1.5311,1.169,-0.355,50.63,NEUTRAL,0.407
MEDIA,2018-12-31,NSDL,27396.0,-12.0,1.0177,-1.316,0.48,3.6,NEUTRAL,-0.418
METAL,2018-12-31,NSDL,58261.0,-139.0,2.1643,-1.388,-0.015,-13.38,NEUTRAL,-0.701
PHARMA,2018-12-31,NSDL,116754.0,-846.0,4.3371,0.254,-1.126,-6.7,DISTRIBUTION,-0.436
REALTY,2018-12-31,NSDL,22379.0,-47.0,0.8313,-1.097,0.446,5.91,NEUTRAL,-0.326
SERVICES,2018-12-31,NSDL,51265.0,234.0,1.9044,0.692,-0.079,8.61,NEUTRAL,0.306
TELECOM,2018-12-31,NSDL,51232.0,-14.0,1.9031,-0.729,0.06,-5.19,NEUTRAL,-0.335
TEXTILES,2018-12-31,NSDL,39891.0,-268.0,1.4819,-0.469,-0.344,-4.65,NEUTRAL,-0.406
AUTO,2019-01-15,NSDL,169820.0,-72.0,6.3354,-1.49,0.742,-0.49,ACCUMULATION,-0.374
CAPITAL_GOODS,2019-01-15,NSDL,156144.0,-731.0,5.8252,-0.836,-0.247,6.39,NEUTRAL,-0.541
CEMENT,2019-01-15,NSDL,56078.0,573.0,2.0921,-1.276,1.553,-4.84,ACCUMULATION,0.138
CHEMICALS,2019-01-15,NSDL,38769.0,-180.0,1.4463,1.191,-0.505,15.34,DISTRIBUTION,0.343
COMMODITIES,2019-01-15,NSDL,1334.0,-76.0,0.0498,-1.485,-1.857,-9.93,STRONG_DISTRIBUTION,-1.671
ENERGY,2019-01-15,NSDL,225429.0,312.0,8.41,0.233,0.918,-2.05,ACCUMULATION,0.576
FINANCIAL_SERVICES,2019-01-15,NSDL,981028.0,-884.0,36.5989,0.574,-0.174,10.17,NEUTRAL,0.2
FMCG,2019-01-15,NSDL,215874.0,1781.0,8.0535,0.882,2.422,10.61,ACCUMULATION,1.652
HEALTHCARE,2019-01-15,NSDL,16092.0,-38.0,0.6003,1.406,-0.788,12.73,DISTRIBUTION,0.309
INFRASTRUCTURE,2019-01-15,NSDL,83772.0,977.0,3.1253,0.247,0.567,4.22,ACCUMULATION,0.407
IT,2019-01-15,NSDL,329149.0,-1421.0,12.2795,0.493,-0.146,-2.91,NEUTRAL,0.173
LOGISTICS,2019-01-15,NSDL,40110.0,-38.0,1.4964,0.877,-0.235,50.47,NEUTRAL,0.321
MEDIA,2019-01-15,NSDL,26395.0,-284.0,0.9847,-1.43,-0.36,-6.21,NEUTRAL,-0.895
METAL,2019-01-15,NSDL,54200.0,-561.0,2.022,-2.027,-0.431,-16.71,NEUTRAL,-1.229
PHARMA,2019-01-15,NSDL,118395.0,-76.0,4.4169,0.378,-0.228,-3.35,NEUTRAL,0.075
REALTY,2019-01-15,NSDL,22837.0,-195.0,0.852,-0.838,-0.39,14.0,NEUTRAL,-0.614
SERVICES,2019-01-15,NSDL,50341.0,159.0,1.8781,0.545,-0.195,7.36,NEUTRAL,0.175
TELECOM,2019-01-15,NSDL,54662.0,465.0,2.0393,-0.318,0.658,9.53,ACCUMULATION,0.17
TEXTILES,2019-01-15,NSDL,40055.0,-54.0,1.4943,-0.495,0.209,2.24,NEUTRAL,-0.143
AUTO,2019-01-31,NSDL,154934.0,-932.0,5.8621,-2.076,0.223,-3.95,NEUTRAL,-0.926
CAPITAL_GOODS,2019-01-31,NSDL,150528.0,-1528.0,5.6954,-1.273,-0.862,1.23,DISTRIBUTION,-1.067
CEMENT,2019-01-31,NSDL,50440.0,-129.0,1.9085,-1.937,0.559,-6.54,ACCUMULATION,-0.689
CHEMICALS,2019-01-31,NSDL,38024.0,-12.0,1.4387,0.738,-0.016,11.55,NEUTRAL,0.361
COMMODITIES,2019-01-31,NSDL,1204.0,-53.0,0.0456,-1.744,-1.25,-18.43,STRONG_DISTRIBUTION,-1.497
ENERGY,2019-01-31,NSDL,241082.0,2161.0,9.1216,0.472,2.239,11.3,ACCUMULATION,1.355
FINANCIAL_SERVICES,2019-01-31,NSDL,960845.0,-3028.0,36.3547,0.367,-0.675,9.51,DISTRIBUTION,-0.154
FMCG,2019-01-31,NSDL,207768.0,816.0,7.8611,-0.014,1.29,5.53,ACCUMULATION,0.638
HEALTHCARE,2019-01-31,NSDL,16082.0,44.0,0.6085,1.315,-0.483,12.24,NEUTRAL,0.416
INFRASTRUCTURE,2019-01-31,NSDL,81958.0,141.0,3.101,-0.09,-0.056,-0.47,NEUTRAL,-0.073
IT,2019-01-31,NSDL,346545.0,-194.0,13.1119,0.812,0.245,3.47,NEUTRAL,0.528
LOGISTICS,2019-01-31,NSDL,37424.0,-572.0,1.416,0.305,-0.837,41.18,DISTRIBUTION,-0.266
MEDIA,2019-01-31,NSDL,23428.0,671.0,0.8864,-1.907,2.293,-13.93,ACCUMULATION,0.193
METAL,2019-01-31,NSDL,52690.0,-956.0,1.9936,-2.096,-0.835,-15.07,DISTRIBUTION,-1.466
PHARMA,2019-01-31,NSDL,116571.0,881.0,4.4106,0.101,0.937,-5.19,ACCUMULATION,0.519
REALTY,2019-01-31,NSDL,21903.0,-85.0,0.8287,-1.161,0.158,5.01,NEUTRAL,-0.502
SERVICES,2019-01-31,NSDL,49312.0,-271.0,1.8658,0.379,-0.808,4.41,DISTRIBUTION,-0.215
TELECOM,2019-01-31,NSDL,52542.0,471.0,1.988,-0.566,0.626,4.68,ACCUMULATION,0.03
TEXTILES,2019-01-31,NSDL,39695.0,-368.0,1.5019,-0.68,-0.526,-1.57,DISTRIBUTION,-0.603
AUTO,2019-02-15,NSDL,156794.0,-400.0,6.0142,-1.775,0.612,-9.9,ACCUMULATION,-0.581
CAPITAL_GOODS,2019-02-15,NSDL,143232.0,-1018.0,5.494,-1.733,-0.395,-8.96,NEUTRAL,-1.064
CEMENT,2019-02-15,NSDL,49196.0,-448.0,1.887,-1.882,0.139,-14.74,NEUTRAL,-0.871
CHEMICALS,2019-02-15,NSDL,37541.0,100.0,1.44,0.428,0.389,-1.85,NEUTRAL,0.408
COMMODITIES,2019-02-15,NSDL,1121.0,-12.0,0.043,-1.8,-0.307,-26.54,NEUTRAL,-1.054
ENERGY,2019-02-15,NSDL,238552.0,1843.0,9.1502,0.418,1.863,6.6,ACCUMULATION,1.141
FINANCIAL_SERVICES,2019-02-15,NSDL,947503.0,3224.0,36.3434,0.187,0.99,1.31,ACCUMULATION,0.589
FMCG,2019-02-15,NSDL,202511.0,99.0,7.7677,-0.617,0.528,-4.9,ACCUMULATION,-0.044
HEALTHCARE,2019-02-15,NSDL,14615.0,-81.0,0.5606,0.399,-0.877,-6.74,DISTRIBUTION,-0.239
INFRASTRUCTURE,2019-02-15,NSDL,78259.0,321.0,3.0018,-1.093,0.09,-5.95,NEUTRAL,-0.501
IT,2019-02-15,NSDL,351688.0,1166.0,13.4897,0.881,0.646,9.14,ACCUMULATION,0.764
LOGISTICS,2019-02-15,NSDL,35002.0,-427.0,1.3426,-0.185,-0.682,-8.64,DISTRIBUTION,-0.433
MEDIA,2019-02-15,NSDL,26464.0,1787.0,1.0151,-1.13,3.664,0.65,ACCUMULATION,1.267
METAL,2019-02-15,NSDL,47182.0,-625.0,1.8098,-2.585,-0.446,-25.53,NEUTRAL,-1.516
PHARMA,2019-02-15,NSDL,114010.0,1280.0,4.3731,-0.288,1.347,-4.68,ACCUMULATION,0.529
REALTY,2019-02-15,NSDL,21488.0,97.0,0.8242,-1.256,1.169,0.43,ACCUMULATION,-0.043
SERVICES,2019-02-15,NSDL,48966.0,34.0,1.8782,0.279,-0.334,0.82,NEUTRAL,-0.027
TELECOM,2019-02-15,NSDL,53385.0,170.0,2.0477,-0.467,0.189,6.55,NEUTRAL,-0.139
TEXTILES,2019-02-15,NSDL,39573.0,-315.0,1.5179,-0.759,-0.344,-4.07,NEUTRAL,-0.551
AUTO,2019-02-28,NSDL,158610.0,-139.0,6.0036,-1.53,0.775,-10.77,ACCUMULATION,-0.378
CAPITAL_GOODS,2019-02-28,NSDL,148941.0,-491.0,5.6376,-1.178,0.115,-6.13,NEUTRAL,-0.531
CEMENT,2019-02-28,NSDL,53480.0,23.0,2.0243,-1.237,0.82,-9.25,ACCUMULATION,-0.209
CHEMICALS,2019-02-28,NSDL,39722.0,539.0,1.5035,1.474,1.738,2.62,STRONG_ACCUMULATION,1.606
COMMODITIES,2019-02-28,NSDL,1135.0,-20.0,0.043,-1.59,-0.428,-23.88,NEUTRAL,-1.009
ENERGY,2019-02-28,NSDL,242166.0,242.0,9.1663,0.463,0.656,4.55,ACCUMULATION,0.559
FINANCIAL_SERVICES,2019-02-28,NSDL,955792.0,10604.0,36.1781,0.182,2.511,-0.86,ACCUMULATION,1.347
FMCG,2019-02-28,NSDL,200927.0,-1414.0,7.6054,-0.794,-0.944,-6.97,DISTRIBUTION,-0.869
HEALTHCARE,2019-02-28,NSDL,14565.0,-212.0,0.5513,0.298,-1.284,-7.26,DISTRIBUTION,-0.493
INFRASTRUCTURE,2019-02-28,NSDL,80539.0,871.0,3.0485,-0.31,0.462,-1.25,NEUTRAL,0.076
IT,2019-02-28,NSDL,348814.0,685.0,13.2031,0.758,0.437,5.5,NEUTRAL,0.598
LOGISTICS,2019-02-28,NSDL,35481.0,220.0,1.343,-0.094,-0.005,-9.86,NEUTRAL,-0.05
MEDIA,2019-02-28,NSDL,28602.0,671.0,1.0826,-0.582,1.314,2.26,ACCUMULATION,0.366
METAL,2019-02-28,NSDL,50763.0,-420.0,1.9215,-1.822,-0.184,-12.45,NEUTRAL,-1.003
PHARMA,2019-02-28,NSDL,116800.0,471.0,4.4211,0.04,0.338,-3.44,NEUTRAL,0.189
REALTY,2019-02-28,NSDL,22285.0,90.0,0.8435,-0.829,1.175,-0.05,ACCUMULATION,0.173
SERVICES,2019-02-28,NSDL,49540.0,30.0,1.8752,0.283,-0.294,-0.43,NEUTRAL,-0.006
TELECOM,2019-02-28,NSDL,53978.0,280.0,2.0431,-0.453,0.288,5.72,NEUTRAL,-0.083
TEXTILES,2019-02-28,NSDL,39766.0,-120.0,1.5052,-0.664,0.188,-2.82,NEUTRAL,-0.238
AUTO,2019-03-15,NSDL,167050.0,-255.0,5.9203,-1.055,0.675,-7.33,ACCUMULATION,-0.19
CAPITAL_GOODS,2019-03-15,NSDL,159017.0,1102.0,5.6356,-0.361,1.496,1.71,ACCUMULATION,0.568
CEMENT,2019-03-15,NSDL,56653.0,537.0,2.0078,-0.815,1.483,-1.96,ACCUMULATION,0.334
CHEMICALS,2019-03-15,NSDL,42218.0,542.0,1.4962,2.357,1.581,9.04,STRONG_ACCUMULATION,1.969
COMMODITIES,2019-03-15,NSDL,1231.0,-17.0,0.0436,-1.208,-0.296,-15.34,NEUTRAL,-0.752
ENERGY,2019-03-15,NSDL,265723.0,4318.0,9.4173,0.802,2.915,18.58,ACCUMULATION,1.859
FINANCIAL_SERVICES,2019-03-15,NSDL,1052062.0,20189.0,37.2855,1.236,3.36,9.84,STRONG_ACCUMULATION,2.298
FMCG,2019-03-15,NSDL,205523.0,-689.0,7.2838,-0.301,-0.205,-3.02,NEUTRAL,-0.253
HEALTHCARE,2019-03-15,NSDL,14548.0,-194.0,0.5156,0.203,-1.173,-6.58,DISTRIBUTION,-0.485
INFRASTRUCTURE,2019-03-15,NSDL,87763.0,1959.0,3.1104,2.022,1.289,5.97,STRONG_ACCUMULATION,1.655
IT,2019-03-15,NSDL,347935.0,869.0,12.3309,0.686,0.44,3.37,NEUTRAL,0.563
LOGISTICS,2019-03-15,NSDL,40313.0,456.0,1.4287,0.827,0.222,2.61,NEUTRAL,0.524
MEDIA,2019-03-15,NSDL,28494.0,-452.0,1.0098,-0.555,-0.813,2.08,DISTRIBUTION,-0.684
METAL,2019-03-15,NSDL,52739.0,285.0,1.8691,-1.412,0.737,-6.73,ACCUMULATION,-0.337
PHARMA,2019-03-15,NSDL,122462.0,929.0,4.3401,0.742,0.9,6.16,ACCUMULATION,0.821
REALTY,2019-03-15,NSDL,24390.0,-8.0,0.8644,0.137,0.405,6.53,NEUTRAL,0.271
SERVICES,2019-03-15,NSDL,52642.0,-200.0,1.8657,0.621,-0.591,3.39,DISTRIBUTION,0.015
TELECOM,2019-03-15,NSDL,58206.0,912.0,2.0628,0.02,1.09,14.73,ACCUMULATION,0.555
TEXTILES,2019-03-15,NSDL,42671.0,49.0,1.5123,0.453,0.614,7.41,ACCUMULATION,0.533
AUTO,2019-03-31,NSDL,157761.0,-479.0,5.4778,-1.36,0.541,-11.92,ACCUMULATION,-0.41
CAPITAL_GOODS,2019-03-31,NSDL,161380.0,2263.0,5.6035,-0.189,2.162,1.26,ACCUMULATION,0.986
CEMENT,2019-03-31,NSDL,58873.0,462.0,2.0442,-0.542,1.286,1.0,ACCUMULATION,0.372
CHEMICALS,2019-03-31,NSDL,44153.0,255.0,1.5331,2.631,0.681,15.77,ACCUMULATION,1.656
COMMODITIES,2019-03-31,NSDL,1248.0,-10.0,0.0433,-1.079,-0.099,-12.24,NEUTRAL,-0.589
ENERGY,2019-03-31,NSDL,276042.0,7201.0,9.5849,0.913,3.34,21.66,ACCUMULATION,2.127
FINANCIAL_SERVICES,2019-03-31,NSDL,1091124.0,23169.0,37.8865,2.38,2.989,11.17,STRONG_ACCUMULATION,2.684
FMCG,2019-03-31,NSDL,207045.0,1439.0,7.1891,-0.161,1.749,-3.06,ACCUMULATION,0.794
HEALTHCARE,2019-03-31,NSDL,15135.0,-96.0,0.5255,0.725,-0.793,-2.86,DISTRIBUTION,-0.034
INFRASTRUCTURE,2019-03-31,NSDL,89540.0,2238.0,3.109,2.248,1.59,3.93,STRONG_ACCUMULATION,1.919
IT,2019-03-31,NSDL,349426.0,545.0,12.1329,0.673,0.368,8.0,NEUTRAL,0.52
LOGISTICS,2019-03-31,NSDL,41935.0,411.0,1.4561,1.068,0.143,1.74,NEUTRAL,0.606
MEDIA,2019-03-31,NSDL,27807.0,-437.0,0.9655,-0.662,-0.762,1.5,DISTRIBUTION,-0.712
METAL,2019-03-31,NSDL,54060.0,462.0,1.8771,-1.14,1.201,-7.21,ACCUMULATION,0.031
PHARMA,2019-03-31,NSDL,124211.0,2143.0,4.3129,0.909,2.159,6.39,ACCUMULATION,1.534
REALTY,2019-03-31,NSDL,26263.0,-50.0,0.9119,0.949,0.054,17.36,NEUTRAL,0.501
SERVICES,2019-03-31,NSDL,53794.0,390.0,1.8679,0.751,0.334,4.93,NEUTRAL,0.542
TELECOM,2019-03-31,NSDL,55857.0,678.0,1.9395,-0.39,0.828,9.03,ACCUMULATION,0.219
TEXTILES,2019-03-31,NSDL,44327.0,453.0,1.5391,1.022,1.522,11.12,STRONG_ACCUMULATION,1.272
AUTO,2019-04-15,NSDL,165694.0,-114.0,5.6903,-0.95,0.822,-2.43,ACCUMULATION,-0.064
CAPITAL_GOODS,2019-04-15,NSDL,163916.0,1284.0,5.6292,0.079,1.277,4.98,ACCUMULATION,0.678
CEMENT,2019-04-15,NSDL,59603.0,-741.0,2.0469,-0.388,-0.277,6.29,NEUTRAL,-0.333
CHEMICALS,2019-04-15,NSDL,44162.0,26.0,1.5166,2.268,-0.029,13.91,NEUTRAL,1.119
COMMODITIES,2019-04-15,NSDL,1279.0,9.0,0.0439,-0.93,0.377,-4.12,NEUTRAL,-0.277
ENERGY,2019-04-15,NSDL,271971.0,4844.0,9.34,0.804,1.985,20.65,ACCUMULATION,1.395
FINANCIAL_SERVICES,2019-04-15,NSDL,1100203.0,15860.0,37.7831,2.204,1.824,12.15,STRONG_ACCUMULATION,2.014
FMCG,2019-04-15,NSDL,209975.0,897.0,7.211,0.118,1.153,-2.73,ACCUMULATION,0.635
HEALTHCARE,2019-04-15,NSDL,15550.0,-7.0,0.534,1.092,-0.49,-3.37,NEUTRAL,0.301
INFRASTRUCTURE,2019-04-15,NSDL,91080.0,1890.0,3.1279,2.292,1.208,8.72,STRONG_ACCUMULATION,1.75
IT,2019-04-15,NSDL,356690.0,-615.0,12.2494,0.866,-0.012,8.37,NEUTRAL,0.427
LOGISTICS,2019-04-15,NSDL,42487.0,28.0,1.4591,1.138,-0.269,5.93,NEUTRAL,0.434
MEDIA,2019-04-15,NSDL,26289.0,-341.0,0.9028,-0.957,-0.578,-0.4,DISTRIBUTION,-0.767
METAL,2019-04-15,NSDL,55175.0,-118.0,1.8948,-0.924,0.441,1.8,NEUTRAL,-0.242
PHARMA,2019-04-15,NSDL,125332.0,969.0,4.3041,1.002,0.751,5.86,ACCUMULATION,0.877
REALTY,2019-04-15,NSDL,29419.0,-274.0,1.0103,2.181,-1.689,28.82,DISTRIBUTION,0.246
SERVICES,2019-04-15,NSDL,53091.0,-122.0,1.8232,0.642,-0.435,5.46,NEUTRAL,0.104
TELECOM,2019-04-15,NSDL,56170.0,-103.0,1.929,-0.276,-0.252,2.76,NEUTRAL,-0.264
TEXTILES,2019-04-15,NSDL,43803.0,443.0,1.5043,0.759,1.371,9.36,ACCUMULATION,1.065
AUTO,2019-04-30,NSDL,156798.0,1348.0,5.4049,-1.248,1.677,1.2,ACCUMULATION,0.215
CAPITAL_GOODS,2019-04-30,NSDL,160772.0,121.0,5.5419,-0.146,0.39,6.81,NEUTRAL,0.122
CEMENT,2019-04-30,NSDL,61785.0,-1218.0,2.1297,-0.035,-0.847,22.49,DISTRIBUTION,-0.441
CHEMICALS,2019-04-30,NSDL,44079.0,54.0,1.5194,1.989,-0.014,15.92,NEUTRAL,0.988
COMMODITIES,2019-04-30,NSDL,1210.0,14.0,0.0417,-1.061,0.515,0.5,ACCUMULATION,-0.273
ENERGY,2019-04-30,NSDL,287182.0,6239.0,9.8993,0.976,2.216,19.12,ACCUMULATION,1.596
FINANCIAL_SERVICES,2019-04-30,NSDL,1083093.0,8319.0,37.3346,1.712,0.822,12.72,ACCUMULATION,1.267
FMCG,2019-04-30,NSDL,209092.0,970.0,7.2075,-0.051,1.128,0.64,ACCUMULATION,0.538
HEALTHCARE,2019-04-30,NSDL,15034.0,-26.0,0.5182,0.479,-0.579,-6.52,DISTRIBUTION,-0.05
INFRASTRUCTURE,2019-04-30,NSDL,88272.0,1600.0,3.0428,1.448,0.826,7.7,ACCUMULATION,1.137
IT,2019-04-30,NSDL,374353.0,-98.0,12.9041,1.463,0.171,8.02,NEUTRAL,0.817
LOGISTICS,2019-04-30,NSDL,42171.0,42.0,1.4536,1.031,-0.24,12.68,NEUTRAL,0.395
MEDIA,2019-04-30,NSDL,26606.0,-147.0,0.9171,-0.818,-0.196,13.56,NEUTRAL,-0.507
METAL,2019-04-30,NSDL,53728.0,-830.0,1.852,-1.037,-0.616,1.97,DISTRIBUTION,-0.827
PHARMA,2019-04-30,NSDL,124289.0,-270.0,4.2843,0.815,-0.821,6.62,DISTRIBUTION,-0.003
REALTY,2019-04-30,NSDL,26398.0,-957.0,0.9099,0.888,-3.993,20.52,DISTRIBUTION,-1.552
SERVICES,2019-04-30,NSDL,51405.0,-689.0,1.7719,0.379,-1.234,4.24,DISTRIBUTION,-0.427
TELECOM,2019-04-30,NSDL,49940.0,-174.0,1.7214,-1.247,-0.316,-4.95,NEUTRAL,-0.782
TEXTILES,2019-04-30,NSDL,44840.0,397.0,1.5456,1.152,1.163,12.96,STRONG_ACCUMULATION,1.157
AUTO,2019-05-15,NSDL,150333.0,601.0,5.4573,-1.397,1.085,-4.12,ACCUMULATION,-0.156
CAPITAL_GOODS,2019-05-15,NSDL,148824.0,-607.0,5.4025,-1.146,-0.159,3.9,NEUTRAL,-0.652
CEMENT,2019-05-15,NSDL,57553.0,-1076.0,2.0892,-0.581,-0.653,16.99,DISTRIBUTION,-0.617
CHEMICALS,2019-05-15,NSDL,42686.0,-10.0,1.5496,1.396,-0.299,13.71,NEUTRAL,0.548
COMMODITIES,2019-05-15,NSDL,1136.0,-8.0,0.0412,-1.244,-0.027,1.34,NEUTRAL,-0.635
ENERGY,2019-05-15,NSDL,263486.0,4979.0,9.5649,0.618,1.569,10.45,ACCUMULATION,1.093
FINANCIAL_SERVICES,2019-05-15,NSDL,1044543.0,1093.0,37.9183,0.966,-0.096,10.24,NEUTRAL,0.435
FMCG,2019-05-15,NSDL,200416.0,-94.0,7.2754,-1.123,0.135,-1.03,NEUTRAL,-0.494
HEALTHCARE,2019-05-15,NSDL,14156.0,-33.0,0.5139,-0.532,-0.567,-3.14,DISTRIBUTION,-0.549
INFRASTRUCTURE,2019-05-15,NSDL,83106.0,339.0,3.0169,0.121,-0.664,6.19,DISTRIBUTION,-0.272
IT,2019-05-15,NSDL,350794.0,-1139.0,12.7343,0.505,-0.143,-0.25,NEUTRAL,0.181
LOGISTICS,2019-05-15,NSDL,40746.0,262.0,1.4791,0.779,0.017,16.41,NEUTRAL,0.398
MEDIA,2019-05-15,NSDL,21776.0,170.0,0.7905,-1.912,0.398,-17.71,NEUTRAL,-0.757
METAL,2019-05-15,NSDL,47970.0,-824.0,1.7414,-1.644,-0.549,1.67,DISTRIBUTION,-1.097
PHARMA,2019-05-15,NSDL,114010.0,-1449.0,4.1387,-0.849,-2.103,0.0,DISTRIBUTION,-1.476
REALTY,2019-05-15,NSDL,25459.0,-750.0,0.9242,0.507,-2.519,18.48,DISTRIBUTION,-1.006
SERVICES,2019-05-15,NSDL,48619.0,-23.0,1.7649,-0.232,-0.165,-0.71,NEUTRAL,-0.199
TELECOM,2019-05-15,NSDL,55357.0,-367.0,2.0095,-0.231,-0.641,3.69,DISTRIBUTION,-0.436
TEXTILES,2019-05-15,NSDL,43751.0,328.0,1.5882,0.681,0.943,10.56,ACCUMULATION,0.812
AUTO,2019-05-31,NSDL,155342.0,-1078.0,5.2473,-1.102,-0.058,-2.06,NEUTRAL,-0.58
CAPITAL_GOODS,2019-05-31,NSDL,165276.0,1228.0,5.5829,0.535,1.159,10.97,ACCUMULATION,0.847
CEMENT,2019-05-31,NSDL,62230.0,-1499.0,2.1021,0.199,-1.135,16.36,DISTRIBUTION,-0.468
CHEMICALS,2019-05-31,NSDL,46201.0,346.0,1.5606,2.174,0.944,16.31,ACCUMULATION,1.559
COMMODITIES,2019-05-31,NSDL,1238.0,-6.0,0.0418,-0.891,0.125,9.07,NEUTRAL,-0.383
ENERGY,2019-05-31,NSDL,281591.0,1143.0,9.5119,1.755,0.145,16.28,NEUTRAL,0.95
FINANCIAL_SERVICES,2019-05-31,NSDL,1158846.0,6373.0,39.145,2.44,0.531,21.24,ACCUMULATION,1.486
FMCG,2019-05-31,NSDL,206076.0,-682.0,6.9611,-0.465,-0.383,2.56,NEUTRAL,-0.424
HEALTHCARE,2019-05-31,NSDL,14813.0,9.0,0.5004,0.187,-0.225,1.7,NEUTRAL,-0.019
INFRASTRUCTURE,2019-05-31,NSDL,89640.0,255.0,3.028,1.617,-0.836,11.3,DISTRIBUTION,0.391
IT,2019-05-31,NSDL,358368.0,-3226.0,12.1054,0.774,-0.909,2.74,DISTRIBUTION,-0.068
LOGISTICS,2019-05-31,NSDL,44928.0,162.0,1.5176,1.551,-0.076,26.63,NEUTRAL,0.737
MEDIA,2019-05-31,NSDL,24048.0,523.0,0.8123,-1.268,1.0,-15.92,ACCUMULATION,-0.134
METAL,2019-05-31,NSDL,49032.0,-299.0,1.6563,-1.39,0.417,-3.41,NEUTRAL,-0.486
PHARMA,2019-05-31,NSDL,113052.0,-2372.0,3.8188,-1.035,-2.601,-3.21,STRONG_DISTRIBUTION,-1.818
REALTY,2019-05-31,NSDL,28989.0,15.0,0.9792,1.882,0.471,30.08,NEUTRAL,1.176
SERVICES,2019-05-31,NSDL,51966.0,61.0,1.7554,0.517,-0.007,4.9,NEUTRAL,0.255
TELECOM,2019-05-31,NSDL,64344.0,-385.0,2.1735,1.579,-0.771,19.2,DISTRIBUTION,0.404
TEXTILES,2019-05-31,NSDL,44417.0,28.0,1.5004,1.042,0.272,11.7,NEUTRAL,0.657
AUTO,2019-06-15,NSDL,154084.0,374.0,5.2795,-1.076,0.865,-7.76,ACCUMULATION,-0.106
CAPITAL_GOODS,2019-06-15,NSDL,163637.0,3006.0,5.6068,0.469,2.151,2.91,ACCUMULATION,1.31
CEMENT,2019-06-15,NSDL,59258.0,-1225.0,2.0304,-0.217,-0.742,4.6,DISTRIBUTION,-0.479
CHEMICALS,2019-06-15,NSDL,45420.0,334.0,1.5563,1.752,0.926,7.58,ACCUMULATION,1.339
COMMODITIES,2019-06-15,NSDL,1173.0,-8.0,0.0402,-1.124,0.202,-4.71,NEUTRAL,-0.461
ENERGY,2019-06-15,NSDL,277854.0,1110.0,9.5203,1.447,0.114,4.57,NEUTRAL,0.781
FINANCIAL_SERVICES,2019-06-15,NSDL,1136821.0,8258.0,38.9518,1.871,0.722,8.06,ACCUMULATION,1.296
FMCG,2019-06-15,NSDL,205494.0,-92.0,7.041,-0.499,0.128,-0.01,NEUTRAL,-0.185
HEALTHCARE,2019-06-15,NSDL,15824.0,161.0,0.5422,1.244,0.869,8.77,ACCUMULATION,1.056
INFRASTRUCTURE,2019-06-15,NSDL,87610.0,941.0,3.0018,1.046,-0.072,-0.17,NEUTRAL,0.487
IT,2019-06-15,NSDL,360690.0,-2313.0,12.3586,0.813,-0.464,3.67,NEUTRAL,0.174
LOGISTICS,2019-06-15,NSDL,45189.0,148.0,1.5483,1.53,-0.096,12.1,NEUTRAL,0.717
MEDIA,2019-06-15,NSDL,22717.0,331.0,0.7784,-1.556,0.576,-20.27,ACCUMULATION,-0.49
METAL,2019-06-15,NSDL,50066.0,252.0,1.7154,-1.192,1.355,-5.07,ACCUMULATION,0.082
PHARMA,2019-06-15,NSDL,104091.0,-2074.0,3.5665,-2.304,-2.088,-15.0,STRONG_DISTRIBUTION,-2.196
REALTY,2019-06-15,NSDL,27240.0,-126.0,0.9333,1.144,-0.069,11.69,NEUTRAL,0.537
SERVICES,2019-06-15,NSDL,51608.0,-186.0,1.7683,0.336,-0.382,-1.96,NEUTRAL,-0.023
TELECOM,2019-06-15,NSDL,64277.0,50.0,2.2024,1.536,-0.016,10.43,NEUTRAL,0.76
TEXTILES,2019-06-15,NSDL,45482.0,-84.0,1.5584,1.446,-0.104,6.59,NEUTRAL,0.671
AUTO,2019-06-30,NSDL,151922.0,1414.0,5.2152,-1.088,1.535,-3.7,ACCUMULATION,0.223
CAPITAL_GOODS,2019-06-30,NSDL,164170.0,1860.0,5.6357,0.62,1.262,1.73,ACCUMULATION,0.941
CEMENT,2019-06-30,NSDL,59846.0,-686.0,2.0544,-0.071,-0.11,1.65,NEUTRAL,-0.09
CHEMICALS,2019-06-30,NSDL,43539.0,22.0,1.4946,1.16,-0.153,-1.39,NEUTRAL,0.503
COMMODITIES,2019-06-30,NSDL,1105.0,-17.0,0.0379,-1.369,-0.134,-11.46,NEUTRAL,-0.752
ENERGY,2019-06-30,NSDL,267510.0,428.0,9.1832,0.92,-0.176,-3.09,NEUTRAL,0.372
FINANCIAL_SERVICES,2019-06-30,NSDL,1147445.0,3713.0,39.39,1.799,0.134,5.16,NEUTRAL,0.966
FMCG,2019-06-30,NSDL,203964.0,-761.0,7.0018,-0.636,-0.506,-1.49,DISTRIBUTION,-0.571
HEALTHCARE,2019-06-30,NSDL,15836.0,326.0,0.5436,1.187,1.955,4.63,STRONG_ACCUMULATION,1.571
INFRASTRUCTURE,2019-06-30,NSDL,91174.0,988.0,3.1299,1.696,-0.031,1.82,NEUTRAL,0.833
IT,2019-06-30,NSDL,352985.0,-2077.0,12.1174,0.447,-0.328,1.02,NEUTRAL,0.059
LOGISTICS,2019-06-30,NSDL,44276.0,74.0,1.5199,1.299,-0.173,5.58,NEUTRAL,0.563
MEDIA,2019-06-30,NSDL,22883.0,114.0,0.7855,-1.451,0.139,-17.71,NEUTRAL,-0.656
METAL,2019-06-30,NSDL,50535.0,-138.0,1.7348,-1.053,0.553,-6.52,ACCUMULATION,-0.25
PHARMA,2019-06-30,NSDL,106121.0,-1858.0,3.643,-1.948,-1.72,-14.56,STRONG_DISTRIBUTION,-1.834
REALTY,2019-06-30,NSDL,28978.0,264.0,0.9948,1.679,1.394,10.34,STRONG_ACCUMULATION,1.536
SERVICES,2019-06-30,NSDL,51689.0,-49.0,1.7744,0.339,-0.079,-3.91,NEUTRAL,0.13
TELECOM,2019-06-30,NSDL,62608.0,70.0,2.1492,1.209,0.013,12.09,NEUTRAL,0.611
TEXTILES,2019-06-30,NSDL,46454.0,-274.0,1.5947,1.708,-0.727,4.8,DISTRIBUTION,0.49
AUTO,2019-07-15,NSDL,146028.0,300.0,5.1063,-1.259,0.647,-11.87,ACCUMULATION,-0.306
CAPITAL_GOODS,2019-07-15,NSDL,156396.0,289.0,5.4688,-0.291,0.161,-4.59,NEUTRAL,-0.065
CEMENT,2019-07-15,NSDL,60069.0,-400.0,2.1005,0.001,0.209,0.78,NEUTRAL,0.105
CHEMICALS,2019-07-15,NSDL,43661.0,165.0,1.5267,1.107,0.397,-1.13,NEUTRAL,0.752
COMMODITIES,2019-07-15,NSDL,1016.0,-15.0,0.0355,-1.684,-0.114,-20.56,NEUTRAL,-0.899
ENERGY,2019-07-15,NSDL,266151.0,-60.0,9.3067,0.792,-0.383,-2.14,NEUTRAL,0.205
FINANCIAL_SERVICES,2019-07-15,NSDL,1137669.0,2039.0,39.7819,1.52,-0.084,3.41,NEUTRAL,0.718
FMCG,2019-07-15,NSDL,198838.0,-1051.0,6.9529,-1.197,-0.845,-5.3,DISTRIBUTION,-1.021
HEALTHCARE,2019-07-15,NSDL,15880.0,275.0,0.5553,1.156,1.565,2.12,STRONG_ACCUMULATION,1.361
INFRASTRUCTURE,2019-07-15,NSDL,82269.0,611.0,2.8768,-0.331,-0.485,-9.67,NEUTRAL,-0.408
IT,2019-07-15,NSDL,346083.0,-6430.0,12.1018,-0.067,-2.028,-2.97,DISTRIBUTION,-1.048
LOGISTICS,2019-07-15,NSDL,42408.0,25.0,1.4829,0.926,-0.203,-0.19,NEUTRAL,0.362
MEDIA,2019-07-15,NSDL,23177.0,260.0,0.8105,-1.33,0.392,-11.84,NEUTRAL,-0.469
METAL,2019-07-15,NSDL,48689.0,-205.0,1.7026,-1.215,0.379,-11.76,NEUTRAL,-0.418
PHARMA,2019-07-15,NSDL,107193.0,-1306.0,3.7483,-1.626,-1.18,-14.47,STRONG_DISTRIBUTION,-1.403
REALTY,2019-07-15,NSDL,30326.0,391.0,1.0604,1.938,1.729,3.08,STRONG_ACCUMULATION,1.833
SERVICES,2019-07-15,NSDL,50499.0,95.0,1.7658,-0.112,0.663,-4.88,ACCUMULATION,0.276
TELECOM,2019-07-15,NSDL,62633.0,98.0,2.1901,1.212,0.071,11.51,NEUTRAL,0.641
TEXTILES,2019-07-15,NSDL,40783.0,-790.0,1.4261,-0.677,-2.005,-6.89,DISTRIBUTION,-1.341
AUTO,2019-07-31,NSDL,130108.0,-1700.0,4.73,-1.788,-0.864,-17.02,DISTRIBUTION,-1.326
CAPITAL_GOODS,2019-07-31,NSDL,150669.0,-1256.0,5.4775,-0.975,-1.026,-6.28,DISTRIBUTION,-1.0
CEMENT,2019-07-31,NSDL,58402.0,-356.0,2.1232,-0.263,0.241,-5.48,NEUTRAL,-0.011
CHEMICALS,2019-07-31,NSDL,41769.0,206.0,1.5185,0.567,0.503,-5.24,ACCUMULATION,0.535
COMMODITIES,2019-07-31,NSDL,869.0,-7.0,0.0316,-2.099,0.158,-28.18,NEUTRAL,-0.971
ENERGY,2019-07-31,NSDL,249021.0,-1239.0,9.053,-0.066,-0.836,-13.29,DISTRIBUTION,-0.451
FINANCIAL_SERVICES,2019-07-31,NSDL,1075082.0,-5719.0,39.084,0.7,-1.006,-0.74,DISTRIBUTION,-0.153
FMCG,2019-07-31,NSDL,207321.0,-1692.0,7.537,-0.152,-1.523,-0.85,DISTRIBUTION,-0.837
HEALTHCARE,2019-07-31,NSDL,16257.0,38.0,0.591,1.478,0.019,8.13,NEUTRAL,0.748
INFRASTRUCTURE,2019-07-31,NSDL,85084.0,124.0,3.0932,0.251,-1.103,-3.61,DISTRIBUTION,-0.426
IT,2019-07-31,NSDL,347252.0,-5935.0,12.6242,-0.039,-1.689,-7.24,DISTRIBUTION,-0.864
LOGISTICS,2019-07-31,NSDL,41108.0,-66.0,1.4945,0.639,-0.223,-2.52,NEUTRAL,0.208
MEDIA,2019-07-31,NSDL,23678.0,132.0,0.8608,-1.12,0.105,-11.01,NEUTRAL,-0.508
METAL,2019-07-31,NSDL,44628.0,-169.0,1.6224,-1.624,0.422,-16.94,NEUTRAL,-0.601
PHARMA,2019-07-31,NSDL,104066.0,-387.0,3.7833,-1.861,-0.391,-16.27,NEUTRAL,-1.126
REALTY,2019-07-31,NSDL,29030.0,25.0,1.0554,1.382,0.425,9.97,NEUTRAL,0.903
SERVICES,2019-07-31,NSDL,49610.0,856.0,1.8035,-0.536,2.751,-3.49,ACCUMULATION,1.107
TELECOM,2019-07-31,NSDL,57581.0,182.0,2.0933,0.266,0.24,15.3,NEUTRAL,0.253
TEXTILES,2019-07-31,NSDL,39160.0,-906.0,1.4236,-1.27,-2.024,-12.67,STRONG_DISTRIBUTION,-1.647
AUTO,2019-08-15,NSDL,133294.0,-1927.0,4.8783,-1.553,-0.984,-11.33,DISTRIBUTION,-1.268
CAPITAL_GOODS,2019-08-15,NSDL,147357.0,-1440.0,5.393,-1.287,-1.207,-0.99,STRONG_DISTRIBUTION,-1.247
CEMENT,2019-08-15,NSDL,57298.0,-522.0,2.097,-0.422,-0.01,-0.44,NEUTRAL,-0.216
CHEMICALS,2019-08-15,NSDL,39415.0,205.0,1.4425,-0.113,0.439,-7.66,NEUTRAL,0.163
COMMODITIES,2019-08-15,NSDL,906.0,-7.0,0.0332,-1.739,0.147,-20.25,NEUTRAL,-0.796
ENERGY,2019-08-15,NSDL,262594.0,-3354.0,9.6105,0.549,-1.533,-0.34,DISTRIBUTION,-0.492
FINANCIAL_SERVICES,2019-08-15,NSDL,1058115.0,-10903.0,38.7252,0.463,-1.537,1.3,DISTRIBUTION,-0.537
FMCG,2019-08-15,NSDL,207631.0,-1487.0,7.5989,-0.105,-1.307,3.6,DISTRIBUTION,-0.706
HEALTHCARE,2019-08-15,NSDL,16640.0,3.0,0.609,1.776,-0.209,17.55,NEUTRAL,0.783
INFRASTRUCTURE,2019-08-15,NSDL,82961.0,-30.0,3.0362,-0.364,-1.443,-0.17,DISTRIBUTION,-0.903
IT,2019-08-15,NSDL,344558.0,-3262.0,12.6102,-0.252,-0.652,-1.78,DISTRIBUTION,-0.452
LOGISTICS,2019-08-15,NSDL,39446.0,-487.0,1.4437,0.301,-1.198,-3.19,DISTRIBUTION,-0.449
MEDIA,2019-08-15,NSDL,22660.0,329.0,0.8293,-1.394,0.445,4.06,NEUTRAL,-0.474
METAL,2019-08-15,NSDL,40943.0,-622.0,1.4984,-1.883,-0.501,-14.65,DISTRIBUTION,-1.192
PHARMA,2019-08-15,NSDL,101438.0,-366.0,3.7125,-1.959,-0.365,-11.03,NEUTRAL,-1.162
REALTY,2019-08-15,NSDL,28772.0,57.0,1.053,1.222,0.552,13.01,ACCUMULATION,0.887
SERVICES,2019-08-15,NSDL,48840.0,706.0,1.7875,-0.808,2.032,0.45,ACCUMULATION,0.612
TELECOM,2019-08-15,NSDL,59903.0,671.0,2.1923,0.756,1.099,8.21,ACCUMULATION,0.927
TEXTILES,2019-08-15,NSDL,39598.0,-437.0,1.4492,-1.046,-0.839,-9.49,DISTRIBUTION,-0.943
AUTO,2019-08-31,NSDL,136095.0,77.0,4.9773,-1.367,0.476,-12.39,NEUTRAL,-0.446
CAPITAL_GOODS,2019-08-31,NSDL,147067.0,-1449.0,5.3785,-1.224,-1.134,-11.02,STRONG_DISTRIBUTION,-1.179
CEMENT,2019-08-31,NSDL,54022.0,-1103.0,1.9757,-0.953,-0.733,-13.19,DISTRIBUTION,-0.843
CHEMICALS,2019-08-31,NSDL,40840.0,176.0,1.4936,0.236,0.312,-11.6,NEUTRAL,0.274
COMMODITIES,2019-08-31,NSDL,814.0,-21.0,0.0298,-1.911,-0.334,-34.25,NEUTRAL,-1.123
ENERGY,2019-08-31,NSDL,253936.0,-4095.0,9.2869,0.109,-1.629,-9.82,DISTRIBUTION,-0.76
FINANCIAL_SERVICES,2019-08-31,NSDL,1050360.0,-8866.0,38.4138,0.358,-1.219,-9.36,DISTRIBUTION,-0.431
FMCG,2019-08-31,NSDL,210247.0,-1471.0,7.6892,0.263,-1.241,2.02,DISTRIBUTION,-0.489
HEALTHCARE,2019-08-31,NSDL,17966.0,276.0,0.6571,2.845,1.606,21.29,STRONG_ACCUMULATION,2.226
INFRASTRUCTURE,2019-08-31,NSDL,84229.0,425.0,3.0804,-0.081,-0.772,-6.04,DISTRIBUTION,-0.426
IT,2019-08-31,NSDL,353859.0,-2745.0,12.9413,0.396,-0.414,-1.26,NEUTRAL,-0.009
LOGISTICS,2019-08-31,NSDL,40304.0,-516.0,1.474,0.414,-1.328,-10.29,DISTRIBUTION,-0.457
MEDIA,2019-08-31,NSDL,24552.0,602.0,0.8979,-0.649,0.924,2.1,ACCUMULATION,0.138
METAL,2019-08-31,NSDL,38990.0,-721.0,1.4259,-1.892,-0.844,-20.48,DISTRIBUTION,-1.368
PHARMA,2019-08-31,NSDL,104189.0,-566.0,3.8104,-1.494,-0.545,-7.84,DISTRIBUTION,-1.02
REALTY,2019-08-31,NSDL,28951.0,-35.0,1.0588,1.209,0.218,-0.13,NEUTRAL,0.714
SERVICES,2019-08-31,NSDL,49277.0,303.0,1.8022,-0.579,0.916,-5.17,ACCUMULATION,0.169
TELECOM,2019-08-31,NSDL,58392.0,514.0,2.1355,0.486,0.764,-9.25,ACCUMULATION,0.625
TEXTILES,2019-08-31,NSDL,40242.0,-273.0,1.4717,-0.739,-0.47,-9.4,NEUTRAL,-0.605
AUTO,2019-09-15,NSDL,142367.0,-7.0,5.1907,-1.032,0.37,-7.6,NEUTRAL,-0.331
CAPITAL_GOODS,2019-09-15,NSDL,151279.0,-559.0,5.5157,-0.639,-0.429,-7.55,NEUTRAL,-0.534
CEMENT,2019-09-15,NSDL,53524.0,-1353.0,1.9515,-0.988,-0.99,-9.68,DISTRIBUTION,-0.989
CHEMICALS,2019-09-15,NSDL,42145.0,135.0,1.5366,0.546,0.14,-7.21,NEUTRAL,0.343
COMMODITIES,2019-09-15,NSDL,884.0,-33.0,0.0322,-1.509,-0.722,-24.64,DISTRIBUTION,-1.115
ENERGY,2019-09-15,NSDL,253369.0,-3166.0,9.2379,0.079,-1.223,-8.81,DISTRIBUTION,-0.572
FINANCIAL_SERVICES,2019-09-15,NSDL,1051039.0,-963.0,38.3212,0.358,-0.295,-7.55,NEUTRAL,0.032
FMCG,2019-09-15,NSDL,206974.0,-1113.0,7.5463,-0.094,-0.836,0.72,DISTRIBUTION,-0.465
HEALTHCARE,2019-09-15,NSDL,18051.0,1026.0,0.6581,2.457,3.953,14.07,STRONG_ACCUMULATION,3.205
INFRASTRUCTURE,2019-09-15,NSDL,85610.0,219.0,3.1214,0.252,-1.001,-2.28,DISTRIBUTION,-0.374
IT,2019-09-15,NSDL,348126.0,-2123.0,12.6928,-0.018,-0.13,-3.48,NEUTRAL,-0.074
LOGISTICS,2019-09-15,NSDL,41422.0,-280.0,1.5103,0.566,-0.534,-8.34,DISTRIBUTION,0.016
MEDIA,2019-09-15,NSDL,23799.0,367.0,0.8677,-0.897,0.4,4.76,NEUTRAL,-0.248
METAL,2019-09-15,NSDL,41335.0,-550.0,1.5071,-1.475,-0.523,-17.44,DISTRIBUTION,-0.999
PHARMA,2019-09-15,NSDL,104804.0,-352.0,3.8212,-1.309,-0.355,0.68,NEUTRAL,-0.832
REALTY,2019-09-15,NSDL,29092.0,-223.0,1.0607,1.187,-0.448,6.8,NEUTRAL,0.37
SERVICES,2019-09-15,NSDL,50118.0,330.0,1.8273,-0.182,0.929,-2.89,ACCUMULATION,0.374
TELECOM,2019-09-15,NSDL,58347.0,-136.0,2.1273,0.496,-0.393,-9.23,NEUTRAL,0.051
TEXTILES,2019-09-15,NSDL,40427.0,-286.0,1.474,-0.607,-0.482,-11.11,NEUTRAL,-0.544
AUTO,2019-09-30,NSDL,147222.0,1279.0,5.6124,-0.757,1.245,-3.09,ACCUMULATION,0.244
CAPITAL_GOODS,2019-09-30,NSDL,162773.0,1405.0,6.2052,0.995,1.065,-0.85,ACCUMULATION,1.03
CEMENT,2019-09-30,NSDL,55202.0,-540.0,2.1044,-0.624,0.121,-7.76,NEUTRAL,-0.252
CHEMICALS,2019-09-30,NSDL,42754.0,-211.0,1.6299,0.67,-1.219,-1.8,DISTRIBUTION,-0.275
COMMODITIES,2019-09-30,NSDL,911.0,-17.0,0.0347,-1.328,-0.082,-17.56,NEUTRAL,-0.705
ENERGY,2019-09-30,NSDL,273073.0,-735.0,10.41,1.005,-0.409,2.08,NEUTRAL,0.298
FINANCIAL_SERVICES,2019-09-30,NSDL,883473.0,4999.0,33.6796,-1.527,0.357,-23.01,NEUTRAL,-0.585
FMCG,2019-09-30,NSDL,222041.0,-1050.0,8.4646,2.407,-0.719,8.86,DISTRIBUTION,0.844
HEALTHCARE,2019-09-30,NSDL,18514.0,645.0,0.7058,2.416,2.08,16.91,STRONG_ACCUMULATION,2.248
INFRASTRUCTURE,2019-09-30,NSDL,84334.0,-284.0,3.215,-0.08,-1.668,-7.5,DISTRIBUTION,-0.874
IT,2019-09-30,NSDL,341315.0,-2732.0,13.0115,-0.464,-0.341,-3.31,NEUTRAL,-0.403
LOGISTICS,2019-09-30,NSDL,45373.0,-344.0,1.7297,1.198,-0.733,2.48,DISTRIBUTION,0.232
MEDIA,2019-09-30,NSDL,19572.0,96.0,0.7461,-2.382,-0.217,-14.47,NEUTRAL,-1.3
METAL,2019-09-30,NSDL,41410.0,18.0,1.5786,-1.382,0.757,-18.06,ACCUMULATION,-0.312
PHARMA,2019-09-30,NSDL,98410.0,-917.0,3.7516,-1.852,-0.773,-7.27,DISTRIBUTION,-1.312
REALTY,2019-09-30,NSDL,27766.0,-284.0,1.0585,0.759,-0.667,-4.18,DISTRIBUTION,0.046
SERVICES,2019-09-30,NSDL,53830.0,273.0,2.0521,1.699,0.784,4.14,ACCUMULATION,1.242
TELECOM,2019-09-30,NSDL,60422.0,-609.0,2.3034,0.953,-1.148,-3.49,DISTRIBUTION,-0.097
TEXTILES,2019-09-30,NSDL,44778.0,-3.0,1.707,1.251,0.25,-3.61,NEUTRAL,0.75
AUTO,2019-10-15,NSDL,151133.0,1535.0,5.8058,-0.484,1.335,3.5,ACCUMULATION,0.425
CAPITAL_GOODS,2019-10-15,NSDL,163056.0,2125.0,6.2639,1.133,1.489,4.26,STRONG_ACCUMULATION,1.311
CEMENT,2019-10-15,NSDL,52827.0,-158.0,2.0294,-1.198,0.606,-12.06,ACCUMULATION,-0.296
CHEMICALS,2019-10-15,NSDL,41922.0,-145.0,1.6104,0.39,-0.89,-3.98,DISTRIBUTION,-0.25
COMMODITIES,2019-10-15,NSDL,831.0,-3.0,0.0319,-1.591,0.654,-18.21,ACCUMULATION,-0.468
ENERGY,2019-10-15,NSDL,279604.0,626.0,10.7411,1.238,0.023,5.05,NEUTRAL,0.63
FINANCIAL_SERVICES,2019-10-15,NSDL,870280.0,20.0,33.4321,-1.541,-0.246,-23.5,NEUTRAL,-0.893
FMCG,2019-10-15,NSDL,220782.0,-1433.0,8.4814,1.954,-1.012,11.04,DISTRIBUTION,0.471
HEALTHCARE,2019-10-15,NSDL,19134.0,112.0,0.735,2.443,0.034,20.49,NEUTRAL,1.238
INFRASTRUCTURE,2019-10-15,NSDL,84953.0,370.0,3.2635,0.11,-0.592,3.26,DISTRIBUTION,-0.241
IT,2019-10-15,NSDL,332433.0,-1332.0,12.7705,-1.071,0.289,-3.94,NEUTRAL,-0.391
LOGISTICS,2019-10-15,NSDL,43790.0,-582.0,1.6822,0.841,-1.487,3.26,DISTRIBUTION,-0.323
MEDIA,2019-10-15,NSDL,18966.0,379.0,0.7286,-2.27,0.34,-18.17,NEUTRAL,-0.965
METAL,2019-10-15,NSDL,40594.0,-49.0,1.5594,-1.43,0.57,-16.63,ACCUMULATION,-0.43
PHARMA,2019-10-15,NSDL,95671.0,-1085.0,3.6752,-2.009,-0.849,-10.75,DISTRIBUTION,-1.429
REALTY,2019-10-15,NSDL,27397.0,-104.0,1.0525,0.619,-0.05,-9.66,NEUTRAL,0.284
SERVICES,2019-10-15,NSDL,54484.0,332.0,2.093,1.948,0.881,7.89,ACCUMULATION,1.414
TELECOM,2019-10-15,NSDL,61270.0,-958.0,2.3537,1.111,-1.598,-2.18,DISTRIBUTION,-0.244
TEXTILES,2019-10-15,NSDL,43997.0,211.0,1.6902,0.954,0.833,7.88,ACCUMULATION,0.893
AUTO,2019-10-31,NSDL,162755.0,-283.0,5.5373,0.398,0.004,25.09,NEUTRAL,0.201
CAPITAL_GOODS,2019-10-31,NSDL,170452.0,1957.0,5.7991,1.974,1.259,13.13,STRONG_ACCUMULATION,1.616
CEMENT,2019-10-31,NSDL,55139.0,82.0,1.8759,-0.512,0.877,-5.59,ACCUMULATION,0.182
CHEMICALS,2019-10-31,NSDL,43899.0,-161.0,1.4935,0.906,-0.886,5.1,DISTRIBUTION,0.01
COMMODITIES,2019-10-31,NSDL,988.0,1.0,0.0336,-0.829,0.866,13.69,ACCUMULATION,0.019
ENERGY,2019-10-31,NSDL,300970.0,2954.0,10.2396,1.98,0.757,20.86,ACCUMULATION,1.369
FINANCIAL_SERVICES,2019-10-31,NSDL,1134745.0,10233.0,38.6064,1.256,0.872,5.55,ACCUMULATION,1.064
FMCG,2019-10-31,NSDL,230360.0,-120.0,7.8373,2.711,0.216,11.11,NEUTRAL,1.464
HEALTHCARE,2019-10-31,NSDL,20482.0,349.0,0.6968,2.795,0.881,25.99,ACCUMULATION,1.838
INFRASTRUCTURE,2019-10-31,NSDL,87767.0,484.0,2.986,0.851,-0.39,3.15,NEUTRAL,0.23
IT,2019-10-31,NSDL,334966.0,-3416.0,11.3963,-0.811,-0.552,-3.54,DISTRIBUTION,-0.681
LOGISTICS,2019-10-31,NSDL,43197.0,-1082.0,1.4697,0.685,-2.58,5.08,DISTRIBUTION,-0.948
MEDIA,2019-10-31,NSDL,20512.0,918.0,0.6979,-1.542,1.408,-13.37,ACCUMULATION,-0.067
METAL,2019-10-31,NSDL,41377.0,-241.0,1.4077,-1.27,0.188,-7.28,NEUTRAL,-0.541
PHARMA,2019-10-31,NSDL,102115.0,-497.0,3.4742,-1.2,-0.315,-1.87,NEUTRAL,-0.757
REALTY,2019-10-31,NSDL,28866.0,-17.0,0.9821,0.978,0.255,-0.56,NEUTRAL,0.617
SERVICES,2019-10-31,NSDL,59710.0,254.0,2.0315,3.302,0.62,20.36,ACCUMULATION,1.961
TELECOM,2019-10-31,NSDL,53446.0,-1079.0,1.8183,-0.546,-1.633,-7.18,DISTRIBUTION,-1.09
TEXTILES,2019-10-31,NSDL,47517.0,198.0,1.6166,2.15,0.793,21.34,ACCUMULATION,1.472
AUTO,2019-11-15,NSDL,156387.0,-368.0,5.2818,-0.032,-0.206,17.32,NEUTRAL,-0.119
CAPITAL_GOODS,2019-11-15,NSDL,165471.0,1851.0,5.5886,1.191,1.097,12.29,STRONG_ACCUMULATION,1.144
CEMENT,2019-11-15,NSDL,54430.0,206.0,1.8383,-0.676,0.967,-5.01,ACCUMULATION,0.145
CHEMICALS,2019-11-15,NSDL,40772.0,-195.0,1.377,-0.152,-1.049,3.44,DISTRIBUTION,-0.6
COMMODITIES,2019-11-15,NSDL,994.0,-9.0,0.0336,-0.74,0.416,9.71,NEUTRAL,-0.162
ENERGY,2019-11-15,NSDL,301213.0,6340.0,10.1732,1.787,1.694,14.71,STRONG_ACCUMULATION,1.74
FINANCIAL_SERVICES,2019-11-15,NSDL,1189737.0,20744.0,40.1822,1.698,1.878,12.44,STRONG_ACCUMULATION,1.788
FMCG,2019-11-15,NSDL,223205.0,111.0,7.5385,1.683,0.377,7.5,NEUTRAL,1.03
HEALTHCARE,2019-11-15,NSDL,20092.0,297.0,0.6786,2.208,0.631,20.75,ACCUMULATION,1.42
INFRASTRUCTURE,2019-11-15,NSDL,83795.0,-508.0,2.8301,-0.363,-1.785,1.01,DISTRIBUTION,-1.074
IT,2019-11-15,NSDL,330021.0,-4120.0,11.1461,-1.165,-0.97,-4.22,DISTRIBUTION,-1.067
LOGISTICS,2019-11-15,NSDL,41327.0,-1020.0,1.3958,0.21,-2.125,4.77,DISTRIBUTION,-0.958
MEDIA,2019-11-15,NSDL,21657.0,701.0,0.7314,-1.056,0.906,-4.43,ACCUMULATION,-0.075
METAL,2019-11-15,NSDL,42315.0,146.0,1.4291,-1.088,1.218,3.35,ACCUMULATION,0.065
PHARMA,2019-11-15,NSDL,99740.0,-1205.0,3.3686,-1.347,-0.857,-1.67,DISTRIBUTION,-1.102
REALTY,2019-11-15,NSDL,29697.0,255.0,1.003,1.154,1.167,3.21,STRONG_ACCUMULATION,1.16
SERVICES,2019-11-15,NSDL,58448.0,189.0,1.974,2.43,0.38,19.67,NEUTRAL,1.405
TELECOM,2019-11-15,NSDL,58032.0,-615.0,1.96,0.372,-1.112,-3.12,DISTRIBUTION,-0.37
TEXTILES,2019-11-15,NSDL,43523.0,-507.0,1.4699,0.532,-1.051,9.91,DISTRIBUTION,-0.259
AUTO,2019-11-30,NSDL,155055.0,-946.0,5.1366,-0.114,-1.014,13.93,DISTRIBUTION,-0.564
CAPITAL_GOODS,2019-11-30,NSDL,159824.0,851.0,5.2946,0.351,0.333,8.67,NEUTRAL,0.342
CEMENT,2019-11-30,NSDL,57709.0,14.0,1.9117,0.287,0.673,6.82,ACCUMULATION,0.48
CHEMICALS,2019-11-30,NSDL,42084.0,-235.0,1.3941,0.223,-1.268,3.05,DISTRIBUTION,-0.522
COMMODITIES,2019-11-30,NSDL,992.0,-5.0,0.0329,-0.689,0.61,21.87,ACCUMULATION,-0.039
ENERGY,2019-11-30,NSDL,314081.0,4217.0,10.4047,2.085,0.952,23.69,ACCUMULATION,1.518
FINANCIAL_SERVICES,2019-11-30,NSDL,1225296.0,17707.0,40.5909,1.898,1.423,16.65,STRONG_ACCUMULATION,1.66
FMCG,2019-11-30,NSDL,224103.0,-1798.0,7.424,1.658,-1.479,6.59,DISTRIBUTION,0.089
HEALTHCARE,2019-11-30,NSDL,20653.0,550.0,0.6842,2.192,1.464,14.96,STRONG_ACCUMULATION,1.828
INFRASTRUCTURE,2019-11-30,NSDL,85406.0,-734.0,2.8293,0.091,-1.889,1.4,DISTRIBUTION,-0.899
IT,2019-11-30,NSDL,319573.0,-2045.0,10.5866,-1.843,-0.119,-9.69,NEUTRAL,-0.981
LOGISTICS,2019-11-30,NSDL,41642.0,-896.0,1.3795,0.208,-1.688,3.32,DISTRIBUTION,-0.74
MEDIA,2019-11-30,NSDL,26104.0,4299.0,0.8648,0.535,4.199,6.32,ACCUMULATION,2.367
METAL,2019-11-30,NSDL,44723.0,188.0,1.4816,-0.684,1.241,14.7,ACCUMULATION,0.279
PHARMA,2019-11-30,NSDL,104545.0,-1154.0,3.4633,-0.756,-0.751,0.34,DISTRIBUTION,-0.754
REALTY,2019-11-30,NSDL,30695.0,515.0,1.0168,1.366,1.87,6.02,STRONG_ACCUMULATION,1.618
SERVICES,2019-11-30,NSDL,59665.0,370.0,1.9765,2.433,0.844,21.08,ACCUMULATION,1.638
TELECOM,2019-11-30,NSDL,67681.0,-319.0,2.2421,2.18,-0.713,15.91,DISTRIBUTION,0.734
TEXTILES,2019-11-30,NSDL,38817.0,-947.0,1.2859,-1.293,-2.036,-3.54,STRONG_DISTRIBUTION,-1.664
AUTO,2019-12-15,NSDL,153254.0,-864.0,5.1209,-0.197,-0.913,7.65,DISTRIBUTION,-0.555
CAPITAL_GOODS,2019-12-15,NSDL,158480.0,-806.0,5.2955,0.151,-0.862,4.76,DISTRIBUTION,-0.355
CEMENT,2019-12-15,NSDL,55795.0,-122.0,1.8644,-0.283,0.403,4.24,NEUTRAL,0.06
CHEMICALS,2019-12-15,NSDL,41692.0,-160.0,1.3931,0.015,-0.908,-1.07,DISTRIBUTION,-0.447
COMMODITIES,2019-12-15,NSDL,964.0,15.0,0.0322,-0.77,1.432,9.05,ACCUMULATION,0.331
ENERGY,2019-12-15,NSDL,316880.0,1069.0,10.5883,1.974,-0.108,25.07,NEUTRAL,0.933
FINANCIAL_SERVICES,2019-12-15,NSDL,1238550.0,11704.0,41.3853,1.828,0.699,17.84,ACCUMULATION,1.264
FMCG,2019-12-15,NSDL,218238.0,-2360.0,7.2923,0.888,-1.805,5.44,DISTRIBUTION,-0.458
HEALTHCARE,2019-12-15,NSDL,19694.0,391.0,0.6581,1.533,0.827,9.1,ACCUMULATION,1.18
INFRASTRUCTURE,2019-12-15,NSDL,83666.0,-667.0,2.7956,-0.45,-1.628,-2.27,DISTRIBUTION,-1.039
IT,2019-12-15,NSDL,300290.0,-1477.0,10.034,-2.819,0.138,-13.74,NEUTRAL,-1.341
LOGISTICS,2019-12-15,NSDL,39677.0,-1262.0,1.3258,-0.556,-2.211,-4.21,DISTRIBUTION,-1.383
MEDIA,2019-12-15,NSDL,24973.0,4095.0,0.8345,0.15,3.015,4.93,ACCUMULATION,1.583
METAL,2019-12-15,NSDL,45223.0,127.0,1.5111,-0.555,1.021,9.41,ACCUMULATION,0.233
PHARMA,2019-12-15,NSDL,102401.0,-535.0,3.4217,-0.922,-0.167,-2.29,NEUTRAL,-0.544
REALTY,2019-12-15,NSDL,31331.0,281.0,1.0469,1.457,1.045,7.7,STRONG_ACCUMULATION,1.251
SERVICES,2019-12-15,NSDL,58757.0,443.0,1.9633,1.91,0.984,17.24,ACCUMULATION,1.447
TELECOM,2019-12-15,NSDL,63415.0,-1247.0,2.119,1.218,-2.191,8.69,DISTRIBUTION,-0.486
TEXTILES,2019-12-15,NSDL,39451.0,-300.0,1.3182,-1.0,-0.389,-2.41,NEUTRAL,-0.695
AUTO,2019-12-31,NSDL,155901.0,376.0,5.1034,0.081,0.473,5.9,NEUTRAL,0.277
CAPITAL_GOODS,2019-12-31,NSDL,161187.0,-855.0,5.2764,0.523,-0.833,-0.97,DISTRIBUTION,-0.155
CEMENT,2019-12-31,NSDL,54353.0,-757.0,1.7792,-0.676,-0.611,-1.54,DISTRIBUTION,-0.643
CHEMICALS,2019-12-31,NSDL,43152.0,180.0,1.4126,0.56,0.507,0.93,ACCUMULATION,0.534
COMMODITIES,2019-12-31,NSDL,955.0,3.0,0.0313,-0.764,0.841,4.83,ACCUMULATION,0.038
ENERGY,2019-12-31,NSDL,308850.0,1997.0,10.1102,1.53,0.177,13.1,NEUTRAL,0.854
FINANCIAL_SERVICES,2019-12-31,NSDL,1260353.0,5029.0,41.2576,1.827,-0.063,42.66,NEUTRAL,0.882
FMCG,2019-12-31,NSDL,215828.0,-1694.0,7.0651,0.594,-1.115,-2.8,DISTRIBUTION,-0.261
HEALTHCARE,2019-12-31,NSDL,20169.0,-191.0,0.6602,1.6,-1.199,8.94,DISTRIBUTION,0.201
INFRASTRUCTURE,2019-12-31,NSDL,86098.0,434.0,2.8184,0.251,-0.179,2.09,NEUTRAL,0.036
IT,2019-12-31,NSDL,336613.0,4898.0,11.019,-0.438,2.794,-1.38,ACCUMULATION,1.178
LOGISTICS,2019-12-31,NSDL,39407.0,-659.0,1.29,-0.66,-0.862,-13.15,DISTRIBUTION,-0.761
MEDIA,2019-12-31,NSDL,25709.0,-61.0,0.8416,0.459,-0.53,31.36,DISTRIBUTION,-0.036
METAL,2019-12-31,NSDL,48025.0,228.0,1.5721,-0.018,1.171,15.97,ACCUMULATION,0.577
PHARMA,2019-12-31,NSDL,102073.0,-565.0,3.3414,-0.888,-0.138,3.72,NEUTRAL,-0.513
REALTY,2019-12-31,NSDL,32420.0,15.0,1.0613,1.65,0.18,16.76,NEUTRAL,0.915
SERVICES,2019-12-31,NSDL,59372.0,13.0,1.9435,1.855,-0.371,10.3,NEUTRAL,0.742
TELECOM,2019-12-31,NSDL,64863.0,-1496.0,2.1233,1.402,-2.265,7.35,DISTRIBUTION,-0.432
TEXTILES,2019-12-31,NSDL,39511.0,-365.0,1.2934,-0.942,-0.5,-11.76,NEUTRAL,-0.721
AUTO,2020-01-15,NSDL,157396.0,677.0,5.0523,0.309,0.791,4.14,ACCUMULATION,0.55
CAPITAL_GOODS,2020-01-15,NSDL,167505.0,-82.0,5.3768,1.314,-0.281,2.73,NEUTRAL,0.516
CEMENT,2020-01-15,NSDL,60132.0,-525.0,1.9302,1.065,-0.196,13.83,NEUTRAL,0.434
CHEMICALS,2020-01-15,NSDL,44375.0,-30.0,1.4244,1.001,-0.362,5.85,NEUTRAL,0.319
COMMODITIES,2020-01-15,NSDL,997.0,-3.0,0.032,-0.473,0.518,19.98,ACCUMULATION,0.023
ENERGY,2020-01-15,NSDL,310999.0,2533.0,9.9828,1.501,0.319,11.23,NEUTRAL,0.91
FINANCIAL_SERVICES,2020-01-15,NSDL,1265833.0,2415.0,40.6321,1.697,-0.361,45.45,NEUTRAL,0.668
FMCG,2020-01-15,NSDL,224157.0,-1697.0,7.1952,1.485,-1.035,1.53,DISTRIBUTION,0.225
HEALTHCARE,2020-01-15,NSDL,21495.0,-250.0,0.69,1.959,-1.3,12.34,DISTRIBUTION,0.33
INFRASTRUCTURE,2020-01-15,NSDL,89495.0,692.0,2.8727,1.219,0.161,5.35,NEUTRAL,0.69
IT,2020-01-15,NSDL,350762.0,5802.0,11.2591,0.469,2.619,5.51,ACCUMULATION,1.544
LOGISTICS,2020-01-15,NSDL,41496.0,-127.0,1.332,0.104,0.285,-5.24,NEUTRAL,0.194
MEDIA,2020-01-15,NSDL,24712.0,-4.0,0.7932,0.14,-0.487,30.3,NEUTRAL,-0.173
METAL,2020-01-15,NSDL,50219.0,1.0,1.612,0.438,0.567,23.71,ACCUMULATION,0.502
PHARMA,2020-01-15,NSDL,103785.0,-293.0,3.3314,-0.643,0.14,8.48,NEUTRAL,-0.252
REALTY,2020-01-15,NSDL,34831.0,143.0,1.118,2.115,0.587,27.13,ACCUMULATION,1.351
SERVICES,2020-01-15,NSDL,60931.0,-20.0,1.9558,1.997,-0.494,11.83,NEUTRAL,0.752
TELECOM,2020-01-15,NSDL,66621.0,201.0,2.1385,1.624,0.499,8.73,NEUTRAL,1.062
TEXTILES,2020-01-15,NSDL,39610.0,-1038.0,1.2714,-0.902,-2.005,-9.97,DISTRIBUTION,-1.454
AUTO,2020-01-31,NSDL,153410.0,1131.0,5.0152,0.037,1.245,-5.74,ACCUMULATION,0.641
CAPITAL_GOODS,2020-01-31,NSDL,167798.0,-193.0,5.4856,1.267,-0.379,-1.56,NEUTRAL,0.444
CEMENT,2020-01-31,NSDL,59282.0,4.0,1.938,0.79,0.722,7.51,ACCUMULATION,0.756
CHEMICALS,2020-01-31,NSDL,42797.0,-309.0,1.3991,0.262,-1.616,-2.51,DISTRIBUTION,-0.677
COMMODITIES,2020-01-31,NSDL,1002.0,-2.0,0.0328,-0.381,0.513,1.42,ACCUMULATION,0.066
ENERGY,2020-01-31,NSDL,289745.0,2830.0,9.4722,0.638,0.375,-3.73,NEUTRAL,0.506
FINANCIAL_SERVICES,2020-01-31,NSDL,1237820.0,-1234.0,40.4662,1.323,-0.757,9.08,DISTRIBUTION,0.283
FMCG,2020-01-31,NSDL,219388.0,-1769.0,7.1721,0.888,-1.018,-4.76,DISTRIBUTION,-0.065
HEALTHCARE,2020-01-31,NSDL,23046.0,-237.0,0.7534,2.252,-1.176,12.52,DISTRIBUTION,0.538
INFRASTRUCTURE,2020-01-31,NSDL,86336.0,-891.0,2.8225,0.238,-1.708,-1.63,DISTRIBUTION,-0.735
IT,2020-01-31,NSDL,344559.0,2102.0,11.2642,0.002,1.171,2.86,ACCUMULATION,0.587
LOGISTICS,2020-01-31,NSDL,40034.0,-286.0,1.3088,-0.439,-0.051,-7.32,NEUTRAL,-0.245
MEDIA,2020-01-31,NSDL,24813.0,255.0,0.8112,0.223,-0.275,20.97,NEUTRAL,-0.026
METAL,2020-01-31,NSDL,43798.0,-817.0,1.4318,-0.711,-1.392,5.85,DISTRIBUTION,-1.051
PHARMA,2020-01-31,NSDL,104431.0,-8.0,3.414,-0.521,0.377,2.27,NEUTRAL,-0.072
REALTY,2020-01-31,NSDL,35668.0,30.0,1.166,2.101,0.212,23.56,NEUTRAL,1.157
SERVICES,2020-01-31,NSDL,64511.0,195.0,2.109,2.419,0.196,8.04,NEUTRAL,1.308
TELECOM,2020-01-31,NSDL,80721.0,1814.0,2.6389,3.31,2.567,51.03,STRONG_ACCUMULATION,2.939
TEXTILES,2020-01-31,NSDL,39736.0,-585.0,1.299,-0.851,-0.877,-16.38,DISTRIBUTION,-0.864
AUTO,2020-02-15,NSDL,148257.0,564.0,4.7802,-0.444,0.599,-5.2,ACCUMULATION,0.077
CAPITAL_GOODS,2020-02-15,NSDL,165415.0,-1099.0,5.3334,0.889,-1.027,-0.03,DISTRIBUTION,-0.069
CEMENT,2020-02-15,NSDL,58881.0,-551.0,1.8985,0.632,-0.156,8.18,NEUTRAL,0.238
CHEMICALS,2020-02-15,NSDL,45671.0,-292.0,1.4725,1.463,-1.487,12.02,DISTRIBUTION,-0.012
COMMODITIES,2020-02-15,NSDL,942.0,1.0,0.0304,-0.725,0.7,-5.23,ACCUMULATION,-0.013
ENERGY,2020-02-15,NSDL,302451.0,3450.0,9.7518,1.091,0.543,0.41,ACCUMULATION,0.817
FINANCIAL_SERVICES,2020-02-15,NSDL,1246107.0,10.0,40.1776,1.286,-0.624,4.74,DISTRIBUTION,0.331
FMCG,2020-02-15,NSDL,219332.0,-2761.0,7.0718,0.857,-1.808,-1.74,DISTRIBUTION,-0.476
HEALTHCARE,2020-02-15,NSDL,23176.0,-386.0,0.7473,2.012,-1.548,15.35,DISTRIBUTION,0.232
INFRASTRUCTURE,2020-02-15,NSDL,85191.0,-478.0,2.7468,-0.134,-1.108,1.67,DISTRIBUTION,-0.621
IT,2020-02-15,NSDL,355948.0,1581.0,11.4766,0.73,0.927,7.86,ACCUMULATION,0.829
LOGISTICS,2020-02-15,NSDL,39814.0,-323.0,1.2837,-0.518,-0.107,-3.66,NEUTRAL,-0.312
MEDIA,2020-02-15,NSDL,22402.0,114.0,0.7223,-0.669,-0.412,3.44,NEUTRAL,-0.54
METAL,2020-02-15,NSDL,45070.0,-1098.0,1.4532,-0.399,-1.894,6.51,DISTRIBUTION,-1.147
PHARMA,2020-02-15,NSDL,110056.0,241.0,3.5485,0.16,0.596,10.34,ACCUMULATION,0.378
REALTY,2020-02-15,NSDL,34051.0,-162.0,1.0979,1.525,-0.412,14.66,NEUTRAL,0.556
SERVICES,2020-02-15,NSDL,70863.0,241.0,2.2848,2.942,0.332,21.24,NEUTRAL,1.637
TELECOM,2020-02-15,NSDL,87198.0,1517.0,2.8115,3.187,1.946,50.26,STRONG_ACCUMULATION,2.567
TEXTILES,2020-02-15,NSDL,40673.0,-123.0,1.3114,-0.51,0.22,-6.55,NEUTRAL,-0.145
AUTO,2020-02-29,NSDL,131467.0,-2126.0,4.5931,-2.025,-2.079,-15.21,STRONG_DISTRIBUTION,-2.052
CAPITAL_GOODS,2020-02-29,NSDL,150120.0,-1951.0,5.2447,-1.111,-1.609,-6.07,STRONG_DISTRIBUTION,-1.36
CEMENT,2020-02-29,NSDL,55591.0,-909.0,1.9422,-0.444,-0.746,-3.67,DISTRIBUTION,-0.595
CHEMICALS,2020-02-29,NSDL,42379.0,-66.0,1.4806,-0.14,-0.518,0.7,DISTRIBUTION,-0.329
COMMODITIES,2020-02-29,NSDL,863.0,-5.0,0.0302,-1.19,0.185,-13.0,NEUTRAL,-0.502
ENERGY,2020-02-29,NSDL,271528.0,1121.0,9.4864,-0.286,-0.23,-13.55,NEUTRAL,-0.258
FINANCIAL_SERVICES,2020-02-29,NSDL,1161895.0,-1382.0,40.5931,0.489,-0.792,-5.17,DISTRIBUTION,-0.152
FMCG,2020-02-29,NSDL,207883.0,-2938.0,7.2628,-0.449,-1.796,-7.24,DISTRIBUTION,-1.123
HEALTHCARE,2020-02-29,NSDL,22977.0,-333.0,0.8027,1.736,-1.29,11.25,DISTRIBUTION,0.223
INFRASTRUCTURE,2020-02-29,NSDL,78404.0,443.0,2.7392,-2.057,-0.004,-8.2,NEUTRAL,-1.03
IT,2020-02-29,NSDL,325271.0,229.0,11.364,-1.318,0.446,1.78,NEUTRAL,-0.436
LOGISTICS,2020-02-29,NSDL,36051.0,-264.0,1.2595,-1.87,-0.006,-13.43,NEUTRAL,-0.938
MEDIA,2020-02-29,NSDL,22024.0,8.0,0.7695,-0.788,-0.48,-15.63,NEUTRAL,-0.634
METAL,2020-02-29,NSDL,37171.0,-416.0,1.2986,-1.843,-0.405,-16.89,NEUTRAL,-1.124
PHARMA,2020-02-29,NSDL,100330.0,-826.0,3.5052,-0.903,-0.348,-4.03,NEUTRAL,-0.625
REALTY,2020-02-29,NSDL,30581.0,-285.0,1.0684,0.509,-0.776,-0.37,DISTRIBUTION,-0.134
SERVICES,2020-02-29,NSDL,68099.0,2042.0,2.3792,2.128,3.795,14.14,STRONG_ACCUMULATION,2.962
TELECOM,2020-02-29,NSDL,80737.0,745.0,2.8207,2.097,0.929,19.29,ACCUMULATION,1.513
TEXTILES,2020-02-29,NSDL,38925.0,-292.0,1.3599,-1.146,-0.187,0.28,NEUTRAL,-0.666
AUTO,2020-03-15,NSDL,118704.0,-2902.0,4.7394,-2.678,-2.408,-22.54,STRONG_DISTRIBUTION,-2.543
CAPITAL_GOODS,2020-03-15,NSDL,134229.0,-1176.0,5.3593,-2.819,-1.043,-15.3,STRONG_DISTRIBUTION,-1.931
CEMENT,2020-03-15,NSDL,48582.0,-1438.0,1.9397,-2.644,-1.547,-12.93,STRONG_DISTRIBUTION,-2.095
CHEMICALS,2020-03-15,NSDL,36074.0,128.0,1.4403,-3.046,0.297,-13.48,NEUTRAL,-1.374
COMMODITIES,2020-03-15,NSDL,686.0,-11.0,0.0274,-2.117,-0.374,-28.84,NEUTRAL,-1.246
ENERGY,2020-03-15,NSDL,223988.0,-4903.0,8.943,-2.262,-1.988,-29.31,STRONG_DISTRIBUTION,-2.125
FINANCIAL_SERVICES,2020-03-15,NSDL,1015993.0,-13573.0,40.565,-0.881,-1.928,-17.97,DISTRIBUTION,-1.405
FMCG,2020-03-15,NSDL,185535.0,-2763.0,7.4078,-2.555,-1.494,-14.99,STRONG_DISTRIBUTION,-2.025
HEALTHCARE,2020-03-15,NSDL,20417.0,-192.0,0.8152,0.802,-0.842,3.67,DISTRIBUTION,-0.02
INFRASTRUCTURE,2020-03-15,NSDL,68379.0,-337.0,2.7301,-3.623,-0.907,-18.27,DISTRIBUTION,-2.265
IT,2020-03-15,NSDL,287632.0,-2517.0,11.4841,-2.962,-0.469,-4.22,NEUTRAL,-1.716
LOGISTICS,2020-03-15,NSDL,29078.0,-556.0,1.161,-3.47,-0.625,-26.71,DISTRIBUTION,-2.048
MEDIA,2020-03-15,NSDL,17387.0,292.0,0.6942,-2.237,-0.19,-30.38,NEUTRAL,-1.214
METAL,2020-03-15,NSDL,30397.0,-592.0,1.2136,-2.603,-0.833,-32.78,DISTRIBUTION,-1.718
PHARMA,2020-03-15,NSDL,92940.0,-1511.0,3.7108,-1.596,-0.942,-9.24,DISTRIBUTION,-1.269
REALTY,2020-03-15,NSDL,25600.0,-437.0,1.0221,-1.102,-1.166,-18.29,STRONG_DISTRIBUTION,-1.134
SERVICES,2020-03-15,NSDL,57102.0,1623.0,2.2799,0.294,2.432,-2.82,ACCUMULATION,1.363
TELECOM,2020-03-15,NSDL,77941.0,62.0,3.1119,1.615,0.064,22.91,NEUTRAL,0.84
TEXTILES,2020-03-15,NSDL,33941.0,-216.0,1.3551,-2.545,-0.016,-13.97,NEUTRAL,-1.28
AUTO,2020-03-31,NSDL,88463.0,-3585.0,4.209,-3.536,-2.487,-43.26,STRONG_DISTRIBUTION,-3.011
CAPITAL_GOODS,2020-03-31,NSDL,111600.0,-2591.0,5.3099,-3.642,-1.859,-30.76,STRONG_DISTRIBUTION,-2.75
CEMENT,2020-03-31,NSDL,38797.0,-2802.0,1.846,-3.718,-2.985,-28.62,STRONG_DISTRIBUTION,-3.351
CHEMICALS,2020-03-31,NSDL,30178.0,-223.0,1.4359,-3.758,-1.134,-30.07,STRONG_DISTRIBUTION,-2.446
COMMODITIES,2020-03-31,NSDL,560.0,-10.0,0.0266,-2.446,-0.327,-41.36,NEUTRAL,-1.387
ENERGY,2020-03-31,NSDL,214075.0,-9923.0,10.1856,-2.41,-2.81,-30.69,STRONG_DISTRIBUTION,-2.61
FINANCIAL_SERVICES,2020-03-31,NSDL,766296.0,-19388.0,36.4601,-2.73,-2.177,-39.2,STRONG_DISTRIBUTION,-2.454
FMCG,2020-03-31,NSDL,189434.0,-3553.0,9.0132,-1.984,-1.944,-12.23,STRONG_DISTRIBUTION,-1.964
HEALTHCARE,2020-03-31,NSDL,16535.0,-157.0,0.7867,-0.571,-0.747,-18.02,DISTRIBUTION,-0.659
INFRASTRUCTURE,2020-03-31,NSDL,62130.0,-1237.0,2.9561,-3.475,-1.77,-27.84,STRONG_DISTRIBUTION,-2.623
IT,2020-03-31,NSDL,273227.0,-6183.0,13.0001,-2.899,-1.592,-18.83,STRONG_DISTRIBUTION,-2.245
LOGISTICS,2020-03-31,NSDL,25338.0,-1215.0,1.2056,-3.396,-1.83,-35.7,STRONG_DISTRIBUTION,-2.613
MEDIA,2020-03-31,NSDL,12257.0,-112.0,0.5832,-3.147,-0.517,-52.32,DISTRIBUTION,-1.832
METAL,2020-03-31,NSDL,22566.0,-1551.0,1.0737,-3.007,-2.589,-53.01,STRONG_DISTRIBUTION,-2.798
PHARMA,2020-03-31,NSDL,89291.0,-1742.0,4.2484,-1.797,-1.086,-12.52,STRONG_DISTRIBUTION,-1.442
REALTY,2020-03-31,NSDL,19275.0,-236.0,0.9171,-2.826,-0.5,-40.55,NEUTRAL,-1.663
SERVICES,2020-03-31,NSDL,48491.0,-1078.0,2.3072,-1.118,-2.168,-18.33,STRONG_DISTRIBUTION,-1.643
TELECOM,2020-03-31,NSDL,65245.0,-798.0,3.1043,0.193,-0.963,0.59,DISTRIBUTION,-0.385
TEXTILES,2020-03-31,NSDL,27978.0,-995.0,1.3312,-3.264,-1.677,-29.19,STRONG_DISTRIBUTION,-2.47
AUTO,2020-04-15,NSDL,99970.0,-3040.0,4.5682,-2.413,-1.851,-36.49,STRONG_DISTRIBUTION,-2.132
CAPITAL_GOODS,2020-04-15,NSDL,118143.0,-2664.0,5.3986,-2.553,-1.71,-29.47,STRONG_DISTRIBUTION,-2.131
CEMENT,2020-04-15,NSDL,41714.0,-2253.0,1.9061,-2.547,-2.01,-30.63,STRONG_DISTRIBUTION,-2.279
CHEMICALS,2020-04-15,NSDL,32913.0,-455.0,1.504,-2.427,-2.065,-25.83,STRONG_DISTRIBUTION,-2.246
COMMODITIES,2020-04-15,NSDL,615.0,-13.0,0.0281,-1.916,-0.635,-38.31,DISTRIBUTION,-1.276
ENERGY,2020-04-15,NSDL,223483.0,-4927.0,10.2122,-1.844,-1.41,-28.14,STRONG_DISTRIBUTION,-1.627
FINANCIAL_SERVICES,2020-04-15,NSDL,762089.0,-10213.0,34.824,-2.354,-1.231,-39.8,STRONG_DISTRIBUTION,-1.792
FMCG,2020-04-15,NSDL,209098.0,-231.0,9.5548,-0.165,0.713,-6.72,ACCUMULATION,0.274
HEALTHCARE,2020-04-15,NSDL,17985.0,-166.0,0.8218,-0.111,-0.78,-16.33,DISTRIBUTION,-0.446
INFRASTRUCTURE,2020-04-15,NSDL,65851.0,-1309.0,3.0091,-2.417,-1.723,-26.42,STRONG_DISTRIBUTION,-2.07
IT,2020-04-15,NSDL,269997.0,-3656.0,12.3376,-2.507,-0.685,-23.03,DISTRIBUTION,-1.596
LOGISTICS,2020-04-15,NSDL,26685.0,-995.0,1.2194,-2.545,-1.291,-35.69,STRONG_DISTRIBUTION,-1.918
MEDIA,2020-04-15,NSDL,13442.0,-138.0,0.6142,-2.419,-0.554,-45.61,DISTRIBUTION,-1.486
METAL,2020-04-15,NSDL,25241.0,-1284.0,1.1534,-2.272,-1.832,-49.74,STRONG_DISTRIBUTION,-2.052
PHARMA,2020-04-15,NSDL,108937.0,-2176.0,4.9779,0.37,-1.417,4.96,DISTRIBUTION,-0.524
REALTY,2020-04-15,NSDL,19557.0,11.0,0.8937,-2.427,0.266,-43.85,NEUTRAL,-1.081
SERVICES,2020-04-15,NSDL,49487.0,-993.0,2.2613,-0.921,-1.853,-18.78,DISTRIBUTION,-1.387
TELECOM,2020-04-15,NSDL,74945.0,-859.0,3.4246,1.17,-0.963,12.49,DISTRIBUTION,0.103
TEXTILES,2020-04-15,NSDL,28250.0,-1075.0,1.2909,-2.601,-1.669,-28.68,STRONG_DISTRIBUTION,-2.135
AUTO,2020-04-30,CDSL,317.0,0.0,0.7028,-4.113,0.247,-99.79,NEUTRAL,-1.933
CAPITAL_GOODS,2020-04-30,CDSL,428.0,0.0,0.9489,-4.424,0.019,-99.74,NEUTRAL,-2.203
CEMENT,2020-04-30,CDSL,409.0,0.0,0.9068,-4.373,1.059,-99.31,ACCUMULATION,-1.657
CHEMICALS,2020-04-30,CDSL,0.0,0.0,0.0,-4.476,0.095,-100.0,NEUTRAL,-2.191
COMMODITIES,2020-04-30,CDSL,434.0,0.0,0.9622,-2.476,0.581,-56.69,ACCUMULATION,-0.948
ENERGY,2020-04-30,CDSL,3557.0,-130.0,7.8864,-4.346,-0.167,-98.77,NEUTRAL,-2.256
FINANCIAL_SERVICES,2020-04-30,CDSL,34533.0,-2047.0,76.5648,-4.062,-0.389,-97.21,NEUTRAL,-2.226
FMCG,2020-04-30,CDSL,285.0,-1.0,0.6319,-4.748,1.014,-99.87,ACCUMULATION,-1.867
HEALTHCARE,2020-04-30,CDSL,0.0,0.0,0.0,-3.943,-0.29,-100.0,NEUTRAL,-2.116
INFRASTRUCTURE,2020-04-30,CDSL,2574.0,-56.0,5.7069,-4.461,-0.233,-97.02,NEUTRAL,-2.347
IT,2020-04-30,CDSL,0.0,0.0,0.0,-4.552,0.559,-100.0,ACCUMULATION,-1.996
LOGISTICS,2020-04-30,CDSL,699.0,0.0,1.5498,-4.059,0.858,-98.25,ACCUMULATION,-1.601
MEDIA,2020-04-30,CDSL,114.0,-2.0,0.2528,-3.786,-0.453,-99.54,NEUTRAL,-2.119
METAL,2020-04-30,CDSL,559.0,0.0,1.2394,-3.587,0.754,-98.72,ACCUMULATION,-1.417
PHARMA,2020-04-30,CDSL,0.0,0.0,0.0,-4.571,1.062,-100.0,ACCUMULATION,-1.754
REALTY,2020-04-30,CDSL,560.0,0.0,1.2416,-4.063,0.226,-98.43,NEUTRAL,-1.918
SERVICES,2020-04-30,CDSL,254.0,0.0,0.5632,-4.257,-0.305,-99.61,NEUTRAL,-2.281
TELECOM,2020-04-30,CDSL,380.0,0.0,0.8425,-3.976,0.16,-99.53,NEUTRAL,-1.908
TEXTILES,2020-04-30,CDSL,0.0,0.0,0.0,-4.21,0.671,-100.0,ACCUMULATION,-1.769
AUTO,2020-05-15,CDSL,105136.0,-1685.0,4.6298,-0.921,-0.866,-29.09,DISTRIBUTION,-0.893
CAPITAL_GOODS,2020-05-15,CDSL,115973.0,317.0,5.1071,-0.917,0.255,-29.89,NEUTRAL,-0.331
CEMENT,2020-05-15,CDSL,41633.0,-697.0,1.8334,-0.913,0.094,-29.29,NEUTRAL,-0.41
CHEMICALS,2020-05-15,CDSL,33465.0,-541.0,1.4737,-0.698,-2.153,-26.73,DISTRIBUTION,-1.425
COMMODITIES,2020-05-15,CDSL,589.0,-24.0,0.0259,-1.593,-1.589,-37.47,STRONG_DISTRIBUTION,-1.591
ENERGY,2020-05-15,CDSL,274307.0,6270.0,12.0795,0.167,1.455,-9.31,ACCUMULATION,0.811
FINANCIAL_SERVICES,2020-05-15,CDSL,766731.0,-3686.0,33.7642,-1.061,-0.502,-38.47,DISTRIBUTION,-0.781
FMCG,2020-05-15,CDSL,208730.0,17368.0,9.1917,0.137,4.701,-4.83,ACCUMULATION,2.419
HEALTHCARE,2020-05-15,CDSL,18421.0,396.0,0.8112,0.135,0.856,-20.52,ACCUMULATION,0.495
INFRASTRUCTURE,2020-05-15,CDSL,65000.0,-563.0,2.8624,-0.812,-0.843,-23.7,DISTRIBUTION,-0.828
IT,2020-05-15,CDSL,282444.0,-1501.0,12.4379,-0.53,0.061,-20.65,NEUTRAL,-0.235
LOGISTICS,2020-05-15,CDSL,27835.0,-16.0,1.2258,-1.055,0.83,-30.09,ACCUMULATION,-0.112
MEDIA,2020-05-15,CDSL,16037.0,38.0,0.7062,-0.885,-0.434,-28.41,NEUTRAL,-0.659
METAL,2020-05-15,CDSL,25830.0,-408.0,1.1375,-1.27,-0.06,-42.69,NEUTRAL,-0.665
PHARMA,2020-05-15,CDSL,110824.0,-575.0,4.8803,0.485,0.475,0.7,NEUTRAL,0.48
REALTY,2020-05-15,CDSL,18849.0,-162.0,0.83,-1.228,-0.293,-44.64,NEUTRAL,-0.76
SERVICES,2020-05-15,CDSL,51462.0,224.0,2.2662,-0.127,0.019,-27.38,NEUTRAL,-0.054
TELECOM,2020-05-15,CDSL,81805.0,-922.0,3.6024,1.181,-0.97,-6.18,DISTRIBUTION,0.106
TEXTILES,2020-05-15,CDSL,25770.0,-1100.0,1.1348,-1.315,-1.632,-36.64,STRONG_DISTRIBUTION,-1.474
AUTO,2020-05-31,NSDL,114592.0,-395.0,4.8748,-0.592,0.063,-12.84,NEUTRAL,-0.264
CAPITAL_GOODS,2020-05-31,NSDL,122726.0,87.0,5.2208,-0.672,0.103,-18.25,NEUTRAL,-0.285
CEMENT,2020-05-31,NSDL,45192.0,-143.0,1.9225,-0.574,0.798,-18.71,ACCUMULATION,0.112
CHEMICALS,2020-05-31,NSDL,35099.0,-414.0,1.4931,-0.478,-1.463,-17.18,DISTRIBUTION,-0.971
COMMODITIES,2020-05-31,NSDL,535.0,-30.0,0.0228,-1.704,-2.004,-38.01,STRONG_DISTRIBUTION,-1.854
ENERGY,2020-05-31,NSDL,278297.0,5280.0,11.8389,0.24,1.228,2.49,ACCUMULATION,0.734
FINANCIAL_SERVICES,2020-05-31,NSDL,773326.0,-7117.0,32.8976,-0.97,-0.809,-33.44,DISTRIBUTION,-0.889
FMCG,2020-05-31,NSDL,221982.0,15153.0,9.4432,0.435,3.095,6.78,ACCUMULATION,1.765
HEALTHCARE,2020-05-31,NSDL,18483.0,51.0,0.7863,0.12,-0.189,-19.56,NEUTRAL,-0.035
INFRASTRUCTURE,2020-05-31,NSDL,65767.0,-976.0,2.7978,-0.715,-1.386,-16.12,DISTRIBUTION,-1.05
IT,2020-05-31,NSDL,296546.0,-1522.0,12.6152,-0.292,0.073,-8.83,NEUTRAL,-0.109
LOGISTICS,2020-05-31,NSDL,28356.0,295.0,1.2063,-0.931,1.451,-21.34,ACCUMULATION,0.26
MEDIA,2020-05-31,NSDL,17456.0,-29.0,0.7426,-0.579,-0.5,-20.74,NEUTRAL,-0.539
METAL,2020-05-31,NSDL,27356.0,-356.0,1.1637,-1.054,0.01,-26.4,NEUTRAL,-0.522
PHARMA,2020-05-31,NSDL,116816.0,342.0,4.9694,0.786,1.644,16.43,ACCUMULATION,1.215
REALTY,2020-05-31,NSDL,19807.0,38.0,0.8426,-1.03,0.258,-35.23,NEUTRAL,-0.386
SERVICES,2020-05-31,NSDL,52543.0,655.0,2.2352,-0.044,0.624,-22.84,ACCUMULATION,0.29
TELECOM,2020-05-31,NSDL,89196.0,4699.0,3.7944,1.497,3.772,10.48,STRONG_ACCUMULATION,2.635
TEXTILES,2020-05-31,NSDL,26629.0,-269.0,1.1328,-1.132,0.281,-31.59,NEUTRAL,-0.425
AUTO,2020-06-15,NSDL,119300.0,1091.0,4.8459,-0.418,1.083,0.5,ACCUMULATION,0.333
CAPITAL_GOODS,2020-06-15,NSDL,129620.0,1844.0,5.2651,-0.448,1.175,-3.43,ACCUMULATION,0.364
CEMENT,2020-06-15,NSDL,45569.0,505.0,1.851,-0.505,1.532,-6.2,ACCUMULATION,0.514
CHEMICALS,2020-06-15,NSDL,35688.0,45.0,1.4496,-0.383,0.422,-1.07,NEUTRAL,0.019
COMMODITIES,2020-06-15,NSDL,586.0,-22.0,0.0238,-1.343,-1.156,-14.58,STRONG_DISTRIBUTION,-1.249
ENERGY,2020-06-15,NSDL,305007.0,1361.0,12.3893,0.653,0.257,36.17,NEUTRAL,0.455
FINANCIAL_SERVICES,2020-06-15,NSDL,830046.0,11264.0,33.7163,-0.713,1.109,-18.3,ACCUMULATION,0.198
FMCG,2020-06-15,NSDL,218237.0,-2070.0,8.8647,0.331,-0.406,17.63,NEUTRAL,-0.038
HEALTHCARE,2020-06-15,NSDL,19075.0,-49.0,0.7748,0.214,-0.488,-6.57,NEUTRAL,-0.137
INFRASTRUCTURE,2020-06-15,NSDL,67173.0,-2080.0,2.7286,-0.596,-2.528,-1.76,DISTRIBUTION,-1.562
IT,2020-06-15,NSDL,302807.0,-2317.0,12.2999,-0.178,-0.183,5.28,NEUTRAL,-0.18
LOGISTICS,2020-06-15,NSDL,30006.0,264.0,1.2188,-0.71,1.385,3.19,ACCUMULATION,0.338
MEDIA,2020-06-15,NSDL,16491.0,-225.0,0.6699,-0.709,-0.658,-5.15,DISTRIBUTION,-0.683
METAL,2020-06-15,NSDL,28773.0,-319.0,1.1688,-0.862,0.048,-5.34,NEUTRAL,-0.407
PHARMA,2020-06-15,NSDL,121982.0,724.0,4.9549,1.002,1.903,31.25,STRONG_ACCUMULATION,1.453
REALTY,2020-06-15,NSDL,21882.0,345.0,0.8888,-0.709,1.453,-14.52,ACCUMULATION,0.372
SERVICES,2020-06-15,NSDL,56509.0,1413.0,2.2954,0.252,1.651,-1.04,ACCUMULATION,0.952
TELECOM,2020-06-15,NSDL,85595.0,1029.0,3.4768,1.18,0.755,9.82,ACCUMULATION,0.968
TEXTILES,2020-06-15,NSDL,27510.0,-69.0,1.1174,-0.966,0.827,-18.95,ACCUMULATION,-0.07
AUTO,2020-06-30,NSDL,125847.0,1176.0,4.8876,-0.192,1.06,42.26,ACCUMULATION,0.434
CAPITAL_GOODS,2020-06-30,NSDL,136195.0,2524.0,5.2895,-0.225,1.524,22.04,ACCUMULATION,0.649
CEMENT,2020-06-30,NSDL,47781.0,389.0,1.8557,-0.283,1.273,23.16,ACCUMULATION,0.495
CHEMICALS,2020-06-30,NSDL,36256.0,39.0,1.4081,-0.281,0.472,20.14,NEUTRAL,0.095
COMMODITIES,2020-06-30,NSDL,637.0,-1.0,0.0247,-1.036,0.767,13.75,ACCUMULATION,-0.135
ENERGY,2020-06-30,NSDL,318990.0,485.0,12.3889,0.849,0.031,49.01,NEUTRAL,0.44
FINANCIAL_SERVICES,2020-06-30,NSDL,887045.0,18751.0,34.4511,-0.459,1.741,15.76,ACCUMULATION,0.641
FMCG,2020-06-30,NSDL,228137.0,-2407.0,8.8604,0.538,-0.459,20.43,NEUTRAL,0.04
HEALTHCARE,2020-06-30,NSDL,18722.0,-99.0,0.7271,0.1,-0.622,13.23,DISTRIBUTION,-0.261
INFRASTRUCTURE,2020-06-30,NSDL,69099.0,-2210.0,2.6837,-0.445,-2.291,11.22,DISTRIBUTION,-1.368
IT,2020-06-30,NSDL,311404.0,-1385.0,12.0943,-0.029,0.112,13.97,NEUTRAL,0.042
LOGISTICS,2020-06-30,NSDL,30727.0,172.0,1.1934,-0.584,1.186,21.27,ACCUMULATION,0.301
MEDIA,2020-06-30,NSDL,17101.0,-163.0,0.6642,-0.554,-0.575,39.52,DISTRIBUTION,-0.565
METAL,2020-06-30,NSDL,29681.0,-339.0,1.1528,-0.723,0.008,31.53,NEUTRAL,-0.357
PHARMA,2020-06-30,NSDL,123041.0,546.0,4.7787,1.018,1.589,37.8,STRONG_ACCUMULATION,1.304
REALTY,2020-06-30,NSDL,22394.0,236.0,0.8697,-0.598,0.923,16.18,ACCUMULATION,0.163
SERVICES,2020-06-30,NSDL,57388.0,1318.0,2.2288,0.305,1.381,18.35,ACCUMULATION,0.843
TELECOM,2020-06-30,NSDL,86342.0,-5024.0,3.3534,1.142,-3.08,32.34,DISTRIBUTION,-0.969
TEXTILES,2020-06-30,NSDL,28011.0,-159.0,1.0879,-0.849,0.632,0.12,ACCUMULATION,-0.108
AUTO,2020-07-15,NSDL,129776.0,477.0,4.9176,-0.046,0.58,29.81,ACCUMULATION,0.267
CAPITAL_GOODS,2020-07-15,NSDL,136570.0,1129.0,5.1751,-0.185,0.746,15.6,ACCUMULATION,0.28
CEMENT,2020-07-15,NSDL,46143.0,-490.0,1.7485,-0.379,0.095,10.62,NEUTRAL,-0.142
CHEMICALS,2020-07-15,NSDL,37781.0,-309.0,1.4316,-0.078,-0.983,14.79,DISTRIBUTION,-0.53
COMMODITIES,2020-07-15,NSDL,634.0,-6.0,0.024,-0.987,0.3,3.09,NEUTRAL,-0.344
ENERGY,2020-07-15,NSDL,337468.0,-2623.0,12.7878,1.086,-0.748,51.0,DISTRIBUTION,0.169
FINANCIAL_SERVICES,2020-07-15,NSDL,893888.0,988.0,33.8724,-0.398,0.004,17.29,NEUTRAL,-0.197
FMCG,2020-07-15,NSDL,231578.0,-2243.0,8.7753,0.591,-0.408,10.75,NEUTRAL,0.091
HEALTHCARE,2020-07-15,NSDL,20614.0,-36.0,0.7811,0.496,-0.41,14.62,NEUTRAL,0.043
INFRASTRUCTURE,2020-07-15,NSDL,64440.0,-1502.0,2.4418,-0.658,-1.355,-2.14,DISTRIBUTION,-1.006
IT,2020-07-15,NSDL,344801.0,724.0,13.0657,0.463,0.787,27.71,ACCUMULATION,0.625
LOGISTICS,2020-07-15,NSDL,29884.0,-162.0,1.1324,-0.616,0.511,11.99,ACCUMULATION,-0.052
MEDIA,2020-07-15,NSDL,16426.0,154.0,0.6224,-0.629,-0.287,22.2,NEUTRAL,-0.458
METAL,2020-07-15,NSDL,31035.0,-375.0,1.176,-0.549,-0.018,22.95,NEUTRAL,-0.284
PHARMA,2020-07-15,NSDL,126621.0,159.0,4.7981,1.112,1.031,16.23,STRONG_ACCUMULATION,1.071
REALTY,2020-07-15,NSDL,21273.0,-220.0,0.8061,-0.715,-1.002,8.77,DISTRIBUTION,-0.859
SERVICES,2020-07-15,NSDL,57260.0,299.0,2.1698,0.277,-0.128,15.71,NEUTRAL,0.075
TELECOM,2020-07-15,NSDL,84875.0,-1581.0,3.2162,0.991,-0.876,13.25,DISTRIBUTION,0.057
TEXTILES,2020-07-15,NSDL,27921.0,-299.0,1.058,-0.793,0.305,-1.16,NEUTRAL,-0.244
AUTO,2020-07-31,NSDL,138290.0,1475.0,5.0086,0.228,1.255,43524.61,ACCUMULATION,0.741
CAPITAL_GOODS,2020-07-31,NSDL,138930.0,674.0,5.0318,-0.088,0.487,32360.28,NEUTRAL,0.2
CEMENT,2020-07-31,NSDL,48521.0,-674.0,1.7573,-0.147,-0.149,11763.33,NEUTRAL,-0.148
CHEMICALS,2020-07-31,NSDL,39467.0,-249.0,1.4294,0.131,-0.659,inf,DISTRIBUTION,-0.264
COMMODITIES,2020-07-31,NSDL,1113.0,-10.0,0.0403,1.555,-0.093,156.45,NEUTRAL,0.731
ENERGY,2020-07-31,NSDL,378318.0,4020.0,13.7019,1.58,0.944,10535.87,ACCUMULATION,1.262
FINANCIAL_SERVICES,2020-07-31,NSDL,911062.0,-1159.0,32.9968,-0.3,-0.192,2538.24,NEUTRAL,-0.246
FMCG,2020-07-31,NSDL,230115.0,-788.0,8.3343,0.531,-0.114,80642.11,NEUTRAL,0.209
HEALTHCARE,2020-07-31,NSDL,22603.0,303.0,0.8186,0.889,0.604,inf,ACCUMULATION,0.746
INFRASTRUCTURE,2020-07-31,NSDL,65913.0,-573.0,2.3872,-0.525,-0.203,2460.72,NEUTRAL,-0.364
IT,2020-07-31,NSDL,378063.0,2030.0,13.6927,0.921,1.145,inf,ACCUMULATION,1.033
LOGISTICS,2020-07-31,NSDL,30321.0,-325.0,1.0982,-0.52,0.193,4237.77,NEUTRAL,-0.164
MEDIA,2020-07-31,NSDL,14944.0,-332.0,0.5412,-0.831,-0.697,13008.77,DISTRIBUTION,-0.764
METAL,2020-07-31,NSDL,32721.0,286.0,1.1851,-0.347,1.364,5753.49,ACCUMULATION,0.509
PHARMA,2020-07-31,NSDL,139557.0,970.0,5.0545,1.548,1.927,inf,STRONG_ACCUMULATION,1.738
REALTY,2020-07-31,NSDL,21845.0,-175.0,0.7912,-0.595,-0.749,3800.89,DISTRIBUTION,-0.672
SERVICES,2020-07-31,NSDL,57474.0,29.0,2.0816,0.276,-0.531,22527.56,DISTRIBUTION,-0.128
TELECOM,2020-07-31,NSDL,82565.0,-1394.0,2.9903,0.808,-0.719,21627.63,DISTRIBUTION,0.045
TEXTILES,2020-07-31,NSDL,29236.0,-79.0,1.0589,-0.603,0.835,inf,ACCUMULATION,0.116
AUTO,2020-08-15,NSDL,144407.0,1734.0,5.105,0.416,1.346,37.35,ACCUMULATION,0.881
CAPITAL_GOODS,2020-08-15,NSDL,149552.0,1443.0,5.2869,0.236,0.963,28.95,ACCUMULATION,0.599
CEMENT,2020-08-15,NSDL,47747.0,-421.0,1.6879,-0.175,0.186,14.69,NEUTRAL,0.006
CHEMICALS,2020-08-15,NSDL,40612.0,-124.0,1.4357,0.277,-0.04,21.36,NEUTRAL,0.119
COMMODITIES,2020-08-15,NSDL,1147.0,5.0,0.0405,1.646,1.197,94.74,STRONG_ACCUMULATION,1.421
ENERGY,2020-08-15,NSDL,387217.0,5910.0,13.6886,1.559,1.322,41.16,STRONG_ACCUMULATION,1.441
FINANCIAL_SERVICES,2020-08-15,NSDL,931272.0,7782.0,32.9217,-0.193,0.677,21.46,ACCUMULATION,0.242
FMCG,2020-08-15,NSDL,232651.0,553.0,8.2245,0.556,0.145,11.46,NEUTRAL,0.351
HEALTHCARE,2020-08-15,NSDL,22899.0,264.0,0.8095,0.888,0.489,24.31,NEUTRAL,0.689
INFRASTRUCTURE,2020-08-15,NSDL,66491.0,244.0,2.3505,-0.457,0.843,2.29,ACCUMULATION,0.193
IT,2020-08-15,NSDL,376702.0,1356.0,13.3169,0.874,0.861,33.37,ACCUMULATION,0.867
LOGISTICS,2020-08-15,NSDL,31344.0,-84.0,1.1081,-0.369,0.746,12.61,ACCUMULATION,0.189
MEDIA,2020-08-15,NSDL,16722.0,-173.0,0.5911,-0.475,-0.54,4.27,DISTRIBUTION,-0.508
METAL,2020-08-15,NSDL,37758.0,554.0,1.3348,0.16,1.754,46.18,ACCUMULATION,0.957
PHARMA,2020-08-15,NSDL,146016.0,1115.0,5.1619,1.656,1.885,31.75,STRONG_ACCUMULATION,1.77
REALTY,2020-08-15,NSDL,22714.0,27.0,0.803,-0.437,0.186,20.51,NEUTRAL,-0.126
SERVICES,2020-08-15,NSDL,62666.0,160.0,2.2153,0.651,-0.342,21.77,NEUTRAL,0.154
TELECOM,2020-08-15,NSDL,80389.0,-771.0,2.8419,0.644,-0.319,-1.73,NEUTRAL,0.163
TEXTILES,2020-08-15,NSDL,30444.0,204.0,1.0762,-0.439,1.415,18.14,ACCUMULATION,0.488
AUTO,2020-08-31,NSDL,147992.0,1349.0,5.0892,0.502,1.012,29.15,ACCUMULATION,0.757
CAPITAL_GOODS,2020-08-31,NSDL,158313.0,2552.0,5.4441,0.486,1.548,29.0,ACCUMULATION,1.017
CEMENT,2020-08-31,NSDL,46750.0,-169.0,1.6077,-0.224,0.507,3.45,ACCUMULATION,0.142
CHEMICALS,2020-08-31,NSDL,42126.0,298.0,1.4487,0.448,1.875,20.02,ACCUMULATION,1.161
COMMODITIES,2020-08-31,NSDL,1144.0,-77.0,0.0393,1.503,-3.791,113.83,DISTRIBUTION,-1.144
ENERGY,2020-08-31,NSDL,381966.0,806.0,13.1352,1.36,0.034,37.25,NEUTRAL,0.697
FINANCIAL_SERVICES,2020-08-31,NSDL,1000253.0,9834.0,34.3972,0.083,0.818,29.34,ACCUMULATION,0.45
FMCG,2020-08-31,NSDL,225836.0,-822.0,7.7662,0.383,-0.14,1.74,NEUTRAL,0.121
HEALTHCARE,2020-08-31,NSDL,23293.0,-40.0,0.801,0.908,-0.409,26.02,NEUTRAL,0.25
INFRASTRUCTURE,2020-08-31,NSDL,68803.0,314.0,2.366,-0.29,0.915,4.62,ACCUMULATION,0.312
IT,2020-08-31,NSDL,374910.0,46.0,12.8926,0.825,0.349,26.43,NEUTRAL,0.587
LOGISTICS,2020-08-31,NSDL,32838.0,79.0,1.1292,-0.176,1.086,15.81,ACCUMULATION,0.455
MEDIA,2020-08-31,NSDL,20498.0,497.0,0.7049,0.218,0.034,17.43,NEUTRAL,0.126
METAL,2020-08-31,NSDL,38963.0,727.0,1.3399,0.298,1.88,42.43,ACCUMULATION,1.089
PHARMA,2020-08-31,NSDL,140435.0,1330.0,4.8294,1.327,1.906,20.22,STRONG_ACCUMULATION,1.616
REALTY,2020-08-31,NSDL,25567.0,351.0,0.8792,-0.025,1.524,29.08,ACCUMULATION,0.75
SERVICES,2020-08-31,NSDL,68530.0,1108.0,2.3566,1.04,1.032,30.43,STRONG_ACCUMULATION,1.036
TELECOM,2020-08-31,NSDL,79039.0,-148.0,2.718,0.525,0.067,-11.39,NEUTRAL,0.296
TEXTILES,2020-08-31,NSDL,30692.0,174.0,1.0555,-0.38,1.244,15.26,ACCUMULATION,0.432
AUTO,2020-09-15,CDSL,150818.0,173.0,5.0597,0.563,0.196,26.42,NEUTRAL,0.379
CAPITAL_GOODS,2020-09-15,CDSL,173172.0,2668.0,5.8097,0.883,1.482,33.6,ACCUMULATION,1.183
CEMENT,2020-09-15,CDSL,47330.0,-406.0,1.5879,-0.142,0.19,3.86,NEUTRAL,0.024
CHEMICALS,2020-09-15,CDSL,44851.0,474.0,1.5047,0.729,2.402,25.68,ACCUMULATION,1.566
COMMODITIES,2020-09-15,CDSL,1191.0,-107.0,0.04,1.591,-3.598,103.24,DISTRIBUTION,-1.003
ENERGY,2020-09-15,CDSL,421578.0,3238.0,14.1433,1.711,0.586,38.22,ACCUMULATION,1.149
FINANCIAL_SERVICES,2020-09-15,CDSL,969345.0,2534.0,32.5201,-0.023,0.045,16.78,NEUTRAL,0.011
FMCG,2020-09-15,CDSL,226274.0,-3027.0,7.5912,0.376,-0.571,3.68,DISTRIBUTION,-0.097
HEALTHCARE,2020-09-15,CDSL,24747.0,505.0,0.8302,1.142,1.128,29.74,STRONG_ACCUMULATION,1.135
INFRASTRUCTURE,2020-09-15,CDSL,67723.0,-33.0,2.272,-0.32,0.48,0.82,NEUTRAL,0.08
IT,2020-09-15,CDSL,408352.0,-87.0,13.6996,1.224,0.259,34.86,NEUTRAL,0.742
LOGISTICS,2020-09-15,CDSL,33616.0,45.0,1.1278,-0.068,0.947,12.03,ACCUMULATION,0.44
MEDIA,2020-09-15,CDSL,23167.0,735.0,0.7772,0.69,0.229,40.48,NEUTRAL,0.459
METAL,2020-09-15,CDSL,39258.0,831.0,1.317,0.333,1.84,36.44,ACCUMULATION,1.087
PHARMA,2020-09-15,CDSL,147580.0,1174.0,4.9511,1.463,1.573,20.99,STRONG_ACCUMULATION,1.518
REALTY,2020-09-15,CDSL,25407.0,180.0,0.8524,-0.029,0.756,16.11,ACCUMULATION,0.363
SERVICES,2020-09-15,CDSL,70876.0,437.0,2.3778,1.132,0.068,25.42,NEUTRAL,0.6
TELECOM,2020-09-15,CDSL,73475.0,-3762.0,2.465,0.188,-1.884,-14.16,DISTRIBUTION,-0.848
TEXTILES,2020-09-15,CDSL,31993.0,2.0,1.0733,-0.216,0.771,16.3,ACCUMULATION,0.278
AUTO,2020-09-30,CDSL,148495.0,-1310.0,5.1095,0.477,-0.755,18.0,DISTRIBUTION,-0.139
CAPITAL_GOODS,2020-09-30,CDSL,174028.0,2355.0,5.988,0.864,1.189,27.78,ACCUMULATION,1.026
CEMENT,2020-09-30,CDSL,47945.0,-487.0,1.6497,-0.069,0.053,0.34,NEUTRAL,-0.008
CHEMICALS,2020-09-30,CDSL,43146.0,88.0,1.4846,0.523,0.817,19.0,ACCUMULATION,0.67
COMMODITIES,2020-09-30,CDSL,1082.0,-45.0,0.0372,1.018,-1.115,69.86,DISTRIBUTION,-0.048
ENERGY,2020-09-30,CDSL,401825.0,895.0,13.8262,1.335,-0.058,25.97,NEUTRAL,0.638
FINANCIAL_SERVICES,2020-09-30,CDSL,934683.0,-2383.0,32.161,-0.14,-0.494,5.37,NEUTRAL,-0.317
FMCG,2020-09-30,CDSL,220521.0,-2463.0,7.5878,0.237,-0.449,-3.34,NEUTRAL,-0.106
HEALTHCARE,2020-09-30,CDSL,28152.0,1068.0,0.9687,1.702,2.356,50.37,STRONG_ACCUMULATION,2.029
INFRASTRUCTURE,2020-09-30,CDSL,63212.0,-412.0,2.175,-0.535,0.046,-8.52,NEUTRAL,-0.245
IT,2020-09-30,CDSL,416212.0,628.0,14.3212,1.261,0.479,33.66,NEUTRAL,0.87
LOGISTICS,2020-09-30,CDSL,31905.0,-148.0,1.0978,-0.221,0.494,3.83,NEUTRAL,0.137
MEDIA,2020-09-30,CDSL,22111.0,388.0,0.7608,0.525,-0.068,29.3,NEUTRAL,0.229
METAL,2020-09-30,CDSL,36970.0,-794.0,1.2721,0.121,-0.966,24.56,DISTRIBUTION,-0.422
PHARMA,2020-09-30,CDSL,146553.0,-152.0,5.0427,1.317,0.126,19.11,NEUTRAL,0.722
REALTY,2020-09-30,CDSL,24263.0,-277.0,0.8349,-0.164,-1.129,8.35,DISTRIBUTION,-0.646
SERVICES,2020-09-30,CDSL,70451.0,-728.0,2.4241,1.02,-1.505,22.76,DISTRIBUTION,-0.242
TELECOM,2020-09-30,CDSL,61821.0,-5974.0,2.1272,-0.472,-2.566,-28.4,DISTRIBUTION,-1.519
TEXTILES,2020-09-30,CDSL,32886.0,-251.0,1.1316,-0.094,0.154,17.4,NEUTRAL,0.03
AUTO,2020-10-15,CDSL,151765.0,767.0,5.0625,0.561,0.599,16.94,ACCUMULATION,0.58
CAPITAL_GOODS,2020-10-15,CDSL,172813.0,1664.0,5.7646,0.795,0.702,26.54,ACCUMULATION,0.748
CEMENT,2020-10-15,CDSL,50923.0,-82.0,1.6987,0.201,0.536,10.36,ACCUMULATION,0.369
CHEMICALS,2020-10-15,CDSL,42875.0,160.0,1.4302,0.489,1.113,13.48,ACCUMULATION,0.801
COMMODITIES,2020-10-15,CDSL,1070.0,-37.0,0.0357,0.915,-0.801,68.77,DISTRIBUTION,0.057
ENERGY,2020-10-15,CDSL,395770.0,-1149.0,13.2019,1.163,-0.625,17.28,DISTRIBUTION,0.269
FINANCIAL_SERVICES,2020-10-15,CDSL,1001542.0,2708.0,33.4089,0.126,0.024,12.04,NEUTRAL,0.075
FMCG,2020-10-15,CDSL,219478.0,-787.0,7.3212,0.202,-0.115,-5.23,NEUTRAL,0.044
HEALTHCARE,2020-10-15,CDSL,28880.0,486.0,0.9634,1.667,1.013,40.1,STRONG_ACCUMULATION,1.34
INFRASTRUCTURE,2020-10-15,CDSL,61092.0,-538.0,2.0379,-0.606,-0.079,-5.2,NEUTRAL,-0.342
IT,2020-10-15,CDSL,451864.0,927.0,15.073,1.592,0.547,31.05,ACCUMULATION,1.07
LOGISTICS,2020-10-15,CDSL,32190.0,-30.0,1.0738,-0.153,0.722,7.72,ACCUMULATION,0.284
MEDIA,2020-10-15,CDSL,20065.0,-200.0,0.6693,0.184,-0.56,22.15,DISTRIBUTION,-0.188
METAL,2020-10-15,CDSL,34225.0,-1499.0,1.1417,-0.117,-1.955,10.28,DISTRIBUTION,-1.036
PHARMA,2020-10-15,CDSL,148668.0,-349.0,4.9592,1.286,-0.087,17.41,NEUTRAL,0.6
REALTY,2020-10-15,CDSL,23945.0,-190.0,0.7987,-0.182,-0.776,12.56,DISTRIBUTION,-0.479
SERVICES,2020-10-15,CDSL,68444.0,-161.0,2.2831,0.809,-0.681,19.53,DISTRIBUTION,0.064
TELECOM,2020-10-15,CDSL,59477.0,-2329.0,1.984,-0.607,-0.751,-29.92,DISTRIBUTION,-0.679
TEXTILES,2020-10-15,CDSL,32747.0,-250.0,1.0924,-0.078,0.153,17.28,NEUTRAL,0.037
AUTO,2020-10-31,CDSL,147186.0,1996.0,4.8748,0.425,1.36,6.43,ACCUMULATION,0.893
CAPITAL_GOODS,2020-10-31,CDSL,185708.0,1867.0,6.1507,1.112,0.811,33.67,ACCUMULATION,0.962
CEMENT,2020-10-31,CDSL,54147.0,666.0,1.7934,0.488,1.422,11.59,ACCUMULATION,0.955
CHEMICALS,2020-10-31,CDSL,42919.0,331.0,1.4215,0.493,1.651,8.75,ACCUMULATION,1.072
COMMODITIES,2020-10-31,CDSL,1005.0,-81.0,0.0333,0.606,-2.137,-9.7,DISTRIBUTION,-0.766
ENERGY,2020-10-31,CDSL,373276.0,-1180.0,12.363,0.831,-0.627,-1.33,DISTRIBUTION,0.102
FINANCIAL_SERVICES,2020-10-31,CDSL,1032675.0,9098.0,34.2025,0.225,0.672,13.35,ACCUMULATION,0.449
FMCG,2020-10-31,CDSL,218746.0,1473.0,7.2449,0.189,0.319,-4.94,NEUTRAL,0.254
HEALTHCARE,2020-10-31,CDSL,28984.0,-24.0,0.96,1.532,-0.366,28.23,NEUTRAL,0.583
INFRASTRUCTURE,2020-10-31,CDSL,65218.0,171.0,2.16,-0.326,0.812,-1.05,ACCUMULATION,0.243
IT,2020-10-31,CDSL,445749.0,4375.0,14.7633,1.405,1.656,17.9,STRONG_ACCUMULATION,1.53
LOGISTICS,2020-10-31,CDSL,33665.0,340.0,1.115,0.064,1.4,11.03,ACCUMULATION,0.732
MEDIA,2020-10-31,CDSL,17601.0,-124.0,0.5829,-0.254,-0.485,17.78,NEUTRAL,-0.369
METAL,2020-10-31,CDSL,35116.0,-847.0,1.1631,-0.007,-0.855,7.32,DISTRIBUTION,-0.431
PHARMA,2020-10-31,CDSL,144815.0,-162.0,4.7963,1.071,0.085,3.77,NEUTRAL,0.578
REALTY,2020-10-31,CDSL,26182.0,-134.0,0.8672,0.141,-0.578,19.85,DISTRIBUTION,-0.218
SERVICES,2020-10-31,CDSL,70193.0,92.0,2.3248,0.88,-0.322,22.13,NEUTRAL,0.279
TELECOM,2020-10-31,CDSL,64001.0,-339.0,2.1197,-0.362,0.198,-22.48,NEUTRAL,-0.082
TEXTILES,2020-10-31,CDSL,32113.0,-36.0,1.0636,-0.097,0.677,9.84,ACCUMULATION,0.29
AUTO,2020-11-15,CDSL,158016.0,711.0,4.7636,0.736,0.562,9.42,ACCUMULATION,0.649
CAPITAL_GOODS,2020-11-15,CDSL,204757.0,5214.0,6.1727,1.525,2.475,36.91,STRONG_ACCUMULATION,2.0
CEMENT,2020-11-15,CDSL,58537.0,1728.0,1.7647,0.843,2.373,22.6,ACCUMULATION,1.608
CHEMICALS,2020-11-15,CDSL,44217.0,987.0,1.333,0.626,3.144,8.88,ACCUMULATION,1.885
COMMODITIES,2020-11-15,CDSL,1008.0,-134.0,0.0304,0.586,-3.0,-12.12,DISTRIBUTION,-1.207
ENERGY,2020-11-15,CDSL,371791.0,-766.0,11.2082,0.762,-0.5,-3.98,NEUTRAL,0.131
FINANCIAL_SERVICES,2020-11-15,CDSL,1234563.0,21161.0,37.2178,0.938,1.726,32.57,ACCUMULATION,1.332
FMCG,2020-11-15,CDSL,230621.0,2718.0,6.9524,0.447,0.534,-0.87,ACCUMULATION,0.491
HEALTHCARE,2020-11-15,CDSL,30777.0,260.0,0.9278,1.679,0.451,34.4,NEUTRAL,1.065
INFRASTRUCTURE,2020-11-15,CDSL,71361.0,1252.0,2.1513,0.067,2.018,7.32,ACCUMULATION,1.042
IT,2020-11-15,CDSL,456811.0,4569.0,13.7713,1.417,1.563,21.27,STRONG_ACCUMULATION,1.49
LOGISTICS,2020-11-15,CDSL,36927.0,778.0,1.1132,0.485,2.012,17.81,ACCUMULATION,1.248
MEDIA,2020-11-15,CDSL,17984.0,62.0,0.5422,-0.177,-0.312,7.55,NEUTRAL,-0.244
METAL,2020-11-15,CDSL,41229.0,557.0,1.2429,0.584,1.277,9.19,ACCUMULATION,0.93
PHARMA,2020-11-15,CDSL,149968.0,-425.0,4.521,1.149,-0.234,2.71,NEUTRAL,0.458
REALTY,2020-11-15,CDSL,27579.0,-356.0,0.8314,0.336,-1.428,21.42,DISTRIBUTION,-0.546
SERVICES,2020-11-15,CDSL,77325.0,753.0,2.3311,1.294,0.564,23.39,ACCUMULATION,0.929
TELECOM,2020-11-15,CDSL,69024.0,638.0,2.0808,-0.096,0.631,-14.14,ACCUMULATION,0.268
TEXTILES,2020-11-15,CDSL,34638.0,-90.0,1.0442,0.226,0.59,13.78,ACCUMULATION,0.408
AUTO,2020-11-30,CDSL,169610.0,3730.0,4.9455,1.063,2.185,14.61,STRONG_ACCUMULATION,1.624
CAPITAL_GOODS,2020-11-30,CDSL,221017.0,6120.0,6.4445,1.788,2.503,39.61,STRONG_ACCUMULATION,2.146
CEMENT,2020-11-30,CDSL,60660.0,2099.0,1.7687,0.994,2.379,29.75,ACCUMULATION,1.687
CHEMICALS,2020-11-30,CDSL,45012.0,1410.0,1.3125,0.708,3.218,6.85,ACCUMULATION,1.963
COMMODITIES,2020-11-30,CDSL,1057.0,-83.0,0.0308,0.783,-1.473,-7.6,DISTRIBUTION,-0.345
ENERGY,2020-11-30,CDSL,361769.0,876.0,10.5486,0.61,-0.044,-5.29,NEUTRAL,0.283
FINANCIAL_SERVICES,2020-11-30,CDSL,1292131.0,29803.0,37.6764,1.113,2.24,29.18,STRONG_ACCUMULATION,1.677
FMCG,2020-11-30,CDSL,234925.0,3225.0,6.85,0.539,0.605,4.02,ACCUMULATION,0.572
HEALTHCARE,2020-11-30,CDSL,32848.0,714.0,0.9578,1.821,1.655,41.02,STRONG_ACCUMULATION,1.738
INFRASTRUCTURE,2020-11-30,CDSL,77075.0,1672.0,2.2474,0.44,2.249,12.02,ACCUMULATION,1.345
IT,2020-11-30,CDSL,454546.0,-769.0,13.2538,1.291,-0.291,21.24,NEUTRAL,0.5
LOGISTICS,2020-11-30,CDSL,38935.0,1143.0,1.1353,0.759,2.343,18.57,ACCUMULATION,1.551
MEDIA,2020-11-30,CDSL,18037.0,-8.0,0.5259,-0.15,-0.343,-12.01,NEUTRAL,-0.246
METAL,2020-11-30,CDSL,46604.0,2544.0,1.3589,1.069,3.165,19.61,STRONG_ACCUMULATION,2.117
PHARMA,2020-11-30,CDSL,157320.0,4309.0,4.5872,1.278,3.439,12.02,STRONG_ACCUMULATION,2.359
REALTY,2020-11-30,CDSL,29159.0,-433.0,0.8502,0.556,-1.589,14.05,DISTRIBUTION,-0.516
SERVICES,2020-11-30,CDSL,81252.0,1558.0,2.3692,1.447,1.519,18.56,STRONG_ACCUMULATION,1.483
TELECOM,2020-11-30,CDSL,70975.0,944.0,2.0695,-0.024,0.732,-10.2,ACCUMULATION,0.354
TEXTILES,2020-11-30,CDSL,36620.0,214.0,1.0678,0.526,1.347,19.31,ACCUMULATION,0.936
AUTO,2020-12-15,CDSL,179062.0,7024.0,4.9501,1.282,3.079,18.73,STRONG_ACCUMULATION,2.181
CAPITAL_GOODS,2020-12-15,CDSL,235784.0,7154.0,6.5181,1.927,2.503,36.16,STRONG_ACCUMULATION,2.215
CEMENT,2020-12-15,CDSL,63269.0,2681.0,1.749,1.159,2.483,33.68,STRONG_ACCUMULATION,1.821
CHEMICALS,2020-12-15,CDSL,48202.0,1521.0,1.3325,1.011,2.76,7.47,STRONG_ACCUMULATION,1.885
COMMODITIES,2020-12-15,CDSL,1169.0,-13.0,0.0323,1.209,0.359,-1.85,NEUTRAL,0.784
ENERGY,2020-12-15,CDSL,374055.0,-397.0,10.3405,0.715,-0.327,-11.27,NEUTRAL,0.194
FINANCIAL_SERVICES,2020-12-15,CDSL,1348292.0,28441.0,37.2728,1.27,2.002,39.09,STRONG_ACCUMULATION,1.636
FMCG,2020-12-15,CDSL,253979.0,5429.0,7.0211,0.924,0.981,12.24,ACCUMULATION,0.953
HEALTHCARE,2020-12-15,CDSL,33168.0,1025.0,0.9169,1.684,2.196,34.03,STRONG_ACCUMULATION,1.94
INFRASTRUCTURE,2020-12-15,CDSL,83183.0,1687.0,2.2995,0.814,1.988,22.83,ACCUMULATION,1.401
IT,2020-12-15,CDSL,476003.0,-379.0,13.1588,1.406,-0.214,16.57,NEUTRAL,0.596
LOGISTICS,2020-12-15,CDSL,43124.0,976.0,1.1921,1.246,1.856,28.28,STRONG_ACCUMULATION,1.551
MEDIA,2020-12-15,CDSL,21056.0,-108.0,0.5821,0.408,-0.401,-9.11,NEUTRAL,0.003
METAL,2020-12-15,CDSL,54212.0,4176.0,1.4987,1.663,3.466,38.09,STRONG_ACCUMULATION,2.565
PHARMA,2020-12-15,CDSL,166808.0,7216.0,4.6113,1.439,3.685,13.03,STRONG_ACCUMULATION,2.562
REALTY,2020-12-15,CDSL,32457.0,19.0,0.8973,0.991,0.21,27.75,NEUTRAL,0.601
SERVICES,2020-12-15,CDSL,91429.0,4104.0,2.5275,1.893,3.372,29.0,STRONG_ACCUMULATION,2.632
TELECOM,2020-12-15,CDSL,72453.0,-762.0,2.0029,0.029,-0.068,-1.39,NEUTRAL,-0.02
TEXTILES,2020-12-15,CDSL,39659.0,696.0,1.0964,0.927,2.189,23.96,ACCUMULATION,1.558
AUTO,2020-12-31,CDSL,180952.0,5070.0,4.8285,1.272,1.925,21.86,STRONG_ACCUMULATION,1.599
CAPITAL_GOODS,2020-12-31,CDSL,250347.0,6416.0,6.6802,1.994,1.941,43.85,STRONG_ACCUMULATION,1.968
CEMENT,2020-12-31,CDSL,65068.0,2777.0,1.7363,1.255,2.21,35.71,STRONG_ACCUMULATION,1.732
CHEMICALS,2020-12-31,CDSL,49955.0,1675.0,1.333,1.141,2.521,15.78,STRONG_ACCUMULATION,1.831
COMMODITIES,2020-12-31,CDSL,1234.0,-10.0,0.0329,1.392,0.444,14.05,NEUTRAL,0.918
ENERGY,2020-12-31,CDSL,373799.0,375.0,9.9744,0.678,-0.074,-6.97,NEUTRAL,0.302
FINANCIAL_SERVICES,2020-12-31,CDSL,1411351.0,19709.0,37.6603,1.43,1.255,51.0,STRONG_ACCUMULATION,1.342
FMCG,2020-12-31,CDSL,257986.0,4887.0,6.8841,0.966,0.817,16.99,ACCUMULATION,0.891
HEALTHCARE,2020-12-31,CDSL,34122.0,886.0,0.9105,1.651,1.735,21.21,STRONG_ACCUMULATION,1.693
INFRASTRUCTURE,2020-12-31,CDSL,82502.0,1122.0,2.2015,0.784,1.306,30.52,ACCUMULATION,1.045
IT,2020-12-31,CDSL,505650.0,3477.0,13.4927,1.562,1.101,21.49,STRONG_ACCUMULATION,1.332
LOGISTICS,2020-12-31,CDSL,43448.0,512.0,1.1594,1.264,0.998,36.18,ACCUMULATION,1.131
MEDIA,2020-12-31,CDSL,20956.0,484.0,0.5592,0.441,0.33,-5.22,NEUTRAL,0.386
METAL,2020-12-31,CDSL,56559.0,2894.0,1.5092,1.739,2.098,52.99,STRONG_ACCUMULATION,1.918
PHARMA,2020-12-31,CDSL,164256.0,4273.0,4.383,1.254,1.878,12.08,STRONG_ACCUMULATION,1.566
REALTY,2020-12-31,CDSL,35275.0,353.0,0.9413,1.322,1.648,45.39,STRONG_ACCUMULATION,1.485
SERVICES,2020-12-31,CDSL,94971.0,3362.0,2.5342,1.876,2.271,34.8,STRONG_ACCUMULATION,2.074
TELECOM,2020-12-31,CDSL,76321.0,-662.0,2.0365,0.236,-0.014,23.45,NEUTRAL,0.111
TEXTILES,2020-12-31,CDSL,42828.0,749.0,1.1428,1.269,2.06,30.23,STRONG_ACCUMULATION,1.664
AUTO,2021-01-15,CDSL,196284.0,4200.0,5.0423,1.574,1.421,29.33,STRONG_ACCUMULATION,1.498
CAPITAL_GOODS,2021-01-15,CDSL,258693.0,4572.0,6.6455,1.922,1.151,49.7,STRONG_ACCUMULATION,1.536
CEMENT,2021-01-15,CDSL,69233.0,2007.0,1.7785,1.487,1.479,35.96,STRONG_ACCUMULATION,1.483
CHEMICALS,2021-01-15,CDSL,52630.0,1126.0,1.352,1.331,1.464,22.75,STRONG_ACCUMULATION,1.397
COMMODITIES,2021-01-15,CDSL,1332.0,-8.0,0.0342,1.637,0.53,24.49,ACCUMULATION,1.083
ENERGY,2021-01-15,CDSL,368830.0,30.0,9.4747,0.593,-0.16,-6.81,NEUTRAL,0.216
FINANCIAL_SERVICES,2021-01-15,CDSL,1439543.0,6449.0,36.9799,1.455,0.173,43.73,NEUTRAL,0.814
FMCG,2021-01-15,CDSL,262262.0,2823.0,6.7371,1.001,0.384,19.49,NEUTRAL,0.692
HEALTHCARE,2021-01-15,CDSL,36638.0,660.0,0.9412,1.795,1.144,26.86,STRONG_ACCUMULATION,1.47
INFRASTRUCTURE,2021-01-15,CDSL,89070.0,2033.0,2.2881,1.158,1.928,45.8,STRONG_ACCUMULATION,1.543
IT,2021-01-15,CDSL,555627.0,3193.0,14.2733,1.834,0.926,22.96,ACCUMULATION,1.38
LOGISTICS,2021-01-15,CDSL,45494.0,594.0,1.1687,1.436,1.089,41.33,STRONG_ACCUMULATION,1.262
MEDIA,2021-01-15,CDSL,21238.0,503.0,0.5456,0.536,1.606,5.85,ACCUMULATION,1.071
METAL,2021-01-15,CDSL,61699.0,2279.0,1.585,1.971,1.501,80.27,STRONG_ACCUMULATION,1.736
PHARMA,2021-01-15,CDSL,166625.0,2458.0,4.2804,1.22,0.906,12.08,ACCUMULATION,1.063
REALTY,2021-01-15,CDSL,37690.0,299.0,0.9682,1.552,1.413,57.4,STRONG_ACCUMULATION,1.482
SERVICES,2021-01-15,CDSL,97922.0,522.0,2.5155,1.821,-0.116,43.07,NEUTRAL,0.852
TELECOM,2021-01-15,CDSL,90247.0,2035.0,2.3183,0.977,1.163,51.73,ACCUMULATION,1.07
TEXTILES,2021-01-15,CDSL,41718.0,337.0,1.0717,1.113,1.098,27.39,STRONG_ACCUMULATION,1.106
AUTO,2021-01-31,CDSL,188502.0,3483.0,5.114,1.294,1.055,28.07,STRONG_ACCUMULATION,1.175
CAPITAL_GOODS,2021-01-31,CDSL,255866.0,3492.0,6.9416,1.687,0.694,37.78,ACCUMULATION,1.191
CEMENT,2021-01-31,CDSL,66611.0,523.0,1.8071,1.21,0.349,23.02,NEUTRAL,0.779
CHEMICALS,2021-01-31,CDSL,52141.0,791.0,1.4146,1.21,0.877,21.49,ACCUMULATION,1.043
COMMODITIES,2021-01-31,CDSL,1345.0,-2.0,0.0365,1.547,0.698,33.83,ACCUMULATION,1.123
ENERGY,2021-01-31,CDSL,352202.0,1002.0,9.5552,0.381,0.126,-5.65,NEUTRAL,0.254
FINANCIAL_SERVICES,2021-01-31,CDSL,1346576.0,-1657.0,36.5323,1.112,-0.48,30.4,NEUTRAL,0.316
FMCG,2021-01-31,CDSL,251577.0,987.0,6.8252,0.736,0.01,15.01,NEUTRAL,0.373
HEALTHCARE,2021-01-31,CDSL,37200.0,1529.0,1.0092,1.681,2.603,28.35,STRONG_ACCUMULATION,2.142
INFRASTRUCTURE,2021-01-31,CDSL,83241.0,1772.0,2.2583,0.817,1.57,27.64,ACCUMULATION,1.194
IT,2021-01-31,CDSL,526356.0,2145.0,14.2799,1.427,0.616,18.08,ACCUMULATION,1.022
LOGISTICS,2021-01-31,CDSL,44183.0,778.0,1.1987,1.236,1.317,31.24,STRONG_ACCUMULATION,1.276
MEDIA,2021-01-31,CDSL,20530.0,40.0,0.557,0.454,-0.131,16.64,NEUTRAL,0.162
METAL,2021-01-31,CDSL,55694.0,1571.0,1.511,1.428,0.943,58.6,ACCUMULATION,1.185
PHARMA,2021-01-31,CDSL,154519.0,553.0,4.1921,0.81,-0.054,6.7,NEUTRAL,0.378
REALTY,2021-01-31,CDSL,34560.0,-276.0,0.9376,1.123,-0.926,32.0,DISTRIBUTION,0.098
SERVICES,2021-01-31,CDSL,91749.0,597.0,2.4891,1.367,-0.072,30.71,NEUTRAL,0.647
TELECOM,2021-01-31,CDSL,82918.0,2590.0,2.2495,0.514,1.302,29.56,ACCUMULATION,0.908
TEXTILES,2021-01-31,CDSL,40219.0,23.0,1.0911,0.93,0.411,25.24,NEUTRAL,0.67
AUTO,2021-02-15,CDSL,208275.0,814.0,5.0166,1.657,-0.012,31.81,NEUTRAL,0.823
CAPITAL_GOODS,2021-02-15,CDSL,283456.0,2465.0,6.8275,1.936,0.277,38.44,NEUTRAL,1.107
CEMENT,2021-02-15,CDSL,80726.0,422.0,1.9444,2.04,0.248,37.91,NEUTRAL,1.144
CHEMICALS,2021-02-15,CDSL,53693.0,209.0,1.2933,1.288,-0.053,21.43,NEUTRAL,0.618
COMMODITIES,2021-02-15,CDSL,1453.0,-7.0,0.035,1.756,0.569,44.15,ACCUMULATION,1.163
ENERGY,2021-02-15,CDSL,395326.0,2803.0,9.522,0.828,0.633,6.33,ACCUMULATION,0.73
FINANCIAL_SERVICES,2021-02-15,CDSL,1608633.0,8189.0,38.7463,1.84,0.319,30.3,NEUTRAL,1.08
FMCG,2021-02-15,CDSL,253288.0,-2237.0,6.1008,0.741,-0.609,9.83,DISTRIBUTION,0.066
HEALTHCARE,2021-02-15,CDSL,42742.0,1689.0,1.0295,2.075,2.453,38.88,STRONG_ACCUMULATION,2.264
INFRASTRUCTURE,2021-02-15,CDSL,96610.0,614.0,2.327,1.576,0.586,35.38,ACCUMULATION,1.081
IT,2021-02-15,CDSL,545161.0,316.0,13.131,1.461,0.013,19.34,NEUTRAL,0.737
LOGISTICS,2021-02-15,CDSL,52083.0,710.0,1.2545,1.947,1.107,41.04,STRONG_ACCUMULATION,1.527
MEDIA,2021-02-15,CDSL,20879.0,-49.0,0.5029,0.571,-0.456,16.1,NEUTRAL,0.057
METAL,2021-02-15,CDSL,64504.0,113.0,1.5537,1.941,-0.078,56.45,NEUTRAL,0.931
PHARMA,2021-02-15,CDSL,161361.0,-366.0,3.8866,0.933,-0.507,7.6,DISTRIBUTION,0.213
REALTY,2021-02-15,CDSL,40508.0,-262.0,0.9757,1.782,-0.805,46.88,DISTRIBUTION,0.488
SERVICES,2021-02-15,CDSL,112102.0,2320.0,2.7001,2.098,1.272,44.98,STRONG_ACCUMULATION,1.685
TELECOM,2021-02-15,CDSL,88775.0,1144.0,2.1383,0.795,0.641,28.61,ACCUMULATION,0.718
TEXTILES,2021-02-15,CDSL,42128.0,-426.0,1.0147,1.131,-0.613,21.62,DISTRIBUTION,0.259
AUTO,2021-02-28,CDSL,191159.0,-1063.0,4.8092,1.173,-0.719,12.71,DISTRIBUTION,0.227
CAPITAL_GOODS,2021-02-28,CDSL,279341.0,1205.0,7.0277,1.686,-0.218,26.39,NEUTRAL,0.734
CEMENT,2021-02-28,CDSL,77752.0,1348.0,1.9561,1.685,0.883,28.18,ACCUMULATION,1.284
CHEMICALS,2021-02-28,CDSL,55327.0,460.0,1.3919,1.347,0.301,22.92,NEUTRAL,0.824
COMMODITIES,2021-02-28,CDSL,1533.0,9.0,0.0386,1.822,0.979,45.03,ACCUMULATION,1.401
ENERGY,2021-02-28,CDSL,403358.0,4451.0,10.1478,0.858,1.065,11.5,ACCUMULATION,0.962
FINANCIAL_SERVICES,2021-02-28,CDSL,1492053.0,16048.0,37.5374,1.391,0.904,15.47,ACCUMULATION,1.147
FMCG,2021-02-28,CDSL,240960.0,-2956.0,6.0621,0.465,-0.735,2.57,DISTRIBUTION,-0.135
HEALTHCARE,2021-02-28,CDSL,42309.0,642.0,1.0644,1.805,0.535,28.8,ACCUMULATION,1.17
INFRASTRUCTURE,2021-02-28,CDSL,100713.0,936.0,2.5338,1.708,0.798,30.67,ACCUMULATION,1.253
IT,2021-02-28,CDSL,513061.0,-2332.0,12.9077,1.101,-0.989,12.87,DISTRIBUTION,0.056
LOGISTICS,2021-02-28,CDSL,54823.0,866.0,1.3793,2.005,1.273,40.81,STRONG_ACCUMULATION,1.639
MEDIA,2021-02-28,CDSL,20478.0,5.0,0.5152,0.541,-0.221,13.53,NEUTRAL,0.16
METAL,2021-02-28,CDSL,71094.0,1508.0,1.7886,2.121,0.831,52.55,ACCUMULATION,1.476
PHARMA,2021-02-28,CDSL,151148.0,-1039.0,3.8026,0.594,-0.812,-3.92,DISTRIBUTION,-0.109
REALTY,2021-02-28,CDSL,39422.0,-7.0,0.9918,1.59,0.248,35.2,NEUTRAL,0.919
SERVICES,2021-02-28,CDSL,112283.0,2261.0,2.8248,1.868,1.132,38.19,STRONG_ACCUMULATION,1.5
TELECOM,2021-02-28,CDSL,87535.0,1780.0,2.2022,0.703,0.921,23.33,ACCUMULATION,0.812
TEXTILES,2021-02-28,CDSL,40491.0,-725.0,1.0187,0.933,-1.249,10.57,DISTRIBUTION,-0.158
AUTO,2021-03-15,CDSL,197783.0,-227.0,4.83,1.243,-0.376,10.46,NEUTRAL,0.434
CAPITAL_GOODS,2021-03-15,CDSL,286397.0,-1755.0,6.9941,1.626,-1.313,21.47,DISTRIBUTION,0.156
CEMENT,2021-03-15,CDSL,83535.0,793.0,2.04,1.861,0.44,32.03,NEUTRAL,1.151
CHEMICALS,2021-03-15,CDSL,58585.0,842.0,1.4307,1.531,0.844,21.54,ACCUMULATION,1.188
COMMODITIES,2021-03-15,CDSL,1461.0,-211.0,0.0357,1.46,-3.402,24.98,DISTRIBUTION,-0.971
ENERGY,2021-03-15,CDSL,426084.0,6405.0,10.4053,1.037,1.52,13.91,STRONG_ACCUMULATION,1.278
FINANCIAL_SERVICES,2021-03-15,CDSL,1510655.0,7048.0,36.8915,1.371,0.146,12.04,NEUTRAL,0.758
FMCG,2021-03-15,CDSL,244826.0,-1871.0,5.9789,0.522,-0.535,-3.6,DISTRIBUTION,-0.007
HEALTHCARE,2021-03-15,CDSL,43398.0,409.0,1.0598,1.723,0.061,30.84,NEUTRAL,0.892
INFRASTRUCTURE,2021-03-15,CDSL,105792.0,147.0,2.5835,1.836,0.106,27.18,NEUTRAL,0.971
IT,2021-03-15,CDSL,551550.0,-2541.0,13.4693,1.313,-0.995,15.87,DISTRIBUTION,0.159
LOGISTICS,2021-03-15,CDSL,57137.0,319.0,1.3953,1.991,0.285,32.49,NEUTRAL,1.138
MEDIA,2021-03-15,CDSL,22247.0,390.0,0.5433,0.926,1.155,5.66,ACCUMULATION,1.04
METAL,2021-03-15,CDSL,73708.0,939.0,1.8,2.029,0.387,35.96,NEUTRAL,1.208
PHARMA,2021-03-15,CDSL,151433.0,-1937.0,3.6981,0.557,-1.176,-9.22,DISTRIBUTION,-0.309
REALTY,2021-03-15,CDSL,39471.0,188.0,0.9639,1.522,0.978,21.61,ACCUMULATION,1.25
SERVICES,2021-03-15,CDSL,114802.0,79.0,2.8036,1.775,-0.615,25.56,DISTRIBUTION,0.58
TELECOM,2021-03-15,CDSL,83484.0,537.0,2.0387,0.484,0.395,15.23,NEUTRAL,0.44
TEXTILES,2021-03-15,CDSL,42515.0,21.0,1.0383,1.15,0.375,7.2,NEUTRAL,0.762
AUTO,2021-03-31,CDSL,188896.0,646.0,4.691,0.971,-0.076,4.39,NEUTRAL,0.448
CAPITAL_GOODS,2021-03-31,CDSL,280888.0,-435.0,6.9755,1.413,-0.863,12.2,DISTRIBUTION,0.275
CEMENT,2021-03-31,CDSL,88136.0,748.0,2.1888,1.904,0.365,35.45,NEUTRAL,1.135
CHEMICALS,2021-03-31,CDSL,62031.0,1059.0,1.5405,1.665,1.103,24.17,STRONG_ACCUMULATION,1.384
COMMODITIES,2021-03-31,CDSL,1359.0,-221.0,0.0337,1.069,-2.828,10.13,DISTRIBUTION,-0.879
ENERGY,2021-03-31,CDSL,398026.0,1905.0,9.8845,0.676,0.303,6.48,NEUTRAL,0.49
FINANCIAL_SERVICES,2021-03-31,CDSL,1456629.0,2735.0,36.1737,1.146,-0.223,3.21,NEUTRAL,0.461
FMCG,2021-03-31,CDSL,261284.0,1747.0,6.4887,0.808,0.13,1.28,NEUTRAL,0.469
HEALTHCARE,2021-03-31,CDSL,44186.0,241.0,1.0973,1.627,-0.307,29.49,NEUTRAL,0.66
INFRASTRUCTURE,2021-03-31,CDSL,106322.0,-230.0,2.6404,1.7,-0.194,28.87,NEUTRAL,0.753
IT,2021-03-31,CDSL,554853.0,-2411.0,13.7792,1.234,-0.888,9.73,DISTRIBUTION,0.173
LOGISTICS,2021-03-31,CDSL,56275.0,151.0,1.3975,1.726,-0.039,29.52,NEUTRAL,0.844
MEDIA,2021-03-31,CDSL,20701.0,33.0,0.5141,0.608,-0.155,-1.22,NEUTRAL,0.226
METAL,2021-03-31,CDSL,74858.0,-690.0,1.859,1.861,-0.755,32.35,DISTRIBUTION,0.553
PHARMA,2021-03-31,CDSL,152231.0,-1872.0,3.7805,0.529,-1.106,-7.32,DISTRIBUTION,-0.289
REALTY,2021-03-31,CDSL,41341.0,3653.0,1.0267,1.606,4.649,17.2,STRONG_ACCUMULATION,3.127
SERVICES,2021-03-31,CDSL,111122.0,-59.0,2.7596,1.487,-0.667,17.01,DISTRIBUTION,0.41
TELECOM,2021-03-31,CDSL,83415.0,1942.0,2.0715,0.473,0.984,9.29,ACCUMULATION,0.728
TEXTILES,2021-03-31,CDSL,44204.0,935.0,1.0978,1.289,2.065,3.21,STRONG_ACCUMULATION,1.677
AUTO,2021-04-15,CDSL,183909.0,-457.0,4.5929,0.798,-0.585,-6.3,DISTRIBUTION,0.107
CAPITAL_GOODS,2021-04-15,CDSL,278756.0,837.0,6.9615,1.271,-0.414,7.76,NEUTRAL,0.428
CEMENT,2021-04-15,CDSL,86407.0,999.0,2.1579,1.63,0.495,24.81,NEUTRAL,1.062
CHEMICALS,2021-04-15,CDSL,62598.0,816.0,1.5633,1.552,0.674,18.94,ACCUMULATION,1.113
COMMODITIES,2021-04-15,CDSL,1302.0,-3.0,0.0325,0.832,0.652,-2.25,ACCUMULATION,0.742
ENERGY,2021-04-15,CDSL,389778.0,-3026.0,9.7341,0.53,-1.065,5.68,DISTRIBUTION,-0.267
FINANCIAL_SERVICES,2021-04-15,CDSL,1422613.0,-5905.0,35.5277,0.981,-0.993,-1.18,DISTRIBUTION,-0.006
FMCG,2021-04-15,CDSL,263323.0,4316.0,6.5761,0.787,0.581,0.4,ACCUMULATION,0.684
HEALTHCARE,2021-04-15,CDSL,46330.0,-78.0,1.157,1.65,-0.945,26.45,DISTRIBUTION,0.352
INFRASTRUCTURE,2021-04-15,CDSL,105683.0,368.0,2.6393,1.518,0.295,18.65,NEUTRAL,0.906
IT,2021-04-15,CDSL,557686.0,-1793.0,13.9274,1.16,-0.663,0.37,DISTRIBUTION,0.248
LOGISTICS,2021-04-15,CDSL,57295.0,33.0,1.4309,1.633,-0.298,25.94,NEUTRAL,0.667
MEDIA,2021-04-15,CDSL,19618.0,-407.0,0.4899,0.351,-1.597,-7.63,DISTRIBUTION,-0.623
METAL,2021-04-15,CDSL,85339.0,768.0,2.1312,2.116,0.237,38.32,NEUTRAL,1.177
PHARMA,2021-04-15,CDSL,161761.0,-616.0,4.0397,0.74,-0.542,-2.92,DISTRIBUTION,0.099
REALTY,2021-04-15,CDSL,38541.0,3186.0,0.9625,1.204,3.05,2.26,STRONG_ACCUMULATION,2.127
SERVICES,2021-04-15,CDSL,112239.0,-344.0,2.803,1.398,-0.833,14.62,DISTRIBUTION,0.282
TELECOM,2021-04-15,CDSL,86991.0,3240.0,2.1725,0.651,1.434,-3.61,ACCUMULATION,1.042
TEXTILES,2021-04-15,CDSL,44067.0,696.0,1.1005,1.194,1.453,5.63,STRONG_ACCUMULATION,1.324
AUTO,2021-04-30,CDSL,181702.0,-1064.0,4.5206,0.688,-0.939,-3.61,DISTRIBUTION,-0.126
CAPITAL_GOODS,2021-04-30,CDSL,275490.0,-256.0,6.8539,1.134,-0.926,7.67,DISTRIBUTION,0.104
CEMENT,2021-04-30,CDSL,83912.0,-327.0,2.0877,1.373,-0.666,25.97,DISTRIBUTION,0.353
CHEMICALS,2021-04-30,CDSL,65435.0,-199.0,1.628,1.613,-0.916,25.5,DISTRIBUTION,0.348
COMMODITIES,2021-04-30,CDSL,1408.0,-11.0,0.035,1.069,0.525,4.68,ACCUMULATION,0.797
ENERGY,2021-04-30,CDSL,398735.0,-3230.0,9.9202,0.572,-1.431,13.21,DISTRIBUTION,-0.43
FINANCIAL_SERVICES,2021-04-30,CDSL,1427716.0,-8393.0,35.5203,0.922,-1.329,6.03,DISTRIBUTION,-0.203
FMCG,2021-04-30,CDSL,256782.0,2811.0,6.3885,0.604,0.242,2.07,NEUTRAL,0.423
HEALTHCARE,2021-04-30,CDSL,47933.0,-388.0,1.1925,1.629,-1.501,28.85,DISTRIBUTION,0.064
INFRASTRUCTURE,2021-04-30,CDSL,111444.0,664.0,2.7726,1.618,0.495,33.88,NEUTRAL,1.056
IT,2021-04-30,CDSL,545705.0,1476.0,13.5767,0.988,0.586,3.68,ACCUMULATION,0.787
LOGISTICS,2021-04-30,CDSL,56686.0,-473.0,1.4103,1.447,-1.441,28.3,DISTRIBUTION,0.003
MEDIA,2021-04-30,CDSL,19909.0,-204.0,0.4953,0.362,-0.865,-3.02,DISTRIBUTION,-0.252
METAL,2021-04-30,CDSL,92968.0,-1820.0,2.313,2.171,-1.576,66.93,DISTRIBUTION,0.297
PHARMA,2021-04-30,CDSL,167954.0,-64.0,4.1785,0.854,-0.318,8.69,NEUTRAL,0.268
REALTY,2021-04-30,CDSL,40049.0,1572.0,0.9964,1.257,1.271,15.88,STRONG_ACCUMULATION,1.264
SERVICES,2021-04-30,CDSL,115383.0,-891.0,2.8706,1.389,-1.29,25.76,DISTRIBUTION,0.049
TELECOM,2021-04-30,CDSL,86924.0,578.0,2.1626,0.6,0.296,4.83,NEUTRAL,0.448
TEXTILES,2021-04-30,CDSL,43302.0,-102.0,1.0773,1.029,-0.139,7.67,NEUTRAL,0.445
AUTO,2021-05-15,NSDL,182930.0,-807.0,4.5374,0.656,-0.913,-12.17,DISTRIBUTION,-0.129
CAPITAL_GOODS,2021-05-15,NSDL,287819.0,248.0,7.139,1.203,-0.818,1.54,DISTRIBUTION,0.193
CEMENT,2021-05-15,NSDL,84246.0,-714.0,2.0896,1.278,-1.161,4.36,DISTRIBUTION,0.058
CHEMICALS,2021-05-15,NSDL,69973.0,-430.0,1.7356,1.759,-1.282,30.32,DISTRIBUTION,0.238
COMMODITIES,2021-05-15,NSDL,1438.0,-4.0,0.0357,1.079,0.629,-1.03,ACCUMULATION,0.854
ENERGY,2021-05-15,NSDL,392685.0,-2184.0,9.7401,0.444,-1.19,-0.67,DISTRIBUTION,-0.373
FINANCIAL_SERVICES,2021-05-15,NSDL,1410917.0,-7119.0,34.9961,0.808,-1.243,-12.29,DISTRIBUTION,-0.218
FMCG,2021-05-15,NSDL,268513.0,1752.0,6.6601,0.788,0.015,6.01,NEUTRAL,0.402
HEALTHCARE,2021-05-15,NSDL,46667.0,-968.0,1.1575,1.392,-2.31,9.18,DISTRIBUTION,-0.459
INFRASTRUCTURE,2021-05-15,NSDL,117695.0,469.0,2.9193,1.706,0.273,21.82,NEUTRAL,0.99
IT,2021-05-15,NSDL,540042.0,4.0,13.3951,0.874,-0.15,-0.94,NEUTRAL,0.362
LOGISTICS,2021-05-15,NSDL,58038.0,26.0,1.4396,1.419,-0.568,11.43,DISTRIBUTION,0.426
MEDIA,2021-05-15,NSDL,20028.0,-502.0,0.4968,0.339,-1.745,-4.08,DISTRIBUTION,-0.703
METAL,2021-05-15,NSDL,97842.0,-2717.0,2.4268,2.093,-2.034,51.68,DISTRIBUTION,0.03
PHARMA,2021-05-15,NSDL,171607.0,-785.0,4.2565,0.893,-0.713,6.35,DISTRIBUTION,0.09
REALTY,2021-05-15,NSDL,39102.0,2144.0,0.9699,1.07,1.661,-3.47,STRONG_ACCUMULATION,1.365
SERVICES,2021-05-15,NSDL,112689.0,-1315.0,2.7951,1.192,-1.6,0.52,DISTRIBUTION,-0.204
TELECOM,2021-05-15,NSDL,88723.0,34.0,2.2007,0.665,0.054,-0.06,NEUTRAL,0.36
TEXTILES,2021-05-15,NSDL,40692.0,-477.0,1.0093,0.696,-1.03,-3.41,DISTRIBUTION,-0.167
AUTO,2021-05-31,NSDL,197473.0,720.0,4.6038,1.188,-0.201,3.3,NEUTRAL,0.493
CAPITAL_GOODS,2021-05-31,NSDL,306720.0,1606.0,7.1507,1.49,-0.247,9.8,NEUTRAL,0.621
CEMENT,2021-05-31,NSDL,89195.0,201.0,2.0794,1.616,-0.296,14.72,NEUTRAL,0.66
CHEMICALS,2021-05-31,NSDL,74290.0,-72.0,1.732,2.271,-0.714,34.27,DISTRIBUTION,0.778
COMMODITIES,2021-05-31,NSDL,1579.0,14.0,0.0368,1.442,0.9,3.0,ACCUMULATION,1.171
ENERGY,2021-05-31,NSDL,432294.0,-1549.0,10.0782,1.455,-0.935,7.17,DISTRIBUTION,0.26
FINANCIAL_SERVICES,2021-05-31,NSDL,1521838.0,2088.0,35.4792,1.216,-0.407,2.0,NEUTRAL,0.404
FMCG,2021-05-31,NSDL,271036.0,-25.0,6.3188,1.717,-0.341,12.48,NEUTRAL,0.688
HEALTHCARE,2021-05-31,NSDL,47496.0,-1318.0,1.1073,1.475,-2.466,12.26,DISTRIBUTION,-0.496
INFRASTRUCTURE,2021-05-31,NSDL,126722.0,897.0,2.9543,2.229,0.621,25.82,ACCUMULATION,1.425
IT,2021-05-31,NSDL,568103.0,-3039.0,13.2444,1.241,-1.487,10.73,DISTRIBUTION,-0.123
LOGISTICS,2021-05-31,NSDL,62274.0,465.0,1.4518,1.795,0.442,13.59,NEUTRAL,1.119
MEDIA,2021-05-31,NSDL,21125.0,-1144.0,0.4925,0.8,-2.956,3.16,DISTRIBUTION,-1.078
METAL,2021-05-31,NSDL,99133.0,1114.0,2.3111,2.001,0.462,39.44,NEUTRAL,1.232
PHARMA,2021-05-31,NSDL,175942.0,-131.0,4.1018,1.575,-0.385,16.4,NEUTRAL,0.595
REALTY,2021-05-31,NSDL,43106.0,191.0,1.0049,1.563,-0.194,9.35,NEUTRAL,0.684
SERVICES,2021-05-31,NSDL,121140.0,-1512.0,2.8242,1.551,-1.624,7.89,DISTRIBUTION,-0.037
TELECOM,2021-05-31,NSDL,84149.0,-1720.0,1.9618,0.465,-0.648,-3.87,DISTRIBUTION,-0.091
TEXTILES,2021-05-31,NSDL,45768.0,-436.0,1.067,1.503,-0.887,13.03,DISTRIBUTION,0.308
AUTO,2021-06-15,NSDL,201815.0,1902.0,4.5606,1.274,0.31,2.04,NEUTRAL,0.792
CAPITAL_GOODS,2021-06-15,NSDL,318104.0,4243.0,7.1886,1.541,0.873,11.07,ACCUMULATION,1.207
CEMENT,2021-06-15,NSDL,90626.0,143.0,2.048,1.56,-0.392,8.49,NEUTRAL,0.584
CHEMICALS,2021-06-15,NSDL,78522.0,961.0,1.7744,2.294,0.837,34.03,ACCUMULATION,1.566
COMMODITIES,2021-06-15,NSDL,1695.0,11.0,0.0383,1.687,0.822,16.02,ACCUMULATION,1.254
ENERGY,2021-06-15,NSDL,454477.0,3780.0,10.2703,1.929,0.989,6.66,ACCUMULATION,1.459
FINANCIAL_SERVICES,2021-06-15,NSDL,1542324.0,9704.0,34.8536,1.205,0.263,2.1,NEUTRAL,0.734
FMCG,2021-06-15,NSDL,276858.0,-1249.0,6.2565,1.866,-0.572,13.08,DISTRIBUTION,0.647
HEALTHCARE,2021-06-15,NSDL,50046.0,-603.0,1.1309,1.581,-1.281,15.32,DISTRIBUTION,0.15
INFRASTRUCTURE,2021-06-15,NSDL,135579.0,1251.0,3.0638,2.284,0.87,28.16,ACCUMULATION,1.577
IT,2021-06-15,NSDL,592613.0,-1992.0,13.3919,1.415,-0.989,7.45,DISTRIBUTION,0.213
LOGISTICS,2021-06-15,NSDL,63075.0,-947.0,1.4254,1.69,-2.495,10.39,DISTRIBUTION,-0.403
MEDIA,2021-06-15,NSDL,22151.0,-1139.0,0.5006,1.181,-2.448,-0.43,DISTRIBUTION,-0.633
METAL,2021-06-15,NSDL,101385.0,1025.0,2.2911,1.877,0.368,37.55,NEUTRAL,1.123
PHARMA,2021-06-15,NSDL,180249.0,1286.0,4.0733,1.744,0.286,19.03,NEUTRAL,1.015
REALTY,2021-06-15,NSDL,45862.0,-236.0,1.0364,1.736,-0.595,16.19,DISTRIBUTION,0.571
SERVICES,2021-06-15,NSDL,132508.0,-683.0,2.9944,1.834,-0.952,15.42,DISTRIBUTION,0.441
TELECOM,2021-06-15,NSDL,88140.0,-1252.0,1.9918,0.873,-0.447,5.58,NEUTRAL,0.213
TEXTILES,2021-06-15,NSDL,49119.0,523.0,1.11,1.837,1.171,15.53,STRONG_ACCUMULATION,1.504
AUTO,2021-06-30,NSDL,200913.0,2747.0,4.6096,1.178,0.673,6.36,ACCUMULATION,0.925
CAPITAL_GOODS,2021-06-30,NSDL,313753.0,2324.0,7.1986,1.371,-0.031,11.7,NEUTRAL,0.67
CEMENT,2021-06-30,NSDL,90919.0,-46.0,2.086,1.447,-0.583,3.16,DISTRIBUTION,0.432
CHEMICALS,2021-06-30,NSDL,78212.0,1358.0,1.7945,2.013,1.369,26.09,STRONG_ACCUMULATION,1.691
COMMODITIES,2021-06-30,NSDL,1789.0,33.0,0.041,1.871,1.099,31.64,STRONG_ACCUMULATION,1.485
ENERGY,2021-06-30,NSDL,416083.0,556.0,9.5464,0.931,-0.123,4.54,NEUTRAL,0.404
FINANCIAL_SERVICES,2021-06-30,NSDL,1517733.0,9646.0,34.8221,1.045,0.204,4.19,NEUTRAL,0.624
FMCG,2021-06-30,NSDL,280500.0,-451.0,6.4357,1.846,-0.317,7.35,NEUTRAL,0.765
HEALTHCARE,2021-06-30,NSDL,53150.0,85.0,1.2194,1.716,-0.278,20.29,NEUTRAL,0.719
INFRASTRUCTURE,2021-06-30,NSDL,122550.0,45.0,2.8117,1.538,-0.242,15.26,NEUTRAL,0.648
IT,2021-06-30,NSDL,616414.0,993.0,14.1427,1.573,0.329,11.1,NEUTRAL,0.951
LOGISTICS,2021-06-30,NSDL,59168.0,-2164.0,1.3575,1.261,-3.446,5.14,DISTRIBUTION,-1.093
MEDIA,2021-06-30,NSDL,20521.0,-589.0,0.4708,0.38,-1.123,-0.87,DISTRIBUTION,-0.371
METAL,2021-06-30,NSDL,98177.0,573.0,2.2525,1.59,0.047,31.15,NEUTRAL,0.819
PHARMA,2021-06-30,NSDL,180523.0,371.0,4.1418,1.674,-0.172,18.58,NEUTRAL,0.751
REALTY,2021-06-30,NSDL,44119.0,-103.0,1.0122,1.413,-0.463,6.72,NEUTRAL,0.475
SERVICES,2021-06-30,NSDL,130820.0,-20.0,3.0015,1.62,-0.435,17.73,NEUTRAL,0.593
TELECOM,2021-06-30,NSDL,84307.0,-391.0,1.9343,0.477,-0.01,1.07,NEUTRAL,0.233
TEXTILES,2021-06-30,NSDL,48880.0,525.0,1.1215,1.658,1.087,10.58,STRONG_ACCUMULATION,1.373
AUTO,2021-07-15,NSDL,199211.0,698.0,4.4903,1.057,-0.341,8.32,NEUTRAL,0.358
CAPITAL_GOODS,2021-07-15,NSDL,316628.0,-218.0,7.137,1.321,-1.134,13.59,DISTRIBUTION,0.094
CEMENT,2021-07-15,NSDL,97012.0,-471.0,2.1867,1.641,-0.946,12.27,DISTRIBUTION,0.348
CHEMICALS,2021-07-15,NSDL,82318.0,510.0,1.8555,2.059,-0.03,31.5,NEUTRAL,1.015
COMMODITIES,2021-07-15,NSDL,1913.0,18.0,0.0431,2.109,0.836,46.93,ACCUMULATION,1.472
ENERGY,2021-07-15,NSDL,408477.0,-3900.0,9.2073,0.663,-1.648,4.8,DISTRIBUTION,-0.492
FINANCIAL_SERVICES,2021-07-15,NSDL,1567037.0,84.0,35.322,1.157,-0.696,10.15,DISTRIBUTION,0.231
FMCG,2021-07-15,NSDL,282809.0,-167.0,6.3747,1.781,-0.239,7.4,NEUTRAL,0.771
HEALTHCARE,2021-07-15,NSDL,55396.0,311.0,1.2487,1.758,0.032,19.57,NEUTRAL,0.895
INFRASTRUCTURE,2021-07-15,NSDL,120599.0,-588.0,2.7184,1.333,-0.953,14.11,DISTRIBUTION,0.19
IT,2021-07-15,NSDL,619205.0,121.0,13.9573,1.519,-0.119,11.03,NEUTRAL,0.7
LOGISTICS,2021-07-15,NSDL,59291.0,-1408.0,1.3365,1.177,-2.027,3.48,DISTRIBUTION,-0.425
MEDIA,2021-07-15,NSDL,20656.0,-172.0,0.4656,0.385,-0.208,5.29,NEUTRAL,0.089
METAL,2021-07-15,NSDL,104700.0,1755.0,2.36,1.679,0.773,22.69,ACCUMULATION,1.226
PHARMA,2021-07-15,NSDL,183285.0,-662.0,4.1314,1.74,-0.657,13.31,DISTRIBUTION,0.541
REALTY,2021-07-15,NSDL,50105.0,-182.0,1.1294,1.913,-0.516,30.0,DISTRIBUTION,0.699
SERVICES,2021-07-15,NSDL,132879.0,-346.0,2.9952,1.563,-0.628,18.39,DISTRIBUTION,0.467
TELECOM,2021-07-15,NSDL,84313.0,-1194.0,1.9005,0.484,-0.339,-3.08,NEUTRAL,0.072
TEXTILES,2021-07-15,NSDL,50600.0,360.0,1.1406,1.749,0.653,14.83,ACCUMULATION,1.201
AUTO,2021-07-31,NSDL,191015.0,-2251.0,4.3531,0.675,-1.643,5.13,DISTRIBUTION,-0.484
CAPITAL_GOODS,2021-07-31,NSDL,316753.0,1704.0,7.2187,1.237,-0.258,14.98,NEUTRAL,0.49
CEMENT,2021-07-31,NSDL,100142.0,-617.0,2.2822,1.652,-1.027,19.34,DISTRIBUTION,0.312
CHEMICALS,2021-07-31,NSDL,82703.0,-183.0,1.8848,1.875,-1.132,26.39,DISTRIBUTION,0.372
COMMODITIES,2021-07-31,NSDL,2076.0,-15.0,0.0473,2.382,0.35,47.44,NEUTRAL,1.366
ENERGY,2021-07-31,NSDL,400129.0,386.0,9.1187,0.311,-0.103,0.35,NEUTRAL,0.104
FINANCIAL_SERVICES,2021-07-31,NSDL,1512108.0,-11419.0,34.4602,0.875,-1.657,5.91,DISTRIBUTION,-0.391
FMCG,2021-07-31,NSDL,280179.0,-1026.0,6.3851,1.504,-0.614,9.11,DISTRIBUTION,0.445
HEALTHCARE,2021-07-31,NSDL,58322.0,221.0,1.3291,1.851,-0.119,21.67,NEUTRAL,0.866
INFRASTRUCTURE,2021-07-31,NSDL,109509.0,-995.0,2.4957,0.793,-1.563,-1.74,DISTRIBUTION,-0.385
IT,2021-07-31,NSDL,625919.0,-3459.0,14.2644,1.524,-1.694,14.7,DISTRIBUTION,-0.085
LOGISTICS,2021-07-31,NSDL,55869.0,-944.0,1.2732,0.825,-1.292,-1.44,DISTRIBUTION,-0.234
MEDIA,2021-07-31,NSDL,19776.0,-92.0,0.4507,-0.104,-0.037,-0.67,NEUTRAL,-0.07
METAL,2021-07-31,NSDL,115448.0,1678.0,2.631,1.878,0.67,24.18,ACCUMULATION,1.274
PHARMA,2021-07-31,NSDL,180700.0,-444.0,4.1181,1.511,-0.527,7.59,DISTRIBUTION,0.492
REALTY,2021-07-31,NSDL,50794.0,-78.0,1.1576,1.799,-0.406,26.83,NEUTRAL,0.696
SERVICES,2021-07-31,NSDL,147714.0,5265.0,3.3663,1.931,2.827,28.02,STRONG_ACCUMULATION,2.379
TELECOM,2021-07-31,NSDL,87495.0,-420.0,1.994,0.835,-0.072,0.66,NEUTRAL,0.382
TEXTILES,2021-07-31,NSDL,51330.0,723.0,1.1698,1.704,1.378,18.54,STRONG_ACCUMULATION,1.541
AUTO,2021-08-15,NSDL,191800.0,-2046.0,4.2118,0.654,-1.439,4.85,DISTRIBUTION,-0.393
CAPITAL_GOODS,2021-08-15,NSDL,320330.0,1633.0,7.0342,1.218,-0.3,11.3,NEUTRAL,0.459
CEMENT,2021-08-15,NSDL,96414.0,-450.0,2.1172,1.339,-0.871,14.44,DISTRIBUTION,0.234
CHEMICALS,2021-08-15,NSDL,82471.0,-205.0,1.811,1.688,-1.184,17.86,DISTRIBUTION,0.252
COMMODITIES,2021-08-15,NSDL,2022.0,-39.0,0.0444,2.072,0.008,40.61,NEUTRAL,1.04
ENERGY,2021-08-15,NSDL,417304.0,-169.0,9.1636,0.936,-0.346,6.27,NEUTRAL,0.295
FINANCIAL_SERVICES,2021-08-15,NSDL,1586982.0,-8470.0,34.8488,1.108,-1.3,12.48,DISTRIBUTION,-0.096
FMCG,2021-08-15,NSDL,284536.0,-357.0,6.2482,1.556,-0.38,5.97,NEUTRAL,0.588
HEALTHCARE,2021-08-15,NSDL,58739.0,-149.0,1.2899,1.732,-0.657,25.87,DISTRIBUTION,0.537
INFRASTRUCTURE,2021-08-15,NSDL,122217.0,117.0,2.6838,1.238,-0.441,3.84,NEUTRAL,0.398
IT,2021-08-15,NSDL,672091.0,-471.0,14.7585,1.923,-0.323,24.45,NEUTRAL,0.8
LOGISTICS,2021-08-15,NSDL,56868.0,-485.0,1.2488,0.843,-0.67,-2.02,DISTRIBUTION,0.086
MEDIA,2021-08-15,NSDL,18511.0,10.0,0.4065,-0.844,0.201,-7.57,NEUTRAL,-0.322
METAL,2021-08-15,NSDL,115314.0,-1435.0,2.5322,1.7,-1.315,17.86,DISTRIBUTION,0.193
PHARMA,2021-08-15,NSDL,178810.0,279.0,3.9265,1.335,-0.172,4.2,NEUTRAL,0.582
REALTY,2021-08-15,NSDL,50281.0,-148.0,1.1041,1.605,-0.474,28.59,NEUTRAL,0.566
SERVICES,2021-08-15,NSDL,150258.0,6182.0,3.2995,1.842,2.711,33.34,STRONG_ACCUMULATION,2.276
TELECOM,2021-08-15,NSDL,95614.0,761.0,2.0996,1.617,0.483,7.77,NEUTRAL,1.05
TEXTILES,2021-08-15,NSDL,53349.0,575.0,1.1715,1.829,0.965,31.1,ACCUMULATION,1.397
AUTO,2021-08-31,NSDL,190014.0,-2446.0,3.9867,0.514,-1.48,-3.78,DISTRIBUTION,-0.483
CAPITAL_GOODS,2021-08-31,NSDL,331754.0,67.0,6.9605,1.333,-0.984,8.16,DISTRIBUTION,0.174
CEMENT,2021-08-31,NSDL,102261.0,1378.0,2.1455,1.526,0.791,14.65,ACCUMULATION,1.159
CHEMICALS,2021-08-31,NSDL,82820.0,-200.0,1.7376,1.565,-1.184,11.48,DISTRIBUTION,0.191
COMMODITIES,2021-08-31,NSDL,1889.0,-100.0,0.0396,1.495,-0.853,19.63,DISTRIBUTION,0.321
ENERGY,2021-08-31,NSDL,463698.0,1711.0,9.7288,2.425,0.394,7.26,NEUTRAL,1.409
FINANCIAL_SERVICES,2021-08-31,NSDL,1644657.0,-2494.0,34.5063,1.274,-0.742,8.07,DISTRIBUTION,0.266
FMCG,2021-08-31,NSDL,307905.0,785.0,6.4601,2.268,0.07,13.6,NEUTRAL,1.169
HEALTHCARE,2021-08-31,NSDL,68796.0,-366.0,1.4434,2.29,-0.922,44.85,DISTRIBUTION,0.684
INFRASTRUCTURE,2021-08-31,NSDL,136793.0,1571.0,2.87,1.689,1.243,7.95,STRONG_ACCUMULATION,1.466
IT,2021-08-31,NSDL,702505.0,1134.0,14.7392,2.057,0.42,23.66,NEUTRAL,1.238
LOGISTICS,2021-08-31,NSDL,61009.0,515.0,1.28,1.123,0.585,-2.03,ACCUMULATION,0.854
MEDIA,2021-08-31,NSDL,17470.0,-360.0,0.3665,-1.674,-0.617,-17.3,DISTRIBUTION,-1.145
METAL,2021-08-31,NSDL,112432.0,-1222.0,2.3589,1.468,-1.113,13.42,DISTRIBUTION,0.177
PHARMA,2021-08-31,NSDL,177865.0,-687.0,3.7318,1.183,-0.613,1.09,DISTRIBUTION,0.285
REALTY,2021-08-31,NSDL,49798.0,-41.0,1.0448,1.442,-0.38,15.52,NEUTRAL,0.531
SERVICES,2021-08-31,NSDL,161706.0,917.0,3.3927,2.034,0.004,33.49,NEUTRAL,1.019
TELECOM,2021-08-31,NSDL,98471.0,1162.0,2.066,1.738,0.637,17.02,ACCUMULATION,1.188
TEXTILES,2021-08-31,NSDL,54406.0,26.0,1.1415,1.81,-0.29,18.87,NEUTRAL,0.76
AUTO,2021-09-15,CDSL,193100.0,-2712.0,3.9403,0.609,-1.455,-4.32,DISTRIBUTION,-0.423
CAPITAL_GOODS,2021-09-15,CDSL,350023.0,1163.0,7.1424,1.553,-0.49,10.03,NEUTRAL,0.531
CEMENT,2021-09-15,CDSL,107194.0,2491.0,2.1873,1.645,1.674,18.28,STRONG_ACCUMULATION,1.659
CHEMICALS,2021-09-15,CDSL,86419.0,-123.0,1.7634,1.641,-1.058,10.06,DISTRIBUTION,0.291
COMMODITIES,2021-09-15,CDSL,1986.0,-68.0,0.0405,1.625,-0.335,17.17,NEUTRAL,0.645
ENERGY,2021-09-15,CDSL,471529.0,2775.0,9.6217,2.301,0.909,3.75,ACCUMULATION,1.605
FINANCIAL_SERVICES,2021-09-15,CDSL,1655919.0,-1584.0,33.7897,1.253,-0.621,7.37,DISTRIBUTION,0.316
FMCG,2021-09-15,CDSL,316648.0,761.0,6.4613,2.258,0.057,14.37,NEUTRAL,1.157
HEALTHCARE,2021-09-15,CDSL,68776.0,403.0,1.4034,2.045,0.182,37.43,NEUTRAL,1.113
INFRASTRUCTURE,2021-09-15,CDSL,149218.0,1060.0,3.0449,1.961,0.574,10.06,ACCUMULATION,1.268
IT,2021-09-15,CDSL,727292.0,-807.0,14.8407,2.11,-0.427,22.73,NEUTRAL,0.841
LOGISTICS,2021-09-15,CDSL,63672.0,431.0,1.2993,1.269,0.449,0.95,NEUTRAL,0.859
MEDIA,2021-09-15,CDSL,22641.0,416.0,0.462,1.491,1.03,2.21,STRONG_ACCUMULATION,1.26
METAL,2021-09-15,CDSL,115356.0,836.0,2.3539,1.443,0.165,13.78,NEUTRAL,0.804
PHARMA,2021-09-15,CDSL,180670.0,-846.0,3.6866,1.284,-0.649,0.23,DISTRIBUTION,0.318
REALTY,2021-09-15,CDSL,53851.0,-17.0,1.0989,1.736,-0.355,17.42,NEUTRAL,0.691
SERVICES,2021-09-15,CDSL,166576.0,666.0,3.3991,1.981,-0.135,25.71,NEUTRAL,0.923
TELECOM,2021-09-15,CDSL,110796.0,3377.0,2.2608,2.467,1.596,25.7,STRONG_ACCUMULATION,2.032
TEXTILES,2021-09-15,CDSL,58993.0,-38.0,1.2038,2.169,-0.413,20.1,NEUTRAL,0.878
AUTO,2021-09-30,CDSL,198251.0,135.0,4.0417,0.822,-0.267,-1.32,NEUTRAL,0.277
CAPITAL_GOODS,2021-09-30,CDSL,315478.0,3009.0,6.4315,0.882,0.322,0.55,NEUTRAL,0.602
CEMENT,2021-09-30,CDSL,101309.0,686.0,2.0653,1.245,-0.009,11.43,NEUTRAL,0.618
CHEMICALS,2021-09-30,CDSL,82241.0,57.0,1.6766,1.269,-0.743,5.15,DISTRIBUTION,0.263
COMMODITIES,2021-09-30,CDSL,2124.0,1.0,0.0433,1.819,0.658,18.73,ACCUMULATION,1.238
ENERGY,2021-09-30,CDSL,509641.0,2471.0,10.3898,2.808,0.75,22.49,ACCUMULATION,1.779
FINANCIAL_SERVICES,2021-09-30,CDSL,1670065.0,1642.0,34.0469,1.24,-0.299,10.04,NEUTRAL,0.471
FMCG,2021-09-30,CDSL,313657.0,1569.0,6.3944,1.914,0.358,11.82,NEUTRAL,1.136
HEALTHCARE,2021-09-30,CDSL,62919.0,1082.0,1.2827,1.471,1.078,18.38,STRONG_ACCUMULATION,1.275
INFRASTRUCTURE,2021-09-30,CDSL,160764.0,-305.0,3.2774,2.116,-1.046,31.18,DISTRIBUTION,0.535
IT,2021-09-30,CDSL,705252.0,-3720.0,14.3777,1.736,-1.598,14.41,DISTRIBUTION,0.069
LOGISTICS,2021-09-30,CDSL,63829.0,-377.0,1.3013,1.198,-0.567,7.88,DISTRIBUTION,0.316
MEDIA,2021-09-30,CDSL,23008.0,-310.0,0.4691,1.58,-0.49,12.12,NEUTRAL,0.545
METAL,2021-09-30,CDSL,107967.0,-308.0,2.2011,1.1,-0.521,9.97,DISTRIBUTION,0.29
PHARMA,2021-09-30,CDSL,175944.0,243.0,3.5869,0.876,-0.1,-2.54,NEUTRAL,0.388
REALTY,2021-09-30,CDSL,66609.0,197.0,1.3579,2.61,-0.149,50.98,NEUTRAL,1.23
SERVICES,2021-09-30,CDSL,165916.0,-753.0,3.3825,1.776,-0.817,26.83,DISTRIBUTION,0.48
TELECOM,2021-09-30,CDSL,117329.0,6850.0,2.3919,2.502,2.645,39.17,STRONG_ACCUMULATION,2.574
TEXTILES,2021-09-30,CDSL,62892.0,494.0,1.2822,2.337,0.757,28.67,ACCUMULATION,1.547
AUTO,2021-10-31,CDSL,202455.0,2809.0,4.1401,0.995,0.779,1.63,ACCUMULATION,0.887
CAPITAL_GOODS,2021-10-31,CDSL,322393.0,1308.0,6.5927,0.955,-0.408,1.82,NEUTRAL,0.273
CEMENT,2021-10-31,CDSL,98701.0,-4460.0,2.0184,1.037,-3.407,1.74,DISTRIBUTION,-1.185
CHEMICALS,2021-10-31,CDSL,81925.0,-91.0,1.6753,1.155,-0.93,-0.48,DISTRIBUTION,0.112
COMMODITIES,2021-10-31,CDSL,1998.0,-80.0,0.0409,1.341,-0.582,4.44,DISTRIBUTION,0.38
ENERGY,2021-10-31,CDSL,511622.0,958.0,10.4623,2.416,0.177,25.25,NEUTRAL,1.296
FINANCIAL_SERVICES,2021-10-31,CDSL,1706076.0,-1290.0,34.888,1.351,-0.55,8.87,DISTRIBUTION,0.4
FMCG,2021-10-31,CDSL,295729.0,-1802.0,6.0474,1.173,-1.111,4.57,DISTRIBUTION,0.031
HEALTHCARE,2021-10-31,CDSL,61054.0,-228.0,1.2485,1.237,-0.729,10.21,DISTRIBUTION,0.254
INFRASTRUCTURE,2021-10-31,CDSL,166468.0,2037.0,3.4042,2.055,1.593,38.03,STRONG_ACCUMULATION,1.824
IT,2021-10-31,CDSL,669654.0,-10784.0,13.6939,1.25,-3.303,8.15,DISTRIBUTION,-1.026
LOGISTICS,2021-10-31,CDSL,62722.0,-505.0,1.2826,1.026,-0.697,5.79,DISTRIBUTION,0.165
MEDIA,2021-10-31,CDSL,22122.0,-1016.0,0.4524,1.091,-1.9,7.1,DISTRIBUTION,-0.404
METAL,2021-10-31,CDSL,107931.0,154.0,2.2071,1.021,-0.218,3.09,NEUTRAL,0.401
PHARMA,2021-10-31,CDSL,170237.0,329.0,3.4812,0.382,-0.042,-7.12,NEUTRAL,0.17
REALTY,2021-10-31,CDSL,63647.0,-680.0,1.3015,2.062,-0.925,27.03,DISTRIBUTION,0.568
SERVICES,2021-10-31,CDSL,161635.0,-888.0,3.3053,1.506,-0.847,21.64,DISTRIBUTION,0.33
TELECOM,2021-10-31,CDSL,114485.0,1098.0,2.3411,2.007,0.247,35.79,NEUTRAL,1.127
TEXTILES,2021-10-31,CDSL,69294.0,1.0,1.417,2.608,-0.348,36.94,NEUTRAL,1.13
AUTO,2021-11-15,CDSL,210139.0,1083.0,4.153,1.393,0.043,10.01,NEUTRAL,0.718
CAPITAL_GOODS,2021-11-15,CDSL,339840.0,37.0,6.7164,1.248,-0.914,7.29,DISTRIBUTION,0.167
CEMENT,2021-11-15,CDSL,103291.0,-1410.0,2.0414,1.232,-1.273,3.14,DISTRIBUTION,-0.02
CHEMICALS,2021-11-15,CDSL,82870.0,-685.0,1.6378,1.13,-1.725,0.2,DISTRIBUTION,-0.298
COMMODITIES,2021-11-15,CDSL,2295.0,-63.0,0.0454,1.927,-0.312,10.55,NEUTRAL,0.807
ENERGY,2021-11-15,CDSL,525775.0,-1284.0,10.391,2.326,-0.711,31.4,DISTRIBUTION,0.808
FINANCIAL_SERVICES,2021-11-15,CDSL,1729141.0,-4698.0,34.1735,1.455,-0.846,14.35,DISTRIBUTION,0.305
FMCG,2021-11-15,CDSL,297258.0,-5126.0,5.8748,1.15,-2.306,6.1,DISTRIBUTION,-0.578
HEALTHCARE,2021-11-15,CDSL,68667.0,15.0,1.3571,1.692,-0.339,17.74,NEUTRAL,0.676
INFRASTRUCTURE,2021-11-15,CDSL,175428.0,-145.0,3.467,2.1,-0.932,60.2,DISTRIBUTION,0.584
IT,2021-11-15,CDSL,705569.0,-6687.0,13.9444,1.551,-1.78,12.73,DISTRIBUTION,-0.115
LOGISTICS,2021-11-15,CDSL,66646.0,-329.0,1.3171,1.329,-0.464,19.29,NEUTRAL,0.432
MEDIA,2021-11-15,CDSL,24170.0,431.0,0.4777,2.176,1.293,22.22,STRONG_ACCUMULATION,1.735
METAL,2021-11-15,CDSL,106404.0,-82.0,2.1029,0.9,-0.386,-7.83,NEUTRAL,0.257
PHARMA,2021-11-15,CDSL,169751.0,-637.0,3.3548,0.286,-0.503,-6.06,DISTRIBUTION,-0.109
REALTY,2021-11-15,CDSL,68973.0,-180.0,1.3631,2.24,-0.468,35.79,NEUTRAL,0.886
SERVICES,2021-11-15,CDSL,187466.0,3744.0,3.7049,2.09,1.346,26.91,STRONG_ACCUMULATION,1.718
TELECOM,2021-11-15,CDSL,122003.0,302.0,2.4112,2.23,-0.244,39.44,NEUTRAL,0.993
TEXTILES,2021-11-15,CDSL,74202.0,-88.0,1.4665,2.61,-0.568,44.56,DISTRIBUTION,1.021
AUTO,2021-11-30,CDSL,193073.0,-1216.0,4.0586,0.259,-0.861,0.66,DISTRIBUTION,-0.301
CAPITAL_GOODS,2021-11-30,CDSL,321181.0,-447.0,6.7516,0.816,-1.064,0.27,DISTRIBUTION,-0.124
CEMENT,2021-11-30,CDSL,93099.0,-1069.0,1.9571,0.566,-1.002,-3.44,DISTRIBUTION,-0.218
CHEMICALS,2021-11-30,CDSL,77316.0,-857.0,1.6253,0.71,-1.798,-6.25,DISTRIBUTION,-0.544
COMMODITIES,2021-11-30,CDSL,2059.0,45.0,0.0433,1.214,1.239,1.83,STRONG_ACCUMULATION,1.227
ENERGY,2021-11-30,CDSL,486291.0,-3895.0,10.2225,1.372,-1.652,16.53,DISTRIBUTION,-0.14
FINANCIAL_SERVICES,2021-11-30,CDSL,1577762.0,-15980.0,33.1666,0.581,-1.691,-0.58,DISTRIBUTION,-0.555
FMCG,2021-11-30,CDSL,283553.0,-4311.0,5.9606,0.582,-1.805,-0.35,DISTRIBUTION,-0.611
HEALTHCARE,2021-11-30,CDSL,75988.0,1207.0,1.5974,2.029,1.287,29.37,STRONG_ACCUMULATION,1.658
INFRASTRUCTURE,2021-11-30,CDSL,171688.0,-926.0,3.6091,1.812,-1.771,40.48,DISTRIBUTION,0.021
IT,2021-11-30,CDSL,684226.0,-2732.0,14.3833,1.212,-0.56,1.81,DISTRIBUTION,0.326
LOGISTICS,2021-11-30,CDSL,58798.0,-250.0,1.236,0.493,-0.352,3.39,NEUTRAL,0.071
MEDIA,2021-11-30,CDSL,23300.0,110.0,0.4898,1.509,0.556,25.87,ACCUMULATION,1.032
METAL,2021-11-30,CDSL,93596.0,-3078.0,1.9675,0.369,-2.085,-18.83,DISTRIBUTION,-0.858
PHARMA,2021-11-30,CDSL,166055.0,-1827.0,3.4907,-0.082,-1.035,-7.13,DISTRIBUTION,-0.558
REALTY,2021-11-30,CDSL,66266.0,3937.22,1.393,1.835,2.683,31.79,STRONG_ACCUMULATION,2.259
SERVICES,2021-11-30,CDSL,190647.0,23635.0,4.0076,1.978,4.454,26.88,STRONG_ACCUMULATION,3.216
TELECOM,2021-11-30,CDSL,121043.0,470.0,2.5445,1.985,-0.225,26.6,NEUTRAL,0.88
TEXTILES,2021-11-30,CDSL,71147.0,998.0,1.4956,2.056,1.704,33.36,STRONG_ACCUMULATION,1.88
AUTO,2021-12-15,CDSL,197986.0,-2494.0,4.0993,0.58,-1.27,4.2,DISTRIBUTION,-0.345
CAPITAL_GOODS,2021-12-15,CDSL,335309.0,-631.0,6.9426,1.132,-1.075,1.07,DISTRIBUTION,0.028
CEMENT,2021-12-15,CDSL,93539.0,-913.0,1.9367,0.538,-0.848,-8.53,DISTRIBUTION,-0.155
CHEMICALS,2021-12-15,CDSL,82979.0,42.0,1.7181,1.02,-0.519,0.19,DISTRIBUTION,0.251
COMMODITIES,2021-12-15,CDSL,2211.0,16.0,0.0458,1.498,0.755,17.05,ACCUMULATION,1.127
ENERGY,2021-12-15,CDSL,506056.0,-765.0,10.478,1.605,-0.439,9.13,NEUTRAL,0.583
FINANCIAL_SERVICES,2021-12-15,CDSL,1595970.0,-15438.0,33.0448,0.687,-1.496,-2.96,DISTRIBUTION,-0.404
FMCG,2021-12-15,CDSL,280083.0,-4354.0,5.7992,0.383,-1.641,-9.04,DISTRIBUTION,-0.629
HEALTHCARE,2021-12-15,CDSL,71246.0,1074.0,1.4752,1.545,1.025,3.56,STRONG_ACCUMULATION,1.285
INFRASTRUCTURE,2021-12-15,CDSL,177635.0,-923.0,3.678,1.829,-1.631,29.86,DISTRIBUTION,0.099
IT,2021-12-15,CDSL,694414.0,-2602.0,14.3779,1.247,-0.463,-1.15,NEUTRAL,0.392
LOGISTICS,2021-12-15,CDSL,62244.0,-420.0,1.2888,0.831,-0.528,2.02,DISTRIBUTION,0.151
MEDIA,2021-12-15,CDSL,26270.0,-777.0,0.5439,2.687,-1.285,50.37,DISTRIBUTION,0.701
METAL,2021-12-15,CDSL,100435.0,-3710.0,2.0795,0.581,-2.172,-10.67,DISTRIBUTION,-0.796
PHARMA,2021-12-15,CDSL,161627.0,-3584.0,3.3465,-0.569,-1.701,-9.13,DISTRIBUTION,-1.135
REALTY,2021-12-15,CDSL,67954.0,146.0,1.407,1.803,-0.273,36.46,NEUTRAL,0.765
SERVICES,2021-12-15,CDSL,186187.0,16786.0,3.855,1.702,2.513,15.14,STRONG_ACCUMULATION,2.107
TELECOM,2021-12-15,CDSL,116121.0,-723.0,2.4043,1.555,-0.875,17.92,DISTRIBUTION,0.34
TEXTILES,2021-12-15,CDSL,71457.0,248.0,1.4795,1.883,0.057,31.34,NEUTRAL,0.97
AUTO,2021-12-31,CDSL,197424.0,-2069.0,4.0919,0.492,-1.036,2.24,DISTRIBUTION,-0.272
CAPITAL_GOODS,2021-12-31,CDSL,339706.0,659.0,7.0408,1.222,-0.485,-2.95,NEUTRAL,0.368
CEMENT,2021-12-31,CDSL,93617.0,-204.0,1.9403,0.485,-0.349,-12.67,NEUTRAL,0.068
CHEMICALS,2021-12-31,CDSL,84518.0,766.0,1.7517,1.059,0.506,-2.2,ACCUMULATION,0.782
COMMODITIES,2021-12-31,CDSL,2207.0,2.0,0.0457,1.393,0.493,11.13,NEUTRAL,0.943
ENERGY,2021-12-31,CDSL,496894.0,-606.0,10.2988,1.312,-0.38,5.38,NEUTRAL,0.466
FINANCIAL_SERVICES,2021-12-31,CDSL,1542251.0,-6988.0,31.9651,0.19,-0.749,-6.86,DISTRIBUTION,-0.279
FMCG,2021-12-31,CDSL,282640.0,-2878.0,5.8581,0.434,-1.037,-10.74,DISTRIBUTION,-0.301
HEALTHCARE,2021-12-31,CDSL,72217.0,-505.0,1.4968,1.499,-1.059,5.0,DISTRIBUTION,0.22
INFRASTRUCTURE,2021-12-31,CDSL,168515.0,-1570.0,3.4927,1.433,-2.031,12.93,DISTRIBUTION,-0.299
IT,2021-12-31,CDSL,749494.0,-1314.0,15.5342,1.756,0.01,3.05,NEUTRAL,0.883
LOGISTICS,2021-12-31,CDSL,62951.0,723.0,1.3047,0.879,0.915,-1.13,ACCUMULATION,0.897
MEDIA,2021-12-31,CDSL,23230.0,-562.0,0.4815,1.069,-0.774,2.6,DISTRIBUTION,0.147
METAL,2021-12-31,CDSL,99776.0,-1297.0,2.068,0.496,-0.835,-13.51,DISTRIBUTION,-0.169
PHARMA,2021-12-31,CDSL,170634.0,-1344.0,3.5366,0.221,-0.675,-5.55,DISTRIBUTION,-0.227
REALTY,2021-12-31,CDSL,65520.0,-150.0,1.358,1.486,-0.512,21.67,DISTRIBUTION,0.487
SERVICES,2021-12-31,CDSL,183302.0,-1971.0,3.7992,1.499,-0.769,10.04,DISTRIBUTION,0.365
TELECOM,2021-12-31,CDSL,114438.0,-667.0,2.3719,1.345,-0.805,3.29,DISTRIBUTION,0.27
TEXTILES,2021-12-31,CDSL,75455.0,592.0,1.5639,1.987,0.748,27.91,ACCUMULATION,1.368
AUTO,2022-01-15,CDSL,207451.0,200.0,4.1009,1.554,-0.114,4.64,NEUTRAL,0.72
CAPITAL_GOODS,2022-01-15,CDSL,352115.0,1164.0,6.9606,1.533,-0.201,11.61,NEUTRAL,0.666
CEMENT,2022-01-15,CDSL,97995.0,-34.0,1.9371,0.765,-0.19,-3.27,NEUTRAL,0.287
CHEMICALS,2022-01-15,CDSL,90563.0,446.0,1.7902,1.407,0.113,10.12,NEUTRAL,0.76
COMMODITIES,2022-01-15,CDSL,2385.0,0.0,0.0471,1.731,0.418,12.29,NEUTRAL,1.075
ENERGY,2022-01-15,CDSL,532230.0,-2518.0,10.521,1.795,-1.053,4.43,DISTRIBUTION,0.371
FINANCIAL_SERVICES,2022-01-15,CDSL,1646796.0,-3480.0,32.5536,1.057,-0.394,-1.39,NEUTRAL,0.331
FMCG,2022-01-15,CDSL,283785.0,-407.0,5.6098,0.427,-0.127,-9.52,NEUTRAL,0.15
HEALTHCARE,2022-01-15,CDSL,69706.0,-484.0,1.3779,1.221,-0.958,10.79,DISTRIBUTION,0.132
INFRASTRUCTURE,2022-01-15,CDSL,191229.0,211.0,3.7802,1.936,-0.227,18.95,NEUTRAL,0.854
IT,2022-01-15,CDSL,761675.0,-3092.0,15.0567,1.761,-0.552,8.0,DISTRIBUTION,0.604
LOGISTICS,2022-01-15,CDSL,66751.0,585.0,1.3195,1.36,0.793,4.58,ACCUMULATION,1.077
MEDIA,2022-01-15,CDSL,23512.0,-306.0,0.4648,1.141,-0.213,2.19,NEUTRAL,0.464
METAL,2022-01-15,CDSL,106754.0,1002.0,2.1103,0.763,0.416,-1.12,NEUTRAL,0.59
PHARMA,2022-01-15,CDSL,167947.0,1241.0,3.3199,-0.093,0.566,-4.55,ACCUMULATION,0.236
REALTY,2022-01-15,CDSL,68980.0,-206.0,1.3636,1.63,-0.565,3.56,DISTRIBUTION,0.532
SERVICES,2022-01-15,CDSL,186851.0,-2763.0,3.6936,1.491,-0.864,12.62,DISTRIBUTION,0.314
TELECOM,2022-01-15,CDSL,121706.0,384.0,2.4059,1.668,-0.22,3.73,NEUTRAL,0.724
TEXTILES,2022-01-15,CDSL,80292.0,1080.0,1.5872,2.097,1.636,27.67,STRONG_ACCUMULATION,1.866
AUTO,2022-01-31,CDSL,209195.0,2167.0,4.3963,1.644,0.859,3.33,ACCUMULATION,1.252
CAPITAL_GOODS,2022-01-31,CDSL,329790.0,-1530.0,6.9306,0.792,-1.451,2.29,DISTRIBUTION,-0.33
CEMENT,2022-01-31,CDSL,90271.0,-738.0,1.8971,0.055,-0.603,-8.54,DISTRIBUTION,-0.274
CHEMICALS,2022-01-31,CDSL,83920.0,-71.0,1.7636,0.856,-0.588,2.44,DISTRIBUTION,0.134
COMMODITIES,2022-01-31,CDSL,2237.0,26.0,0.047,1.246,0.785,11.96,ACCUMULATION,1.016
ENERGY,2022-01-31,CDSL,506488.0,-1146.0,10.6439,1.22,-0.515,-1.0,DISTRIBUTION,0.352
FINANCIAL_SERVICES,2022-01-31,CDSL,1570961.0,-7693.0,33.0141,0.282,-0.777,-7.92,DISTRIBUTION,-0.248
FMCG,2022-01-31,CDSL,271691.0,-730.0,5.7096,-0.204,-0.173,-8.13,NEUTRAL,-0.189
HEALTHCARE,2022-01-31,CDSL,60621.0,-2062.0,1.274,0.468,-2.52,-0.71,DISTRIBUTION,-1.026
INFRASTRUCTURE,2022-01-31,CDSL,196674.0,1381.0,4.1331,1.89,0.983,18.15,ACCUMULATION,1.436
IT,2022-01-31,CDSL,674457.0,-15884.0,14.1739,0.662,-3.364,0.72,DISTRIBUTION,-1.351
LOGISTICS,2022-01-31,CDSL,60550.0,-657.0,1.2725,0.392,-0.762,-3.46,DISTRIBUTION,-0.185
MEDIA,2022-01-31,CDSL,21637.0,-150.0,0.4547,0.122,0.118,-2.19,NEUTRAL,0.12
METAL,2022-01-31,CDSL,101487.0,2135.0,2.1328,0.444,1.154,-5.97,ACCUMULATION,0.799
PHARMA,2022-01-31,CDSL,156935.0,-1262.0,3.298,-1.158,-0.653,-7.81,DISTRIBUTION,-0.905
REALTY,2022-01-31,CDSL,64304.0,-979.0,1.3514,1.161,-1.116,1.03,DISTRIBUTION,0.022
SERVICES,2022-01-31,CDSL,164470.0,-5647.0,3.4564,0.754,-1.255,1.75,DISTRIBUTION,-0.25
TELECOM,2022-01-31,CDSL,118700.0,369.0,2.4945,1.372,-0.256,3.68,NEUTRAL,0.558
TEXTILES,2022-01-31,CDSL,74072.0,-516.0,1.5566,1.479,-1.487,6.9,DISTRIBUTION,-0.004
AUTO,2022-02-15,CDSL,206795.0,1011.0,4.4033,1.278,0.444,-1.59,NEUTRAL,0.861
CAPITAL_GOODS,2022-02-15,CDSL,321813.0,-3710.0,6.8523,0.463,-2.458,-5.3,DISTRIBUTION,-0.998
CEMENT,2022-02-15,CDSL,89911.0,-758.0,1.9145,-0.071,-0.561,-12.95,DISTRIBUTION,-0.316
CHEMICALS,2022-02-15,CDSL,81710.0,-617.0,1.7398,0.627,-1.382,-1.4,DISTRIBUTION,-0.377
COMMODITIES,2022-02-15,CDSL,2195.0,63.0,0.0467,1.056,1.263,-4.36,STRONG_ACCUMULATION,1.159
ENERGY,2022-02-15,CDSL,503853.0,-3502.0,10.7285,1.087,-1.307,-4.17,DISTRIBUTION,-0.11
FINANCIAL_SERVICES,2022-02-15,CDSL,1536757.0,-12734.0,32.7221,-0.114,-1.309,-11.13,DISTRIBUTION,-0.712
FMCG,2022-02-15,CDSL,269488.0,-1659.0,5.7382,-0.342,-0.478,-9.34,NEUTRAL,-0.41
HEALTHCARE,2022-02-15,CDSL,60235.0,-2086.0,1.2826,0.378,-2.195,-12.28,DISTRIBUTION,-0.908
INFRASTRUCTURE,2022-02-15,CDSL,190683.0,-167.0,4.0602,1.578,-0.558,8.7,DISTRIBUTION,0.51
IT,2022-02-15,CDSL,669978.0,-18558.0,14.2658,0.548,-3.08,-5.04,DISTRIBUTION,-1.266
LOGISTICS,2022-02-15,CDSL,60911.0,-535.0,1.297,0.389,-0.549,-8.61,DISTRIBUTION,-0.08
MEDIA,2022-02-15,CDSL,20238.0,-710.0,0.4309,-0.612,-0.987,-16.27,DISTRIBUTION,-0.799
METAL,2022-02-15,CDSL,111365.0,2724.0,2.3713,0.915,1.51,4.66,ACCUMULATION,1.212
PHARMA,2022-02-15,CDSL,159340.0,24.0,3.3928,-0.886,0.381,-6.13,NEUTRAL,-0.253
REALTY,2022-02-15,CDSL,59887.0,-1588.0,1.2752,0.734,-1.458,-13.17,DISTRIBUTION,-0.362
SERVICES,2022-02-15,CDSL,160050.0,-4169.0,3.4079,0.559,-0.944,-14.62,DISTRIBUTION,-0.192
TELECOM,2022-02-15,CDSL,115985.0,-684.0,2.4697,1.113,-0.836,-4.93,DISTRIBUTION,0.139
TEXTILES,2022-02-15,CDSL,75200.0,-401.0,1.6012,1.429,-1.164,1.34,DISTRIBUTION,0.133
AUTO,2022-02-28,CDSL,192841.0,-1839.0,4.2626,-0.427,-0.972,-0.12,DISTRIBUTION,-0.7
CAPITAL_GOODS,2022-02-28,CDSL,311475.0,-3300.0,6.8849,0.011,-2.059,-3.02,DISTRIBUTION,-1.024
CEMENT,2022-02-28,CDSL,81145.0,-1156.0,1.7936,-1.089,-0.8,-12.84,DISTRIBUTION,-0.945
CHEMICALS,2022-02-28,CDSL,76958.0,-1059.0,1.7011,0.166,-1.908,-0.46,DISTRIBUTION,-0.871
COMMODITIES,2022-02-28,CDSL,2193.0,84.0,0.0485,0.977,1.453,6.51,ACCUMULATION,1.215
ENERGY,2022-02-28,CDSL,487113.0,-3588.0,10.7673,0.717,-1.245,0.17,DISTRIBUTION,-0.264
FINANCIAL_SERVICES,2022-02-28,CDSL,1474400.0,-12697.0,32.5905,-0.789,-1.205,-6.55,DISTRIBUTION,-0.997
FMCG,2022-02-28,CDSL,261789.0,-2291.0,5.7866,-0.732,-0.688,-7.68,DISTRIBUTION,-0.71
HEALTHCARE,2022-02-28,CDSL,59755.0,-627.0,1.3208,0.277,-0.618,-21.36,DISTRIBUTION,-0.17
INFRASTRUCTURE,2022-02-28,CDSL,195759.0,-603.0,4.3271,1.583,-0.946,14.02,DISTRIBUTION,0.319
IT,2022-02-28,CDSL,641263.0,-10985.0,14.1746,0.132,-1.462,-6.28,DISTRIBUTION,-0.665
LOGISTICS,2022-02-28,CDSL,56854.0,-512.0,1.2567,-0.501,-0.468,-3.31,NEUTRAL,-0.485
MEDIA,2022-02-28,CDSL,17467.0,-800.0,0.3861,-1.863,-1.109,-25.03,STRONG_DISTRIBUTION,-1.486
METAL,2022-02-28,CDSL,115121.0,2702.0,2.5447,1.07,1.468,23.0,STRONG_ACCUMULATION,1.269
PHARMA,2022-02-28,CDSL,153432.0,1292.0,3.3915,-1.366,1.595,-7.6,ACCUMULATION,0.114
REALTY,2022-02-28,CDSL,57520.0,-806.0,1.2714,0.481,-0.84,-13.2,DISTRIBUTION,-0.179
SERVICES,2022-02-28,CDSL,154743.0,-1956.0,3.4205,0.331,-0.563,-18.83,DISTRIBUTION,-0.116
TELECOM,2022-02-28,CDSL,109528.0,451.0,2.421,0.64,-0.178,-9.51,NEUTRAL,0.231
TEXTILES,2022-02-28,CDSL,74662.0,408.0,1.6503,1.28,0.422,4.94,NEUTRAL,0.851
AUTO,2022-03-15,CDSL,174340.0,-7234.0,3.9419,-2.356,-3.139,-11.94,STRONG_DISTRIBUTION,-2.747
CAPITAL_GOODS,2022-03-15,CDSL,292556.0,-8717.0,6.6148,-0.872,-3.482,-12.75,DISTRIBUTION,-2.177
CEMENT,2022-03-15,CDSL,72561.0,-4373.0,1.6406,-2.195,-2.681,-22.43,STRONG_DISTRIBUTION,-2.438
CHEMICALS,2022-03-15,CDSL,80961.0,-308.0,1.8306,0.464,-0.65,-2.43,DISTRIBUTION,-0.093
COMMODITIES,2022-03-15,CDSL,2447.0,101.0,0.0553,1.57,1.554,10.67,STRONG_ACCUMULATION,1.562
ENERGY,2022-03-15,CDSL,486011.0,-4140.0,10.9889,0.64,-1.324,-3.96,DISTRIBUTION,-0.342
FINANCIAL_SERVICES,2022-03-15,CDSL,1394209.0,-31864.0,31.5237,-1.723,-2.783,-12.64,STRONG_DISTRIBUTION,-2.253
FMCG,2022-03-15,CDSL,257133.0,-1752.0,5.8139,-0.992,-0.406,-8.19,NEUTRAL,-0.699
HEALTHCARE,2022-03-15,CDSL,60281.0,141.0,1.363,0.261,0.257,-15.39,NEUTRAL,0.259
INFRASTRUCTURE,2022-03-15,CDSL,195707.0,91.0,4.425,1.474,-0.134,10.17,NEUTRAL,0.67
IT,2022-03-15,CDSL,665298.0,-5965.0,15.0427,0.396,-0.44,-4.19,NEUTRAL,-0.022
LOGISTICS,2022-03-15,CDSL,55841.0,-1365.0,1.2626,-1.035,-1.5,-10.29,STRONG_DISTRIBUTION,-1.268
MEDIA,2022-03-15,CDSL,18613.0,-617.0,0.4208,-1.224,-0.647,-29.15,DISTRIBUTION,-0.935
METAL,2022-03-15,CDSL,116478.0,3769.0,2.6336,1.142,1.903,15.97,STRONG_ACCUMULATION,1.522
PHARMA,2022-03-15,CDSL,157963.0,-353.0,3.5716,-0.961,0.148,-2.27,NEUTRAL,-0.406
REALTY,2022-03-15,CDSL,55259.0,-659.0,1.2494,0.228,-0.719,-18.68,DISTRIBUTION,-0.245
SERVICES,2022-03-15,CDSL,151396.0,-3302.0,3.4231,0.152,-0.749,-18.69,DISTRIBUTION,-0.298
TELECOM,2022-03-15,CDSL,110575.0,365.0,2.5001,0.65,-0.182,-4.78,NEUTRAL,0.234
TEXTILES,2022-03-15,CDSL,75109.0,428.0,1.6982,1.214,0.43,5.11,NEUTRAL,0.822
AUTO,2022-03-31,CDSL,183254.0,-6460.0,3.9314,-1.278,-2.344,-7.18,STRONG_DISTRIBUTION,-1.811
CAPITAL_GOODS,2022-03-31,CDSL,303128.0,-7240.0,6.5031,-0.459,-2.433,-10.77,DISTRIBUTION,-1.446
CEMENT,2022-03-31,CDSL,76120.0,-4143.0,1.633,-1.703,-2.173,-18.69,STRONG_DISTRIBUTION,-1.938
CHEMICALS,2022-03-31,CDSL,86729.0,1472.0,1.8606,0.99,1.975,2.62,ACCUMULATION,1.482
COMMODITIES,2022-03-31,CDSL,2836.0,201.0,0.0608,2.305,2.42,28.5,STRONG_ACCUMULATION,2.362
ENERGY,2022-03-31,CDSL,541129.0,746.0,11.6091,1.608,0.387,8.9,NEUTRAL,0.998
FINANCIAL_SERVICES,2022-03-31,CDSL,1463123.0,-26467.0,31.389,-0.896,-1.992,-5.13,DISTRIBUTION,-1.444
FMCG,2022-03-31,CDSL,261209.0,278.0,5.6038,-0.811,0.459,-7.58,NEUTRAL,-0.176
HEALTHCARE,2022-03-31,CDSL,59397.0,-358.0,1.2743,0.119,-0.229,-17.75,NEUTRAL,-0.055
INFRASTRUCTURE,2022-03-31,CDSL,208308.0,295.0,4.4689,1.677,0.114,23.61,NEUTRAL,0.896
IT,2022-03-31,CDSL,689925.0,-1345.0,14.8012,0.676,0.488,-7.95,NEUTRAL,0.582
LOGISTICS,2022-03-31,CDSL,60647.0,-984.0,1.3011,0.189,-0.916,-3.66,DISTRIBUTION,-0.364
MEDIA,2022-03-31,CDSL,20775.0,-192.0,0.4457,-0.185,0.317,-10.57,NEUTRAL,0.066
METAL,2022-03-31,CDSL,126792.0,4386.0,2.7201,1.786,1.967,27.08,STRONG_ACCUMULATION,1.877
PHARMA,2022-03-31,CDSL,161649.0,625.0,3.4679,-0.606,0.989,-5.27,ACCUMULATION,0.192
REALTY,2022-03-31,CDSL,60751.0,-392.0,1.3033,0.665,-0.523,-7.28,DISTRIBUTION,0.071
SERVICES,2022-03-31,CDSL,160813.0,-2608.0,3.45,0.437,-0.603,-12.27,DISTRIBUTION,-0.083
TELECOM,2022-03-31,CDSL,118965.0,282.0,2.5522,1.116,-0.21,3.96,NEUTRAL,0.453
TEXTILES,2022-03-31,CDSL,75713.0,343.0,1.6243,1.164,0.212,0.34,NEUTRAL,0.688
AUTO,2022-04-15,CDSL,187788.0,-177.0,3.9448,-0.755,0.234,-9.48,NEUTRAL,-0.261
CAPITAL_GOODS,2022-04-15,CDSL,312560.0,-2069.0,6.5659,-0.098,-0.583,-11.23,DISTRIBUTION,-0.34
CEMENT,2022-04-15,CDSL,81101.0,-650.0,1.7037,-1.177,-0.043,-17.24,NEUTRAL,-0.61
CHEMICALS,2022-04-15,CDSL,88596.0,1263.0,1.8611,1.168,1.543,-2.17,STRONG_ACCUMULATION,1.355
COMMODITIES,2022-04-15,CDSL,2865.0,143.0,0.0602,2.085,1.596,20.13,STRONG_ACCUMULATION,1.841
ENERGY,2022-04-15,CDSL,540539.0,2218.0,11.3549,1.463,0.974,1.56,ACCUMULATION,1.219
FINANCIAL_SERVICES,2022-04-15,CDSL,1498060.0,-6355.0,31.4693,-0.518,-0.028,-9.03,NEUTRAL,-0.273
FMCG,2022-04-15,CDSL,276480.0,2741.0,5.8079,-0.09,1.432,-2.57,ACCUMULATION,0.671
HEALTHCARE,2022-04-15,CDSL,63882.0,1970.0,1.342,0.513,2.285,-8.36,ACCUMULATION,1.399
INFRASTRUCTURE,2022-04-15,CDSL,250902.0,865.0,5.2706,2.448,0.774,31.2,ACCUMULATION,1.611
IT,2022-04-15,CDSL,656055.0,-1386.0,13.7816,0.127,0.472,-13.87,NEUTRAL,0.299
LOGISTICS,2022-04-15,CDSL,63203.0,268.0,1.3277,0.883,0.871,-5.32,ACCUMULATION,0.877
MEDIA,2022-04-15,CDSL,19667.0,-1007.0,0.4131,-0.696,-1.386,-16.35,DISTRIBUTION,-1.041
METAL,2022-04-15,CDSL,129292.0,2907.0,2.716,1.872,1.18,21.11,STRONG_ACCUMULATION,1.526
PHARMA,2022-04-15,CDSL,165675.0,1678.0,3.4803,-0.286,1.732,-1.35,ACCUMULATION,0.723
REALTY,2022-04-15,CDSL,60843.0,-204.0,1.2781,0.615,-0.382,-11.8,NEUTRAL,0.116
SERVICES,2022-04-15,CDSL,168689.0,-342.0,3.5436,0.67,-0.225,-9.72,NEUTRAL,0.223
TELECOM,2022-04-15,CDSL,118276.0,1052.0,2.4846,0.992,0.246,-2.82,NEUTRAL,0.619
TEXTILES,2022-04-15,CDSL,75910.0,62.0,1.5946,1.097,-0.454,-5.46,NEUTRAL,0.322
AUTO,2022-04-30,CDSL,221576.0,1160.0,4.7614,2.468,0.755,5.92,ACCUMULATION,1.611
CAPITAL_GOODS,2022-04-30,CDSL,280069.0,-1935.0,6.0183,-1.591,-0.533,-15.08,DISTRIBUTION,-1.062
CEMENT,2022-04-30,CDSL,79797.0,-25.0,1.7147,-1.287,0.364,-11.6,NEUTRAL,-0.461
CHEMICALS,2022-04-30,CDSL,102913.0,290.0,2.2115,2.591,0.2,22.63,NEUTRAL,1.396
COMMODITIES,2022-04-30,CDSL,1229.0,0.0,0.0264,-1.771,-0.074,-45.06,NEUTRAL,-0.922
ENERGY,2022-04-30,CDSL,825907.0,-654.0,17.7476,3.979,0.027,63.07,NEUTRAL,2.003
FINANCIAL_SERVICES,2022-04-30,CDSL,1423537.0,-12891.0,30.5899,-1.256,-0.639,-9.38,DISTRIBUTION,-0.948
FMCG,2022-04-30,CDSL,277854.0,1756.0,5.9707,-0.091,0.929,2.27,ACCUMULATION,0.419
HEALTHCARE,2022-04-30,CDSL,226067.0,5231.0,4.8579,4.731,3.714,272.92,STRONG_ACCUMULATION,4.223
INFRASTRUCTURE,2022-04-30,CDSL,58245.0,-1035.0,1.2516,-2.216,-1.313,-70.39,STRONG_DISTRIBUTION,-1.764
IT,2022-04-30,CDSL,591906.0,-8579.0,12.7193,-0.904,-0.895,-12.24,DISTRIBUTION,-0.899
MEDIA,2022-04-30,CDSL,22075.0,-1802.0,0.4744,0.454,-2.633,2.02,DISTRIBUTION,-1.089
METAL,2022-04-30,CDSL,162166.0,94.0,3.4847,3.355,-0.164,59.79,NEUTRAL,1.595
REALTY,2022-04-30,CDSL,57853.0,-825.0,1.2432,0.277,-0.788,-10.03,DISTRIBUTION,-0.256
SERVICES,2022-04-30,CDSL,185148.0,660.0,3.9786,1.211,-0.068,12.57,NEUTRAL,0.572
TELECOM,2022-04-30,CDSL,115643.0,440.0,2.485,0.756,-0.103,-2.58,NEUTRAL,0.327
TEXTILES,2022-04-30,CDSL,21635.0,81.0,0.4649,-2.505,-0.418,-70.79,NEUTRAL,-1.462
AUTO,2022-05-15,NSDL,206363.0,-827.0,4.8902,0.949,-0.032,-0.21,NEUTRAL,0.458
CAPITAL_GOODS,2022-05-15,NSDL,250769.0,-2770.0,5.9425,-2.591,-0.782,-22.08,DISTRIBUTION,-1.687
CEMENT,2022-05-15,NSDL,71862.0,-989.0,1.7029,-1.948,-0.195,-20.07,NEUTRAL,-1.071
CHEMICALS,2022-05-15,NSDL,92336.0,-335.0,2.1881,1.321,-0.642,13.0,DISTRIBUTION,0.339
COMMODITIES,2022-05-15,NSDL,1060.0,16.0,0.0251,-2.037,0.015,-51.71,NEUTRAL,-1.011
ENERGY,2022-05-15,NSDL,727411.0,-2429.0,17.2376,2.398,-0.668,44.37,DISTRIBUTION,0.865
FINANCIAL_SERVICES,2022-05-15,NSDL,1305823.0,-18848.0,30.9443,-2.216,-1.173,-15.03,STRONG_DISTRIBUTION,-1.695
FMCG,2022-05-15,NSDL,267224.0,674.0,6.3324,-0.767,0.484,-0.84,NEUTRAL,-0.142
HEALTHCARE,2022-05-15,NSDL,204237.0,657.0,4.8398,3.07,0.411,239.07,NEUTRAL,1.74
INFRASTRUCTURE,2022-05-15,NSDL,51946.0,-1441.0,1.231,-2.137,-1.621,-72.76,STRONG_DISTRIBUTION,-1.879
IT,2022-05-15,NSDL,555811.0,-13542.0,13.1711,-1.474,-1.677,-17.04,STRONG_DISTRIBUTION,-1.575
MEDIA,2022-05-15,NSDL,20283.0,-719.0,0.4806,-0.392,-0.465,0.22,NEUTRAL,-0.428
METAL,2022-05-15,NSDL,134477.0,-2529.0,3.1867,1.57,-1.352,20.75,DISTRIBUTION,0.109
REALTY,2022-05-15,NSDL,49873.0,-801.0,1.1818,-0.562,-0.735,-16.72,DISTRIBUTION,-0.649
SERVICES,2022-05-15,NSDL,155370.0,-1452.0,3.6818,-0.011,-0.396,-2.92,NEUTRAL,-0.204
TELECOM,2022-05-15,NSDL,105874.0,-507.0,2.5089,0.043,-0.594,-8.72,DISTRIBUTION,-0.275
TEXTILES,2022-05-15,NSDL,19201.0,-141.0,0.455,-2.338,-0.843,-74.47,DISTRIBUTION,-1.591
AUTO,2022-05-31,NSDL,228813.0,-1398.0,5.2002,2.548,-0.251,18.65,NEUTRAL,1.149
CAPITAL_GOODS,2022-05-31,NSDL,255103.0,-2536.0,5.7977,-2.214,-0.654,-18.1,DISTRIBUTION,-1.434
CEMENT,2022-05-31,NSDL,70495.0,-1450.0,1.6021,-1.879,-0.435,-13.12,NEUTRAL,-1.157
CHEMICALS,2022-05-31,NSDL,97732.0,521.0,2.2211,1.91,0.654,26.99,ACCUMULATION,1.282
COMMODITIES,2022-05-31,NSDL,1191.0,34.0,0.0271,-1.71,0.267,-45.69,NEUTRAL,-0.722
ENERGY,2022-05-31,NSDL,755778.0,-1261.0,17.1764,2.302,-0.196,55.15,NEUTRAL,1.053
FINANCIAL_SERVICES,2022-05-31,NSDL,1394240.0,-12016.0,31.6866,-1.338,-0.429,-5.44,NEUTRAL,-0.884
FMCG,2022-05-31,NSDL,278116.0,-567.0,6.3207,-0.128,0.024,6.24,NEUTRAL,-0.052
HEALTHCARE,2022-05-31,NSDL,206172.0,-705.0,4.6856,2.556,-0.545,245.03,DISTRIBUTION,1.006
INFRASTRUCTURE,2022-05-31,NSDL,55016.0,-1177.0,1.2503,-1.907,-1.241,-71.9,STRONG_DISTRIBUTION,-1.574
IT,2022-05-31,NSDL,545067.0,-16134.0,12.3876,-1.616,-1.901,-15.0,STRONG_DISTRIBUTION,-1.759
MEDIA,2022-05-31,NSDL,21250.0,-175.0,0.4829,0.039,0.594,21.66,ACCUMULATION,0.317
METAL,2022-05-31,NSDL,134022.0,-2752.0,3.0459,1.435,-1.341,16.42,DISTRIBUTION,0.047
REALTY,2022-05-31,NSDL,52991.0,-487.0,1.2043,-0.32,-0.427,-7.87,NEUTRAL,-0.373
SERVICES,2022-05-31,NSDL,174893.0,934.0,3.9748,0.738,-0.024,13.02,NEUTRAL,0.357
TELECOM,2022-05-31,NSDL,108740.0,-597.0,2.4713,0.192,-0.588,-0.72,DISTRIBUTION,-0.198
TEXTILES,2022-05-31,NSDL,20479.0,-3.0,0.4654,-2.043,-0.477,-72.57,NEUTRAL,-1.26
AUTO,2022-06-15,NSDL,220158.0,-1647.0,5.3263,1.672,-0.343,26.28,NEUTRAL,0.664
CAPITAL_GOODS,2022-06-15,NSDL,240308.0,-2336.0,5.8138,-2.469,-0.555,-17.86,DISTRIBUTION,-1.512
CEMENT,2022-06-15,NSDL,63271.0,-2414.0,1.5307,-2.242,-0.983,-12.8,DISTRIBUTION,-1.613
CHEMICALS,2022-06-15,NSDL,91631.0,1079.0,2.2168,1.089,1.369,13.18,STRONG_ACCUMULATION,1.229
COMMODITIES,2022-06-15,NSDL,1181.0,56.0,0.0286,-1.665,0.561,-51.74,ACCUMULATION,-0.552
ENERGY,2022-06-15,NSDL,733215.0,-55.0,17.7388,1.865,0.288,50.86,NEUTRAL,1.077
FINANCIAL_SERVICES,2022-06-15,NSDL,1285636.0,-11711.0,31.1037,-2.133,-0.383,-7.79,NEUTRAL,-1.258
FMCG,2022-06-15,NSDL,258961.0,-2616.0,6.2651,-1.361,-0.907,0.71,DISTRIBUTION,-1.134
HEALTHCARE,2022-06-15,NSDL,198030.0,-727.0,4.791,2.079,-0.549,228.51,DISTRIBUTION,0.765
INFRASTRUCTURE,2022-06-15,NSDL,52150.0,-476.0,1.2617,-1.806,-0.484,-73.35,NEUTRAL,-1.145
IT,2022-06-15,NSDL,509373.0,-14208.0,12.3234,-2.065,-1.442,-23.44,STRONG_DISTRIBUTION,-1.753
MEDIA,2022-06-15,NSDL,19451.0,-138.0,0.4706,-0.812,0.66,4.5,ACCUMULATION,-0.076
METAL,2022-06-15,NSDL,123414.0,-3912.0,2.9858,0.689,-1.74,5.95,DISTRIBUTION,-0.526
REALTY,2022-06-15,NSDL,50316.0,-240.0,1.2173,-0.691,-0.142,-8.95,NEUTRAL,-0.416
SERVICES,2022-06-15,NSDL,163992.0,2217.0,3.9675,0.193,0.162,8.32,NEUTRAL,0.177
TELECOM,2022-06-15,NSDL,103657.0,-2533.0,2.5078,-0.233,-1.593,-6.26,DISTRIBUTION,-0.913
TEXTILES,2022-06-15,NSDL,18647.0,145.0,0.4511,-1.945,-0.157,-75.17,NEUTRAL,-1.051
AUTO,2022-06-30,NSDL,229758.0,-2479.0,5.5753,2.15,-0.652,25.38,DISTRIBUTION,0.749
CAPITAL_GOODS,2022-06-30,NSDL,236445.0,-3930.0,5.7375,-2.276,-1.022,-22.0,STRONG_DISTRIBUTION,-1.649
CEMENT,2022-06-30,NSDL,63013.0,-2177.0,1.5291,-2.008,-0.788,-17.22,DISTRIBUTION,-1.398
CHEMICALS,2022-06-30,NSDL,87412.0,-188.0,2.1211,0.428,-0.488,0.79,NEUTRAL,-0.03
COMMODITIES,2022-06-30,NSDL,1195.0,32.0,0.029,-1.572,0.176,-57.86,NEUTRAL,-0.698
ENERGY,2022-06-30,NSDL,734775.0,-6362.0,17.8299,1.699,-2.229,35.79,DISTRIBUTION,-0.265
FINANCIAL_SERVICES,2022-06-30,NSDL,1284931.0,-13615.0,31.18,-1.965,-0.552,-12.18,DISTRIBUTION,-1.259
FMCG,2022-06-30,NSDL,265865.0,-2433.0,6.4514,-0.907,-0.752,1.78,DISTRIBUTION,-0.83
HEALTHCARE,2022-06-30,NSDL,195204.0,-2020.0,4.7368,1.805,-1.394,228.64,DISTRIBUTION,0.206
INFRASTRUCTURE,2022-06-30,NSDL,51005.0,-760.0,1.2377,-1.681,-0.722,-75.51,DISTRIBUTION,-1.202
IT,2022-06-30,NSDL,510308.0,-6205.0,12.3831,-1.971,-0.066,-26.03,NEUTRAL,-1.018
MEDIA,2022-06-30,NSDL,18994.0,-78.0,0.4609,-0.996,0.737,-8.57,ACCUMULATION,-0.13
METAL,2022-06-30,NSDL,114936.0,-4002.0,2.789,0.088,-1.702,-9.35,DISTRIBUTION,-0.807
REALTY,2022-06-30,NSDL,49682.0,-187.0,1.2056,-0.872,-0.006,-18.22,NEUTRAL,-0.439
SERVICES,2022-06-30,NSDL,156817.0,-1655.0,3.8053,-0.255,-0.454,-2.48,NEUTRAL,-0.355
TELECOM,2022-06-30,NSDL,102684.0,-3802.0,2.4917,-0.36,-2.032,-13.69,DISTRIBUTION,-1.196
TEXTILES,2022-06-30,NSDL,17992.0,-158.0,0.4366,-1.822,-0.931,-76.24,DISTRIBUTION,-1.377
AUTO,2022-07-15,NSDL,242393.0,-1383.0,5.724,2.546,-0.176,29.08,NEUTRAL,1.185
CAPITAL_GOODS,2022-07-15,NSDL,253471.0,-2018.0,5.9856,-1.587,-0.342,-18.9,NEUTRAL,-0.965
CEMENT,2022-07-15,NSDL,65525.0,-438.0,1.5474,-1.637,0.311,-19.21,NEUTRAL,-0.663
CHEMICALS,2022-07-15,NSDL,92251.0,-826.0,2.1785,1.106,-1.331,4.13,DISTRIBUTION,-0.112
COMMODITIES,2022-07-15,NSDL,1214.0,-8.0,0.0287,-1.454,-0.418,-57.63,NEUTRAL,-0.936
ENERGY,2022-07-15,NSDL,725742.0,-8745.0,17.1382,1.479,-2.612,34.26,DISTRIBUTION,-0.567
FINANCIAL_SERVICES,2022-07-15,NSDL,1335966.0,-6573.0,31.5484,-1.425,0.218,-10.82,NEUTRAL,-0.604
FMCG,2022-07-15,NSDL,295155.0,1175.0,6.97,0.89,1.077,6.75,ACCUMULATION,0.984
HEALTHCARE,2022-07-15,NSDL,202246.0,-342.0,4.776,1.726,-0.27,216.59,NEUTRAL,0.728
INFRASTRUCTURE,2022-07-15,NSDL,55240.0,-371.0,1.3045,-1.485,-0.282,-77.98,NEUTRAL,-0.884
IT,2022-07-15,NSDL,483542.0,-5716.0,11.4187,-2.138,0.035,-26.3,NEUTRAL,-1.051
MEDIA,2022-07-15,NSDL,20012.0,10.0,0.4726,-0.495,0.842,1.75,ACCUMULATION,0.173
METAL,2022-07-15,NSDL,119349.0,-3081.0,2.8184,0.339,-1.218,-7.69,DISTRIBUTION,-0.44
REALTY,2022-07-15,NSDL,54132.0,-240.0,1.2783,-0.397,-0.045,-11.03,NEUTRAL,-0.221
SERVICES,2022-07-15,NSDL,168839.0,-1829.0,3.9871,0.318,-0.479,0.09,NEUTRAL,-0.08
TELECOM,2022-07-15,NSDL,100453.0,-1907.0,2.3722,-0.624,-1.04,-15.07,DISTRIBUTION,-0.832
TEXTILES,2022-07-15,NSDL,19126.0,-238.0,0.4517,-1.631,-1.176,-74.8,STRONG_DISTRIBUTION,-1.403
AUTO,2022-07-31,NSDL,246894.0,671.0,5.4729,2.382,0.696,11.43,ACCUMULATION,1.539
CAPITAL_GOODS,2022-07-31,NSDL,272712.0,1977.0,6.0453,-0.949,1.082,-2.63,ACCUMULATION,0.067
CEMENT,2022-07-31,NSDL,71951.0,673.0,1.595,-1.075,0.984,-9.83,ACCUMULATION,-0.045
CHEMICALS,2022-07-31,NSDL,99210.0,-547.0,2.1992,1.967,-0.867,-3.6,DISTRIBUTION,0.55
COMMODITIES,2022-07-31,NSDL,1330.0,4.0,0.0295,-1.166,-0.232,8.22,NEUTRAL,-0.699
ENERGY,2022-07-31,NSDL,761028.0,-3656.0,16.8698,1.598,-0.807,-7.86,DISTRIBUTION,0.396
FINANCIAL_SERVICES,2022-07-31,NSDL,1442606.0,1014.0,31.9785,-0.556,1.123,1.34,ACCUMULATION,0.283
FMCG,2022-07-31,NSDL,303776.0,4275.0,6.7339,1.32,2.262,9.33,STRONG_ACCUMULATION,1.791
HEALTHCARE,2022-07-31,NSDL,208520.0,207.0,4.6223,1.648,0.093,-7.76,NEUTRAL,0.87
INFRASTRUCTURE,2022-07-31,NSDL,59679.0,1002.0,1.3229,-1.309,1.164,2.46,ACCUMULATION,-0.073
IT,2022-07-31,NSDL,523255.0,-4665.0,11.5991,-1.508,0.234,-11.6,NEUTRAL,-0.637
MEDIA,2022-07-31,NSDL,22028.0,417.0,0.4883,0.451,1.524,-0.21,ACCUMULATION,0.988
METAL,2022-07-31,NSDL,134069.0,-1285.0,2.9719,1.242,-0.457,-17.33,NEUTRAL,0.392
REALTY,2022-07-31,NSDL,57943.0,59.0,1.2844,0.044,0.263,0.16,NEUTRAL,0.153
SERVICES,2022-07-31,NSDL,177493.0,387.0,3.9345,0.773,-0.133,-4.13,NEUTRAL,0.32
TELECOM,2022-07-31,NSDL,107869.0,4565.0,2.3912,-0.07,2.019,-6.72,ACCUMULATION,0.975
TEXTILES,2022-07-31,NSDL,20812.0,-30.0,0.4613,-1.442,-0.604,-3.8,DISTRIBUTION,-1.023
AUTO,2022-08-15,CDSL,256873.0,2859.0,5.4764,2.449,1.601,24.48,STRONG_ACCUMULATION,2.025
CAPITAL_GOODS,2022-08-15,CDSL,286286.0,4323.0,6.1035,-0.519,1.805,14.16,ACCUMULATION,0.643
CEMENT,2022-08-15,CDSL,73835.0,1113.0,1.5741,-0.877,1.199,2.75,ACCUMULATION,0.161
CHEMICALS,2022-08-15,CDSL,105521.0,752.0,2.2497,2.46,1.084,14.28,STRONG_ACCUMULATION,1.772
COMMODITIES,2022-08-15,CDSL,1534.0,152.0,0.0327,-0.742,1.804,44.72,ACCUMULATION,0.531
ENERGY,2022-08-15,CDSL,804431.0,82.0,17.1502,1.746,0.549,10.59,ACCUMULATION,1.147
FINANCIAL_SERVICES,2022-08-15,CDSL,1499934.0,8704.0,31.978,-0.104,2.011,14.87,ACCUMULATION,0.954
FMCG,2022-08-15,CDSL,306271.0,4152.0,6.5296,1.356,1.951,14.61,STRONG_ACCUMULATION,1.654
HEALTHCARE,2022-08-15,CDSL,210790.0,-712.0,4.494,1.528,-0.528,3.21,DISTRIBUTION,0.5
INFRASTRUCTURE,2022-08-15,CDSL,61886.0,1369.0,1.3194,-1.197,1.431,19.14,ACCUMULATION,0.117
IT,2022-08-15,CDSL,539161.0,-442.0,11.4947,-1.227,0.982,-3.0,ACCUMULATION,-0.123
MEDIA,2022-08-15,CDSL,22007.0,670.0,0.4692,0.414,1.802,8.5,ACCUMULATION,1.108
METAL,2022-08-15,CDSL,145083.0,723.0,3.0931,1.788,0.351,7.89,NEUTRAL,1.07
REALTY,2022-08-15,CDSL,56602.0,-267.0,1.2067,-0.223,-0.079,13.49,NEUTRAL,-0.151
SERVICES,2022-08-15,CDSL,188727.0,4643.0,4.0236,1.426,0.515,21.47,ACCUMULATION,0.97
TELECOM,2022-08-15,CDSL,110564.0,5470.0,2.3572,0.089,2.118,4.43,ACCUMULATION,1.103
TEXTILES,2022-08-15,CDSL,21007.0,46.0,0.4479,-1.336,-0.371,9.41,NEUTRAL,-0.854
AUTO,2022-08-31,CDSL,265918.0,3736.0,5.5605,2.415,1.801,16.22,STRONG_ACCUMULATION,2.108
CAPITAL_GOODS,2022-08-31,CDSL,297051.0,5422.0,6.2115,-0.185,1.935,16.44,ACCUMULATION,0.875
CEMENT,2022-08-31,CDSL,75929.0,413.0,1.5877,-0.67,0.747,7.71,ACCUMULATION,0.038
CHEMICALS,2022-08-31,CDSL,107663.0,1718.0,2.2513,2.325,2.228,10.16,STRONG_ACCUMULATION,2.277
COMMODITIES,2022-08-31,CDSL,1666.0,171.0,0.0348,-0.466,1.843,39.88,ACCUMULATION,0.689
ENERGY,2022-08-31,CDSL,836015.0,2819.0,17.4816,1.788,1.409,10.62,STRONG_ACCUMULATION,1.599
FINANCIAL_SERVICES,2022-08-31,CDSL,1519470.0,12799.0,31.7731,0.063,2.211,8.98,ACCUMULATION,1.137
FMCG,2022-08-31,CDSL,317335.0,3495.0,6.6357,1.792,1.539,14.1,STRONG_ACCUMULATION,1.665
HEALTHCARE,2022-08-31,CDSL,219816.0,8509.0,4.5965,1.511,3.715,6.62,STRONG_ACCUMULATION,2.613
INFRASTRUCTURE,2022-08-31,CDSL,65084.0,1207.0,1.3609,-1.085,1.171,18.3,ACCUMULATION,0.043
IT,2022-08-31,CDSL,511536.0,397.0,10.6966,-1.454,1.124,-6.15,ACCUMULATION,-0.165
MEDIA,2022-08-31,CDSL,22254.0,86.0,0.4653,0.498,0.698,4.72,ACCUMULATION,0.598
METAL,2022-08-31,CDSL,150326.0,598.0,3.1434,1.886,0.322,12.17,NEUTRAL,1.104
REALTY,2022-08-31,CDSL,59419.0,4.0,1.2425,0.146,0.203,12.13,NEUTRAL,0.174
SERVICES,2022-08-31,CDSL,195541.0,6376.0,4.0889,1.812,0.742,11.81,ACCUMULATION,1.277
TELECOM,2022-08-31,CDSL,115523.0,2046.0,2.4157,0.535,0.592,6.24,ACCUMULATION,0.564
TEXTILES,2022-08-31,CDSL,21706.0,-27.0,0.4539,-1.221,-0.518,5.99,DISTRIBUTION,-0.87
AUTO,2022-09-15,CDSL,272961.0,3830.0,5.6419,2.307,1.654,23.98,STRONG_ACCUMULATION,1.98
CAPITAL_GOODS,2022-09-15,CDSL,298022.0,5204.0,6.1599,-0.136,1.73,24.02,ACCUMULATION,0.797
CEMENT,2022-09-15,CDSL,83037.0,-482.0,1.7163,-0.109,0.208,31.24,NEUTRAL,0.049
CHEMICALS,2022-09-15,CDSL,111864.0,1263.0,2.3122,2.376,1.467,22.08,STRONG_ACCUMULATION,1.921
COMMODITIES,2022-09-15,CDSL,1758.0,90.0,0.0363,-0.266,0.73,48.86,ACCUMULATION,0.232
ENERGY,2022-09-15,CDSL,820573.0,2316.0,16.9607,1.541,1.177,11.91,STRONG_ACCUMULATION,1.359
FINANCIAL_SERVICES,2022-09-15,CDSL,1549879.0,11452.0,32.0349,0.289,1.839,20.55,ACCUMULATION,1.064
FMCG,2022-09-15,CDSL,319797.0,3530.0,6.61,1.727,1.422,23.49,STRONG_ACCUMULATION,1.575
HEALTHCARE,2022-09-15,CDSL,222421.0,10347.0,4.5973,1.415,3.264,12.32,STRONG_ACCUMULATION,2.34
INFRASTRUCTURE,2022-09-15,CDSL,66731.0,916.0,1.3793,-1.014,0.819,27.96,ACCUMULATION,-0.098
IT,2022-09-15,CDSL,493146.0,-4611.0,10.193,-1.532,0.262,-3.19,NEUTRAL,-0.635
MEDIA,2022-09-15,CDSL,23545.0,44.0,0.4867,1.018,0.608,21.05,ACCUMULATION,0.813
METAL,2022-09-15,CDSL,161649.0,315.0,3.3412,2.204,0.23,30.98,NEUTRAL,1.217
REALTY,2022-09-15,CDSL,59695.0,-190.0,1.2339,0.14,0.0,18.64,NEUTRAL,0.07
SERVICES,2022-09-15,CDSL,207538.0,5008.0,4.2897,2.318,0.529,26.55,ACCUMULATION,1.423
TELECOM,2022-09-15,CDSL,124057.0,2474.0,2.5642,1.537,0.725,19.68,ACCUMULATION,1.131
TEXTILES,2022-09-15,CDSL,21421.0,-281.0,0.4428,-1.153,-1.081,14.88,STRONG_DISTRIBUTION,-1.117
AUTO,2022-09-30,CDSL,259928.0,395.0,5.6513,1.633,0.351,13.13,NEUTRAL,0.992
CAPITAL_GOODS,2022-09-30,CDSL,296706.0,1952.0,6.4509,-0.149,0.765,25.49,ACCUMULATION,0.308
CEMENT,2022-09-30,CDSL,76470.0,-381.0,1.6626,-0.546,0.267,21.36,NEUTRAL,-0.14
CHEMICALS,2022-09-30,CDSL,102551.0,-332.0,2.2297,1.282,-0.602,17.32,DISTRIBUTION,0.34
COMMODITIES,2022-09-30,CDSL,1639.0,108.0,0.0356,-0.465,0.893,37.15,ACCUMULATION,0.214
ENERGY,2022-09-30,CDSL,748576.0,-5479.0,16.2754,0.955,-1.381,1.88,DISTRIBUTION,-0.213
FINANCIAL_SERVICES,2022-09-30,CDSL,1459322.0,-1673.0,31.7284,-0.381,0.545,13.57,ACCUMULATION,0.082
FMCG,2022-09-30,CDSL,323204.0,2765.0,7.0271,1.71,1.062,21.57,STRONG_ACCUMULATION,1.386
HEALTHCARE,2022-09-30,CDSL,225618.0,1833.0,4.9054,1.339,0.343,15.58,NEUTRAL,0.841
INFRASTRUCTURE,2022-09-30,CDSL,63234.0,618.0,1.3748,-1.011,0.504,23.98,ACCUMULATION,-0.253
IT,2022-09-30,CDSL,475769.0,-9199.0,10.3441,-1.566,-0.487,-6.77,NEUTRAL,-1.026
MEDIA,2022-09-30,CDSL,21646.0,-253.0,0.4706,0.094,0.085,13.96,NEUTRAL,0.089
METAL,2022-09-30,CDSL,147022.0,-2995.0,3.1965,1.299,-1.086,27.92,DISTRIBUTION,0.106
REALTY,2022-09-30,CDSL,53138.0,-1292.0,1.1553,-0.93,-1.104,6.96,DISTRIBUTION,-1.017
SERVICES,2022-09-30,CDSL,196723.0,3270.0,4.2771,1.488,0.276,25.45,NEUTRAL,0.882
TELECOM,2022-09-30,CDSL,126434.0,2486.0,2.7489,1.762,0.694,23.13,ACCUMULATION,1.228
TEXTILES,2022-09-30,CDSL,21441.0,57.0,0.4662,-1.078,-0.163,19.17,NEUTRAL,-0.621
AUTO,2022-10-15,CDSL,253196.0,-2214.0,5.5389,1.276,-0.621,4.46,DISTRIBUTION,0.328
CAPITAL_GOODS,2022-10-15,CDSL,291863.0,145.0,6.3848,-0.25,0.233,15.15,NEUTRAL,-0.008
CEMENT,2022-10-15,CDSL,74680.0,-375.0,1.6337,-0.622,0.322,13.97,NEUTRAL,-0.15
CHEMICALS,2022-10-15,CDSL,102842.0,-780.0,2.2498,1.209,-1.128,11.48,DISTRIBUTION,0.041
COMMODITIES,2022-10-15,CDSL,1697.0,78.0,0.0371,-0.339,0.443,39.79,NEUTRAL,0.052
ENERGY,2022-10-15,CDSL,729155.0,-5820.0,15.9509,0.751,-1.371,0.47,DISTRIBUTION,-0.31
FINANCIAL_SERVICES,2022-10-15,CDSL,1472197.0,-11089.0,32.2056,-0.234,-0.326,10.2,NEUTRAL,-0.28
FMCG,2022-10-15,CDSL,311122.0,-420.0,6.8061,1.12,-0.096,5.41,NEUTRAL,0.512
HEALTHCARE,2022-10-15,CDSL,225965.0,361.0,4.9432,1.237,-0.168,11.73,NEUTRAL,0.535
INFRASTRUCTURE,2022-10-15,CDSL,65647.0,763.0,1.4361,-0.917,0.7,18.84,ACCUMULATION,-0.109
IT,2022-10-15,CDSL,491465.0,-6866.0,10.7512,-1.284,-0.02,1.64,NEUTRAL,-0.652
MEDIA,2022-10-15,CDSL,22097.0,-358.0,0.4834,0.243,-0.107,10.42,NEUTRAL,0.068
METAL,2022-10-15,CDSL,142734.0,-3362.0,3.1224,0.998,-1.17,19.59,DISTRIBUTION,-0.086
REALTY,2022-10-15,CDSL,52259.0,-1185.0,1.1432,-1.109,-0.93,-3.46,DISTRIBUTION,-1.02
SERVICES,2022-10-15,CDSL,190614.0,204.0,4.1699,1.009,-0.207,12.9,NEUTRAL,0.401
TELECOM,2022-10-15,CDSL,121931.0,1735.0,2.6673,1.101,0.364,21.38,NEUTRAL,0.732
TEXTILES,2022-10-15,CDSL,21778.0,321.0,0.4764,-0.996,0.503,13.87,ACCUMULATION,-0.246
AUTO,2022-10-31,CDSL,272857.0,787.0,5.7023,1.774,0.448,10.52,NEUTRAL,1.111
CAPITAL_GOODS,2022-10-31,CDSL,297198.0,921.0,6.211,-0.031,0.464,8.98,NEUTRAL,0.217
CEMENT,2022-10-31,CDSL,79272.0,-331.0,1.6567,-0.197,0.459,10.17,NEUTRAL,0.131
CHEMICALS,2022-10-31,CDSL,104451.0,174.0,2.1829,1.263,0.067,5.28,NEUTRAL,0.665
COMMODITIES,2022-10-31,CDSL,1880.0,70.0,0.0393,0.019,0.271,41.35,NEUTRAL,0.145
ENERGY,2022-10-31,CDSL,785785.0,-441.0,16.4218,1.083,0.432,3.25,NEUTRAL,0.757
FINANCIAL_SERVICES,2022-10-31,CDSL,1534042.0,-4686.0,32.0594,0.309,0.302,6.34,NEUTRAL,0.305
FMCG,2022-10-31,CDSL,317772.0,-700.0,6.641,1.429,-0.179,4.61,NEUTRAL,0.625
HEALTHCARE,2022-10-31,CDSL,240392.0,929.0,5.0239,1.312,0.019,15.28,NEUTRAL,0.665
INFRASTRUCTURE,2022-10-31,CDSL,69986.0,1281.0,1.4626,-0.798,1.206,17.27,ACCUMULATION,0.204
IT,2022-10-31,CDSL,508489.0,945.0,10.6267,-1.024,1.384,-2.82,ACCUMULATION,0.18
MEDIA,2022-10-31,CDSL,22288.0,555.0,0.4658,0.349,1.536,1.18,ACCUMULATION,0.943
METAL,2022-10-31,CDSL,146884.0,217.0,3.0697,1.123,0.247,9.56,NEUTRAL,0.685
REALTY,2022-10-31,CDSL,54128.0,-836.0,1.1312,-0.805,-0.537,-6.58,DISTRIBUTION,-0.671
SERVICES,2022-10-31,CDSL,197088.0,-280.0,4.1189,1.31,-0.278,11.04,NEUTRAL,0.516
TELECOM,2022-10-31,CDSL,131006.0,773.0,2.7378,2.098,-0.002,21.45,NEUTRAL,1.048
TEXTILES,2022-10-31,CDSL,21483.0,21.0,0.449,-0.939,-0.294,3.22,NEUTRAL,-0.616
AUTO,2022-11-15,CDSL,271908.0,3051.0,5.4719,1.577,1.217,5.85,STRONG_ACCUMULATION,1.397
CAPITAL_GOODS,2022-11-15,CDSL,299299.0,1463.0,6.0231,0.054,0.652,4.55,ACCUMULATION,0.353
CEMENT,2022-11-15,CDSL,84868.0,1091.0,1.7079,0.348,1.399,14.94,ACCUMULATION,0.873
CHEMICALS,2022-11-15,CDSL,105523.0,744.0,2.1235,1.259,0.749,0.0,ACCUMULATION,1.004
COMMODITIES,2022-11-15,CDSL,1903.0,103.0,0.0383,0.079,0.701,24.05,ACCUMULATION,0.39
ENERGY,2022-11-15,CDSL,809476.0,1674.0,16.2898,1.162,1.174,0.63,STRONG_ACCUMULATION,1.168
FINANCIAL_SERVICES,2022-11-15,CDSL,1612810.0,14205.0,32.4561,1.002,1.943,7.53,STRONG_ACCUMULATION,1.473
FMCG,2022-11-15,CDSL,333231.0,3956.0,6.7059,2.004,1.456,8.8,STRONG_ACCUMULATION,1.73
HEALTHCARE,2022-11-15,CDSL,241739.0,1256.0,4.8647,1.227,0.128,14.68,NEUTRAL,0.677
INFRASTRUCTURE,2022-11-15,CDSL,73976.0,1332.0,1.4887,-0.687,1.164,19.54,ACCUMULATION,0.238
IT,2022-11-15,CDSL,534674.0,3859.0,10.7597,-0.683,1.748,-0.83,ACCUMULATION,0.532
MEDIA,2022-11-15,CDSL,22560.0,-200.0,0.454,0.502,0.162,2.51,NEUTRAL,0.332
METAL,2022-11-15,CDSL,167640.0,2418.0,3.3736,1.918,1.05,15.55,STRONG_ACCUMULATION,1.484
REALTY,2022-11-15,CDSL,55488.0,-168.0,1.1166,-0.525,0.16,-1.97,NEUTRAL,-0.182
SERVICES,2022-11-15,CDSL,199985.0,2739.0,4.0245,1.366,0.18,5.97,NEUTRAL,0.773
TELECOM,2022-11-15,CDSL,133294.0,-1084.0,2.6824,2.099,-0.792,20.56,DISTRIBUTION,0.654
TEXTILES,2022-11-15,CDSL,20833.0,-234.0,0.4192,-0.895,-0.895,-0.83,DISTRIBUTION,-0.895
AUTO,2022-11-30,CDSL,271908.0,3051.0,5.4719,1.439,1.209,2.25,STRONG_ACCUMULATION,1.324
CAPITAL_GOODS,2022-11-30,CDSL,299299.0,1463.0,6.0231,0.083,0.649,0.76,ACCUMULATION,0.366
CEMENT,2022-11-30,CDSL,84868.0,1091.0,1.7079,0.416,1.371,11.77,ACCUMULATION,0.893
CHEMICALS,2022-11-30,CDSL,105523.0,744.0,2.1235,1.163,0.703,-1.99,ACCUMULATION,0.933
COMMODITIES,2022-11-30,CDSL,1903.0,103.0,0.0383,0.087,0.648,14.23,ACCUMULATION,0.367
ENERGY,2022-11-30,CDSL,809476.0,1674.0,16.2898,1.075,1.153,-3.17,STRONG_ACCUMULATION,1.114
FINANCIAL_SERVICES,2022-11-30,CDSL,1612810.0,14205.0,32.4561,1.082,1.772,6.14,STRONG_ACCUMULATION,1.427
FMCG,2022-11-30,CDSL,333231.0,3956.0,6.7059,1.807,1.335,5.01,STRONG_ACCUMULATION,1.571
HEALTHCARE,2022-11-30,CDSL,241739.0,1256.0,4.8647,1.135,0.109,9.97,NEUTRAL,0.622
INFRASTRUCTURE,2022-11-30,CDSL,73976.0,1332.0,1.4887,-0.635,1.244,13.66,ACCUMULATION,0.304
IT,2022-11-30,CDSL,534674.0,3859.0,10.7597,-0.63,1.582,4.52,ACCUMULATION,0.476
MEDIA,2022-11-30,CDSL,22560.0,-200.0,0.454,0.491,0.11,1.38,NEUTRAL,0.3
METAL,2022-11-30,CDSL,167640.0,2418.0,3.3736,1.723,0.996,11.52,ACCUMULATION,1.36
REALTY,2022-11-30,CDSL,55488.0,-168.0,1.1166,-0.477,0.14,-6.62,NEUTRAL,-0.168
SERVICES,2022-11-30,CDSL,199985.0,2739.0,4.0245,1.258,0.158,2.27,NEUTRAL,0.708
TELECOM,2022-11-30,CDSL,133294.0,-1084.0,2.6824,1.863,-0.743,15.38,DISTRIBUTION,0.56
TEXTILES,2022-11-30,CDSL,20833.0,-234.0,0.4192,-0.828,-0.859,-4.02,DISTRIBUTION,-0.843
AUTO,2022-12-15,CDSL,265434.0,847.0,5.398,1.142,0.414,-2.76,NEUTRAL,0.778
CAPITAL_GOODS,2022-12-15,CDSL,298512.0,1567.0,6.0707,0.113,0.657,0.16,ACCUMULATION,0.385
CEMENT,2022-12-15,CDSL,86122.0,685.0,1.7514,0.657,0.996,3.72,ACCUMULATION,0.827
CHEMICALS,2022-12-15,CDSL,104792.0,458.0,2.1311,1.012,0.299,-6.32,NEUTRAL,0.655
COMMODITIES,2022-12-15,CDSL,1863.0,92.0,0.0379,0.042,0.411,5.97,NEUTRAL,0.226
ENERGY,2022-12-15,CDSL,772799.0,-3246.0,15.7161,0.745,-0.489,-5.82,NEUTRAL,0.128
FINANCIAL_SERVICES,2022-12-15,CDSL,1611737.0,2544.0,32.7772,1.196,0.753,3.99,ACCUMULATION,0.974
FMCG,2022-12-15,CDSL,338180.0,3091.0,6.8774,1.813,0.976,5.75,ACCUMULATION,1.394
HEALTHCARE,2022-12-15,CDSL,236566.0,1820.0,4.8109,0.99,0.278,6.36,NEUTRAL,0.634
INFRASTRUCTURE,2022-12-15,CDSL,78819.0,2071.0,1.6029,-0.514,1.785,18.11,ACCUMULATION,0.635
IT,2022-12-15,CDSL,514985.0,-460.0,10.473,-0.78,0.826,4.43,ACCUMULATION,0.023
MEDIA,2022-12-15,CDSL,22046.0,-439.0,0.4483,0.277,-0.285,-6.37,NEUTRAL,-0.004
METAL,2022-12-15,CDSL,173394.0,2189.0,3.5262,1.777,0.863,7.27,ACCUMULATION,1.32
REALTY,2022-12-15,CDSL,58522.0,3043.0,1.1901,0.119,2.747,-1.96,ACCUMULATION,1.433
SERVICES,2022-12-15,CDSL,203384.0,3705.0,4.1361,1.375,0.312,-2.0,NEUTRAL,0.844
TELECOM,2022-12-15,CDSL,130036.0,-1495.0,2.6445,1.416,-0.9,4.82,DISTRIBUTION,0.258
TEXTILES,2022-12-15,CDSL,20056.0,-141.0,0.4079,-0.791,-0.61,-6.37,DISTRIBUTION,-0.701
AUTO,2022-12-31,CDSL,258501.0,-177.0,5.3613,0.859,0.028,-0.55,NEUTRAL,0.444
CAPITAL_GOODS,2022-12-31,CDSL,291018.0,1604.0,6.0357,-0.099,0.64,-1.92,ACCUMULATION,0.271
CEMENT,2022-12-31,CDSL,82781.0,160.0,1.7169,0.366,0.58,8.25,ACCUMULATION,0.473
CHEMICALS,2022-12-31,CDSL,99657.0,-231.0,2.0669,0.465,-0.63,-2.82,DISTRIBUTION,-0.082
COMMODITIES,2022-12-31,CDSL,1854.0,96.0,0.0385,0.04,0.447,13.12,NEUTRAL,0.243
ENERGY,2022-12-31,CDSL,761330.0,-3694.0,15.79,0.602,-0.644,1.7,DISTRIBUTION,-0.021
FINANCIAL_SERVICES,2022-12-31,CDSL,1593155.0,2597.0,33.0421,1.007,0.7,9.17,ACCUMULATION,0.853
FMCG,2022-12-31,CDSL,328790.0,4019.0,6.8191,1.333,1.238,1.73,STRONG_ACCUMULATION,1.285
HEALTHCARE,2022-12-31,CDSL,232296.0,1333.0,4.8178,0.865,0.11,2.96,NEUTRAL,0.487
INFRASTRUCTURE,2022-12-31,CDSL,75530.0,1215.0,1.5665,-0.514,0.895,19.45,ACCUMULATION,0.191
IT,2022-12-31,CDSL,505182.0,-3579.0,10.4775,-0.822,0.33,6.18,NEUTRAL,-0.246
MEDIA,2022-12-31,CDSL,20699.0,-286.0,0.4293,-0.4,0.042,-4.37,NEUTRAL,-0.179
METAL,2022-12-31,CDSL,172603.0,1668.0,3.5798,1.616,0.612,17.4,ACCUMULATION,1.114
REALTY,2022-12-31,CDSL,56810.0,3248.0,1.1782,-0.137,3.197,6.91,ACCUMULATION,1.53
SERVICES,2022-12-31,CDSL,195804.0,3802.0,4.061,0.917,0.634,-0.47,ACCUMULATION,0.776
TELECOM,2022-12-31,CDSL,126212.0,-583.0,2.6176,0.971,-0.426,-0.18,NEUTRAL,0.272
TEXTILES,2022-12-31,CDSL,19363.0,-164.0,0.4016,-0.753,-0.625,-9.69,DISTRIBUTION,-0.689
AUTO,2023-01-15,CDSL,261177.0,-1288.0,5.4729,0.872,-0.397,3.15,NEUTRAL,0.237
CAPITAL_GOODS,2023-01-15,CDSL,287856.0,-400.0,6.032,-0.15,0.048,-1.37,NEUTRAL,-0.051
CEMENT,2023-01-15,CDSL,83547.0,166.0,1.7507,0.512,0.551,11.87,ACCUMULATION,0.532
CHEMICALS,2023-01-15,CDSL,97555.0,-1052.0,2.0442,0.203,-1.57,-5.14,DISTRIBUTION,-0.683
COMMODITIES,2023-01-15,CDSL,1897.0,103.0,0.0398,0.15,0.518,11.79,ACCUMULATION,0.334
ENERGY,2023-01-15,CDSL,748106.0,-3865.0,15.6764,0.445,-0.657,2.6,DISTRIBUTION,-0.106
FINANCIAL_SERVICES,2023-01-15,CDSL,1567289.0,-3895.0,32.8423,0.78,0.119,6.46,NEUTRAL,0.45
FMCG,2023-01-15,CDSL,326024.0,1037.0,6.8318,1.137,0.04,4.79,NEUTRAL,0.589
HEALTHCARE,2023-01-15,CDSL,232803.0,155.0,4.8783,0.806,-0.28,3.03,NEUTRAL,0.263
INFRASTRUCTURE,2023-01-15,CDSL,78183.0,325.0,1.6383,-0.424,-0.009,19.1,NEUTRAL,-0.216
IT,2023-01-15,CDSL,508061.0,-5722.0,10.6463,-0.728,0.004,3.38,NEUTRAL,-0.362
MEDIA,2023-01-15,CDSL,20185.0,-215.0,0.423,-0.65,0.141,-8.65,NEUTRAL,-0.255
METAL,2023-01-15,CDSL,177024.0,2795.0,3.7095,1.656,0.967,24.02,ACCUMULATION,1.311
REALTY,2023-01-15,CDSL,56137.0,18.0,1.1763,-0.196,0.213,7.42,NEUTRAL,0.008
SERVICES,2023-01-15,CDSL,188385.0,783.0,3.9476,0.486,0.136,-1.17,NEUTRAL,0.311
TELECOM,2023-01-15,CDSL,119367.0,-1829.0,2.5013,0.237,-1.004,-2.1,DISTRIBUTION,-0.384
TEXTILES,2023-01-15,CDSL,18572.0,-189.0,0.3892,-0.721,-0.648,-14.72,DISTRIBUTION,-0.684
AUTO,2023-01-31,CDSL,272312.0,1024.0,5.9351,1.13,0.412,-0.2,NEUTRAL,0.771
CAPITAL_GOODS,2023-01-31,CDSL,280135.0,-2863.0,6.1056,-0.361,-0.633,-5.74,DISTRIBUTION,-0.497
CEMENT,2023-01-31,CDSL,77538.0,-261.0,1.6899,-0.101,0.247,-2.19,NEUTRAL,0.073
CHEMICALS,2023-01-31,CDSL,95788.0,-746.0,2.0877,-0.025,-1.098,-8.29,DISTRIBUTION,-0.561
COMMODITIES,2023-01-31,CDSL,1915.0,55.0,0.0417,0.21,-0.383,1.86,NEUTRAL,-0.087
ENERGY,2023-01-31,CDSL,658028.0,-8012.0,14.3418,-0.33,-1.823,-16.26,DISTRIBUTION,-1.077
FINANCIAL_SERVICES,2023-01-31,CDSL,1512278.0,-15204.0,32.9602,0.265,-0.805,-1.42,DISTRIBUTION,-0.27
FMCG,2023-01-31,CDSL,322753.0,-907.0,7.0344,0.948,-0.819,1.57,DISTRIBUTION,0.065
HEALTHCARE,2023-01-31,CDSL,227272.0,228.0,4.9534,0.672,-0.266,-5.46,NEUTRAL,0.203
INFRASTRUCTURE,2023-01-31,CDSL,78317.0,1600.0,1.7069,-0.375,1.193,11.9,ACCUMULATION,0.409
IT,2023-01-31,CDSL,517061.0,-2137.0,11.2694,-0.57,0.592,1.69,ACCUMULATION,0.011
MEDIA,2023-01-31,CDSL,19247.0,-454.0,0.4195,-1.164,-0.347,-13.64,NEUTRAL,-0.755
METAL,2023-01-31,CDSL,162632.0,4369.0,3.5446,0.982,1.438,10.72,ACCUMULATION,1.21
REALTY,2023-01-31,CDSL,53874.0,-325.0,1.1742,-0.622,-0.099,-0.47,NEUTRAL,-0.36
SERVICES,2023-01-31,CDSL,174548.0,-2855.0,3.8043,-0.285,-1.028,-11.44,DISTRIBUTION,-0.656
TELECOM,2023-01-31,CDSL,116219.0,-2300.0,2.533,-0.101,-1.172,-11.29,DISTRIBUTION,-0.636
TEXTILES,2023-01-31,CDSL,18278.0,-168.0,0.3984,-0.672,-0.529,-14.92,DISTRIBUTION,-0.601
AUTO,2023-02-15,CDSL,271579.0,3053.0,5.93,1.024,1.094,-0.12,STRONG_ACCUMULATION,1.059
CAPITAL_GOODS,2023-02-15,CDSL,287942.0,-931.0,6.2873,0.025,-0.045,-3.79,NEUTRAL,-0.01
CEMENT,2023-02-15,CDSL,77610.0,-763.0,1.6946,0.001,-0.092,-8.55,NEUTRAL,-0.045
CHEMICALS,2023-02-15,CDSL,96017.0,-722.0,2.0966,-0.023,-0.995,-9.01,DISTRIBUTION,-0.509
COMMODITIES,2023-02-15,CDSL,1808.0,33.0,0.0395,0.041,-0.832,-4.99,DISTRIBUTION,-0.395
ENERGY,2023-02-15,CDSL,605141.0,-13138.0,13.2135,-0.814,-2.738,-25.24,DISTRIBUTION,-1.776
FINANCIAL_SERVICES,2023-02-15,CDSL,1551087.0,-6135.0,33.8686,0.704,-0.035,-3.83,NEUTRAL,0.334
FMCG,2023-02-15,CDSL,329163.0,-848.0,7.1874,1.092,-0.782,-1.22,DISTRIBUTION,0.155
HEALTHCARE,2023-02-15,CDSL,226636.0,1222.0,4.9487,0.605,0.052,-6.25,NEUTRAL,0.329
INFRASTRUCTURE,2023-02-15,CDSL,79893.0,1315.0,1.7445,-0.296,0.84,8.0,ACCUMULATION,0.272
IT,2023-02-15,CDSL,539204.0,3101.0,11.7737,-0.211,1.356,0.85,ACCUMULATION,0.573
MEDIA,2023-02-15,CDSL,18704.0,-278.0,0.4084,-1.414,0.005,-17.09,NEUTRAL,-0.705
METAL,2023-02-15,CDSL,133633.0,-97.0,2.9179,-0.346,-0.215,-20.29,NEUTRAL,-0.28
REALTY,2023-02-15,CDSL,53285.0,-32.0,1.1635,-0.746,0.166,-3.97,NEUTRAL,-0.29
SERVICES,2023-02-15,CDSL,171900.0,-3112.0,3.7535,-0.403,-1.101,-14.04,DISTRIBUTION,-0.752
TELECOM,2023-02-15,CDSL,119041.0,-797.0,2.5993,0.208,-0.436,-10.69,NEUTRAL,-0.114
TEXTILES,2023-02-15,CDSL,17083.0,-429.0,0.373,-0.663,-1.505,-18.0,DISTRIBUTION,-1.084
AUTO,2023-02-28,CDSL,261143.0,895.0,5.924,0.643,0.337,-3.96,NEUTRAL,0.49
CAPITAL_GOODS,2023-02-28,CDSL,285252.0,1280.0,6.4709,-0.018,0.57,-4.69,ACCUMULATION,0.276
CEMENT,2023-02-28,CDSL,77897.0,106.0,1.7671,0.113,0.506,-8.21,ACCUMULATION,0.309
CHEMICALS,2023-02-28,CDSL,92854.0,-363.0,2.1064,-0.413,-0.545,-12.01,DISTRIBUTION,-0.479
COMMODITIES,2023-02-28,CDSL,1771.0,54.0,0.0402,0.002,-0.464,-6.94,NEUTRAL,-0.231
ENERGY,2023-02-28,CDSL,574520.0,-7821.0,13.0329,-1.133,-1.251,-29.03,STRONG_DISTRIBUTION,-1.192
FINANCIAL_SERVICES,2023-02-28,CDSL,1494557.0,105.0,33.9038,0.168,0.462,-7.33,NEUTRAL,0.315
FMCG,2023-02-28,CDSL,323108.0,-244.0,7.3297,0.813,-0.537,-3.04,DISTRIBUTION,0.138
HEALTHCARE,2023-02-28,CDSL,219723.0,931.0,4.9844,0.447,-0.09,-9.11,NEUTRAL,0.178
INFRASTRUCTURE,2023-02-28,CDSL,77528.0,435.0,1.7587,-0.274,-0.028,4.8,NEUTRAL,-0.151
IT,2023-02-28,CDSL,511446.0,1069.0,11.6021,-0.564,0.971,-4.34,ACCUMULATION,0.204
MEDIA,2023-02-28,CDSL,17107.0,152.0,0.3881,-2.127,0.834,-24.17,ACCUMULATION,-0.646
METAL,2023-02-28,CDSL,118820.0,-2642.0,2.6954,-1.104,-1.078,-29.12,STRONG_DISTRIBUTION,-1.091
REALTY,2023-02-28,CDSL,50954.0,-71.0,1.1559,-1.349,0.099,-8.17,NEUTRAL,-0.625
SERVICES,2023-02-28,CDSL,171231.0,1739.0,3.8844,-0.461,0.395,-14.38,NEUTRAL,-0.033
TELECOM,2023-02-28,CDSL,113635.0,-310.0,2.5778,-0.342,-0.194,-14.75,NEUTRAL,-0.268
TEXTILES,2023-02-28,CDSL,16680.0,-498.0,0.3784,-0.623,-1.795,-19.93,DISTRIBUTION,-1.209
AUTO,2023-03-15,CDSL,254734.0,3065.0,5.8334,0.393,1.075,-4.03,ACCUMULATION,0.734
CAPITAL_GOODS,2023-03-15,CDSL,282375.0,231.0,6.4664,-0.085,0.223,-5.41,NEUTRAL,0.069
CEMENT,2023-03-15,CDSL,77233.0,668.0,1.7686,0.094,0.855,-10.32,ACCUMULATION,0.474
CHEMICALS,2023-03-15,CDSL,92805.0,-78.0,2.1252,-0.492,-0.231,-11.44,NEUTRAL,-0.361
COMMODITIES,2023-03-15,CDSL,1787.0,70.0,0.0409,0.07,-0.163,-4.08,NEUTRAL,-0.046
ENERGY,2023-03-15,CDSL,588449.0,1691.0,13.4755,-1.086,1.071,-23.85,ACCUMULATION,-0.008
FINANCIAL_SERVICES,2023-03-15,CDSL,1448187.0,527.0,33.1636,-0.272,0.456,-10.15,NEUTRAL,0.092
FMCG,2023-03-15,CDSL,320226.0,771.0,7.3332,0.652,-0.149,-5.31,NEUTRAL,0.252
HEALTHCARE,2023-03-15,CDSL,218278.0,-1805.0,4.9986,0.363,-1.065,-7.73,DISTRIBUTION,-0.351
INFRASTRUCTURE,2023-03-15,CDSL,81225.0,1433.0,1.8601,-0.148,0.943,3.05,ACCUMULATION,0.397
IT,2023-03-15,CDSL,491209.0,-4485.0,11.2487,-0.831,-0.025,-4.62,NEUTRAL,-0.428
MEDIA,2023-03-15,CDSL,16821.0,-95.0,0.3852,-2.024,0.302,-23.7,NEUTRAL,-0.861
METAL,2023-03-15,CDSL,134240.0,1984.0,3.0741,-0.425,0.637,-22.58,ACCUMULATION,0.106
REALTY,2023-03-15,CDSL,50104.0,-132.0,1.1474,-1.474,-0.011,-14.38,NEUTRAL,-0.742
SERVICES,2023-03-15,CDSL,179521.0,8710.0,4.111,-0.026,2.439,-11.73,ACCUMULATION,1.207
TELECOM,2023-03-15,CDSL,113247.0,-252.0,2.5934,-0.371,-0.175,-12.91,NEUTRAL,-0.273
TEXTILES,2023-03-15,CDSL,16355.0,-345.0,0.3745,-0.583,-1.198,-18.45,DISTRIBUTION,-0.89
AUTO,2023-03-31,CDSL,252949.0,2695.0,5.6917,0.276,0.875,-2.15,ACCUMULATION,0.576
CAPITAL_GOODS,2023-03-31,CDSL,285222.0,2768.0,6.4178,0.105,0.904,-1.99,ACCUMULATION,0.505
CEMENT,2023-03-31,CDSL,82424.0,1423.0,1.8546,0.896,1.275,-0.43,ACCUMULATION,1.085
CHEMICALS,2023-03-31,CDSL,94397.0,280.0,2.124,-0.436,0.148,-5.28,NEUTRAL,-0.144
COMMODITIES,2023-03-31,CDSL,1897.0,106.0,0.0427,0.334,0.508,2.32,ACCUMULATION,0.421
ENERGY,2023-03-31,CDSL,599707.0,-3610.0,13.4941,-1.093,-0.233,-21.23,NEUTRAL,-0.663
FINANCIAL_SERVICES,2023-03-31,CDSL,1495819.0,-556.0,33.6577,0.209,0.328,-6.11,NEUTRAL,0.269
FMCG,2023-03-31,CDSL,332767.0,1765.0,7.4877,1.028,0.228,1.21,NEUTRAL,0.628
HEALTHCARE,2023-03-31,CDSL,220571.0,-1587.0,4.9631,0.336,-0.964,-5.05,DISTRIBUTION,-0.314
INFRASTRUCTURE,2023-03-31,CDSL,81976.0,2236.0,1.8446,-0.06,1.615,8.53,ACCUMULATION,0.777
IT,2023-03-31,CDSL,489322.0,-6910.0,11.0103,-0.804,-0.511,-3.14,DISTRIBUTION,-0.657
MEDIA,2023-03-31,CDSL,17472.0,-318.0,0.3931,-1.671,-0.189,-15.59,NEUTRAL,-0.93
METAL,2023-03-31,CDSL,130571.0,2938.0,2.938,-0.659,0.983,-24.35,ACCUMULATION,0.162
REALTY,2023-03-31,CDSL,51177.0,104.0,1.1515,-1.072,0.186,-9.92,NEUTRAL,-0.443
SERVICES,2023-03-31,CDSL,180562.0,7356.0,4.0629,-0.025,1.795,-7.78,ACCUMULATION,0.885
TELECOM,2023-03-31,CDSL,111860.0,-459.0,2.517,-0.53,-0.256,-11.37,NEUTRAL,-0.393
TEXTILES,2023-03-31,CDSL,15516.0,-336.0,0.3491,-0.574,-1.102,-19.87,DISTRIBUTION,-0.838
AUTO,2023-04-15,CDSL,267824.0,820.0,5.8516,0.743,0.12,2.55,NEUTRAL,0.431
CAPITAL_GOODS,2023-04-15,CDSL,290848.0,3007.0,6.3547,0.391,0.959,1.04,ACCUMULATION,0.675
CEMENT,2023-04-15,CDSL,83927.0,1367.0,1.8337,1.047,1.253,0.45,STRONG_ACCUMULATION,1.15
CHEMICALS,2023-04-15,CDSL,97495.0,632.0,2.1301,-0.122,0.551,-0.06,ACCUMULATION,0.215
COMMODITIES,2023-04-15,CDSL,1999.0,105.0,0.0437,0.62,0.486,5.38,NEUTRAL,0.553
ENERGY,2023-04-15,CDSL,609446.0,-5039.0,13.3156,-1.138,-0.574,-18.53,DISTRIBUTION,-0.856
FINANCIAL_SERVICES,2023-04-15,CDSL,1564726.0,1064.0,34.1873,0.848,0.405,-0.16,NEUTRAL,0.627
FMCG,2023-04-15,CDSL,334006.0,1451.0,7.2976,1.011,0.029,2.45,NEUTRAL,0.52
HEALTHCARE,2023-04-15,CDSL,229648.0,370.0,5.0175,0.454,-0.28,-1.36,NEUTRAL,0.087
INFRASTRUCTURE,2023-04-15,CDSL,85488.0,1408.0,1.8678,0.104,0.727,9.34,ACCUMULATION,0.415
IT,2023-04-15,CDSL,483647.0,-2131.0,10.5671,-0.873,0.359,-4.81,NEUTRAL,-0.257
MEDIA,2023-04-15,CDSL,17432.0,-163.0,0.3809,-1.613,0.096,-13.64,NEUTRAL,-0.758
METAL,2023-04-15,CDSL,138941.0,935.0,3.0357,-0.283,0.294,-21.51,NEUTRAL,0.006
REALTY,2023-04-15,CDSL,55961.0,-326.0,1.2227,0.307,-0.249,-0.31,NEUTRAL,0.029
SERVICES,2023-04-15,CDSL,185787.0,893.0,4.0592,0.235,-0.23,-1.38,NEUTRAL,0.002
TELECOM,2023-04-15,CDSL,113828.0,-276.0,2.487,-0.337,-0.158,-4.64,NEUTRAL,-0.247
TEXTILES,2023-04-15,CDSL,15919.0,-232.0,0.3478,-0.508,-0.603,-14.28,DISTRIBUTION,-0.555
AUTO,2023-04-30,CDSL,274514.0,1987.0,5.8943,0.984,0.588,0.81,ACCUMULATION,0.786
CAPITAL_GOODS,2023-04-30,CDSL,298250.0,1436.0,6.404,0.778,0.367,6.47,NEUTRAL,0.573
CEMENT,2023-04-30,CDSL,83464.0,452.0,1.7921,0.916,0.505,7.64,ACCUMULATION,0.711
CHEMICALS,2023-04-30,CDSL,100399.0,412.0,2.1557,0.249,0.341,4.81,NEUTRAL,0.295
COMMODITIES,2023-04-30,CDSL,2028.0,30.0,0.0435,0.867,-0.911,5.9,DISTRIBUTION,-0.022
ENERGY,2023-04-30,CDSL,627125.0,811.0,13.4655,-1.04,0.859,-4.7,ACCUMULATION,-0.091
FINANCIAL_SERVICES,2023-04-30,CDSL,1595764.0,7690.0,34.264,1.088,1.004,5.52,STRONG_ACCUMULATION,1.046
FMCG,2023-04-30,CDSL,343937.0,1150.0,7.385,1.316,-0.132,6.56,NEUTRAL,0.592
HEALTHCARE,2023-04-30,CDSL,232435.0,271.0,4.9908,0.496,-0.325,2.27,NEUTRAL,0.085
INFRASTRUCTURE,2023-04-30,CDSL,90281.0,586.0,1.9385,0.376,-0.109,15.28,NEUTRAL,0.134
IT,2023-04-30,CDSL,462248.0,-4908.0,9.9253,-1.432,-0.138,-10.6,NEUTRAL,-0.785
MEDIA,2023-04-30,CDSL,16792.0,-219.0,0.3606,-1.746,-0.019,-12.76,NEUTRAL,-0.882
METAL,2023-04-30,CDSL,142877.0,1420.0,3.0678,-0.107,0.55,-12.15,ACCUMULATION,0.222
REALTY,2023-04-30,CDSL,58247.0,-216.0,1.2507,1.038,-0.148,8.12,NEUTRAL,0.445
SERVICES,2023-04-30,CDSL,192676.0,205.0,4.1371,0.637,-0.5,10.39,NEUTRAL,0.069
TELECOM,2023-04-30,CDSL,119202.0,-10.0,2.5595,0.235,-0.027,2.57,NEUTRAL,0.104
TEXTILES,2023-04-30,CDSL,17028.0,-51.0,0.3656,-0.397,0.378,-6.84,NEUTRAL,-0.01
AUTO,2023-05-15,NSDL,296814.0,5433.0,6.2032,1.973,2.072,9.29,STRONG_ACCUMULATION,2.022
CAPITAL_GOODS,2023-05-15,NSDL,314797.0,2403.0,6.5791,1.6,0.685,9.33,ACCUMULATION,1.143
CEMENT,2023-05-15,NSDL,85809.0,832.0,1.7934,1.213,0.824,10.56,ACCUMULATION,1.018
CHEMICALS,2023-05-15,NSDL,99955.0,874.0,2.089,0.115,1.01,4.1,ACCUMULATION,0.562
COMMODITIES,2023-05-15,NSDL,2180.0,13.0,0.0456,1.605,-1.187,20.58,DISTRIBUTION,0.209
ENERGY,2023-05-15,NSDL,633564.0,3484.0,13.2411,-1.079,1.477,4.7,ACCUMULATION,0.199
FINANCIAL_SERVICES,2023-05-15,NSDL,1640061.0,11662.0,34.2764,1.414,1.306,5.74,STRONG_ACCUMULATION,1.36
FMCG,2023-05-15,NSDL,359793.0,2466.0,7.5195,1.768,0.508,9.31,ACCUMULATION,1.138
HEALTHCARE,2023-05-15,NSDL,238328.0,1908.0,4.9809,1.164,0.253,5.16,NEUTRAL,0.708
INFRASTRUCTURE,2023-05-15,NSDL,86242.0,130.0,1.8024,1.387,-0.536,7.95,DISTRIBUTION,0.425
IT,2023-05-15,NSDL,469808.0,-6055.0,9.8187,-1.439,-0.321,-12.87,NEUTRAL,-0.88
MEDIA,2023-05-15,NSDL,16377.0,-488.0,0.3423,-1.765,-0.657,-12.44,DISTRIBUTION,-1.211
METAL,2023-05-15,NSDL,140598.0,1068.0,2.9384,-0.259,0.448,5.21,NEUTRAL,0.095
REALTY,2023-05-15,NSDL,62413.0,447.0,1.3044,2.192,0.479,17.13,NEUTRAL,1.336
SERVICES,2023-05-15,NSDL,201284.0,1796.0,4.2067,1.141,-0.004,17.09,NEUTRAL,0.569
TELECOM,2023-05-15,NSDL,119241.0,592.0,2.4921,0.235,0.267,0.17,NEUTRAL,0.251
TEXTILES,2023-05-15,NSDL,17554.0,37.0,0.3669,-0.849,0.857,2.76,ACCUMULATION,0.004
AUTO,2023-05-31,NSDL,306665.0,8702.0,6.3033,2.183,2.842,17.43,STRONG_ACCUMULATION,2.513
CAPITAL_GOODS,2023-05-31,NSDL,326865.0,3569.0,6.7185,1.943,1.062,14.59,STRONG_ACCUMULATION,1.502
CEMENT,2023-05-31,NSDL,88096.0,1353.0,1.8108,1.44,1.248,13.09,STRONG_ACCUMULATION,1.344
CHEMICALS,2023-05-31,NSDL,101104.0,1074.0,2.0781,0.323,1.207,8.88,ACCUMULATION,0.765
COMMODITIES,2023-05-31,NSDL,2044.0,2.0,0.042,1.097,-1.429,15.42,DISTRIBUTION,-0.166
ENERGY,2023-05-31,NSDL,628509.0,2073.0,12.9186,-1.058,1.089,9.4,ACCUMULATION,0.015
FINANCIAL_SERVICES,2023-05-31,NSDL,1646306.0,17671.0,33.8388,1.35,1.734,10.15,STRONG_ACCUMULATION,1.542
FMCG,2023-05-31,NSDL,370221.0,3235.0,7.6097,1.949,0.839,14.58,ACCUMULATION,1.394
HEALTHCARE,2023-05-31,NSDL,245375.0,2869.0,5.0435,1.545,0.647,11.67,ACCUMULATION,1.096
INFRASTRUCTURE,2023-05-31,NSDL,85037.0,-337.0,1.7479,1.186,-1.071,9.69,DISTRIBUTION,0.057
IT,2023-05-31,NSDL,487869.0,-891.0,10.0278,-0.811,0.604,-4.61,ACCUMULATION,-0.104
MEDIA,2023-05-31,NSDL,16096.0,-719.0,0.3308,-1.703,-1.711,-5.91,STRONG_DISTRIBUTION,-1.707
METAL,2023-05-31,NSDL,150237.0,-619.0,3.088,0.307,-0.235,26.44,NEUTRAL,0.036
REALTY,2023-05-31,NSDL,58352.0,838.0,1.1994,1.001,0.8,14.52,ACCUMULATION,0.9
SERVICES,2023-05-31,NSDL,208194.0,3242.0,4.2793,1.484,0.443,21.59,NEUTRAL,0.964
TELECOM,2023-05-31,NSDL,127474.0,784.0,2.6201,1.039,0.351,12.18,NEUTRAL,0.695
TEXTILES,2023-05-31,NSDL,16706.0,-80.0,0.3434,-1.176,0.269,0.16,NEUTRAL,-0.453
AUTO,2023-06-15,CDSL,317930.0,7076.0,6.4259,2.49,1.951,24.81,STRONG_ACCUMULATION,2.221
CAPITAL_GOODS,2023-06-15,CDSL,350110.0,7829.0,7.0763,2.557,2.368,23.99,STRONG_ACCUMULATION,2.462
CEMENT,2023-06-15,CDSL,93925.0,1815.0,1.8984,1.99,1.542,21.61,STRONG_ACCUMULATION,1.766
CHEMICALS,2023-06-15,CDSL,100867.0,-454.0,2.0387,0.233,-0.832,8.69,DISTRIBUTION,-0.299
COMMODITIES,2023-06-15,CDSL,1995.0,-19.0,0.0403,0.893,-1.777,11.64,DISTRIBUTION,-0.442
ENERGY,2023-06-15,CDSL,645841.0,-1956.0,13.0535,-0.797,0.134,9.75,NEUTRAL,-0.332
FINANCIAL_SERVICES,2023-06-15,CDSL,1643927.0,14812.0,33.2265,1.257,1.374,13.52,STRONG_ACCUMULATION,1.316
FMCG,2023-06-15,CDSL,360501.0,2381.0,7.2863,1.499,0.402,12.58,NEUTRAL,0.951
HEALTHCARE,2023-06-15,CDSL,261029.0,2145.0,5.2758,2.282,0.361,19.59,NEUTRAL,1.321
INFRASTRUCTURE,2023-06-15,CDSL,92054.0,1406.0,1.8606,1.641,0.697,13.33,ACCUMULATION,1.169
IT,2023-06-15,CDSL,476913.0,-3885.0,9.6392,-1.205,-0.04,-2.91,NEUTRAL,-0.623
MEDIA,2023-06-15,CDSL,15982.0,-604.0,0.323,-1.59,-1.41,-4.99,STRONG_DISTRIBUTION,-1.5
METAL,2023-06-15,CDSL,153785.0,-3185.0,3.1082,0.466,-1.265,14.56,DISTRIBUTION,-0.399
REALTY,2023-06-15,CDSL,69694.0,998.0,1.4086,3.21,0.886,39.1,ACCUMULATION,2.048
SERVICES,2023-06-15,CDSL,218965.0,2890.0,4.4256,2.026,0.278,21.97,NEUTRAL,1.152
TELECOM,2023-06-15,CDSL,127033.0,529.0,2.5675,0.921,0.212,12.17,NEUTRAL,0.567
TEXTILES,2023-06-15,CDSL,17093.0,-216.0,0.3455,-0.926,-0.461,4.51,NEUTRAL,-0.694
AUTO,2023-06-30,CDSL,332454.0,6129.0,6.4897,2.648,1.473,31.43,STRONG_ACCUMULATION,2.061
CAPITAL_GOODS,2023-06-30,CDSL,360185.0,9915.0,7.031,2.514,2.605,26.28,STRONG_ACCUMULATION,2.559
CEMENT,2023-06-30,CDSL,92153.0,1851.0,1.7989,1.598,1.462,11.8,STRONG_ACCUMULATION,1.53
CHEMICALS,2023-06-30,CDSL,101059.0,-253.0,1.9727,0.244,-0.524,7.06,DISTRIBUTION,-0.14
COMMODITIES,2023-06-30,CDSL,2042.0,-15.0,0.0399,0.999,-1.581,7.64,DISTRIBUTION,-0.291
ENERGY,2023-06-30,CDSL,649282.0,2482.0,12.6744,-0.703,1.119,8.27,ACCUMULATION,0.208
FINANCIAL_SERVICES,2023-06-30,CDSL,1733987.0,18704.0,33.8484,1.9,1.621,15.92,STRONG_ACCUMULATION,1.76
FMCG,2023-06-30,CDSL,379879.0,2216.0,7.4155,2.022,0.278,14.16,NEUTRAL,1.15
HEALTHCARE,2023-06-30,CDSL,270487.0,2021.0,5.2801,2.444,0.279,22.63,NEUTRAL,1.361
INFRASTRUCTURE,2023-06-30,CDSL,97618.0,3004.0,1.9056,1.902,2.34,19.08,STRONG_ACCUMULATION,2.121
IT,2023-06-30,CDSL,488869.0,-3577.0,9.543,-0.626,-0.088,-0.09,NEUTRAL,-0.357
MEDIA,2023-06-30,CDSL,15651.0,-299.0,0.3055,-1.564,-0.458,-10.42,NEUTRAL,-1.011
METAL,2023-06-30,CDSL,156185.0,1753.0,3.0488,0.555,0.682,19.62,ACCUMULATION,0.619
REALTY,2023-06-30,CDSL,70561.0,750.0,1.3774,2.725,0.597,37.88,ACCUMULATION,1.661
SERVICES,2023-06-30,CDSL,221749.0,936.0,4.3287,1.949,-0.387,22.81,NEUTRAL,0.781
TELECOM,2023-06-30,CDSL,133602.0,1026.0,2.608,1.475,0.417,19.44,NEUTRAL,0.946
TEXTILES,2023-06-30,CDSL,17038.0,-141.0,0.3326,-0.884,-0.021,9.81,NEUTRAL,-0.453
AUTO,2023-08-31,CDSL,346220.0,636.0,6.5184,2.726,-0.513,29.27,DISTRIBUTION,1.107
CAPITAL_GOODS,2023-08-31,CDSL,410532.0,9056.0,7.7293,3.321,2.062,41.15,STRONG_ACCUMULATION,2.692
CEMENT,2023-08-31,CDSL,93610.0,386.0,1.7624,1.693,-0.017,11.54,NEUTRAL,0.838
CHEMICALS,2023-08-31,CDSL,99100.0,-180.0,1.8658,-0.155,-0.373,1.65,NEUTRAL,-0.264
COMMODITIES,2023-08-31,CDSL,2247.0,38.0,0.0423,1.671,-0.514,12.41,DISTRIBUTION,0.579
ENERGY,2023-08-31,CDSL,655779.0,9335.0,12.3467,-0.586,2.317,7.6,ACCUMULATION,0.866
FINANCIAL_SERVICES,2023-08-31,CDSL,1753402.0,-6493.0,33.0121,1.966,-0.94,12.06,DISTRIBUTION,0.513
FMCG,2023-08-31,CDSL,376836.0,-2612.0,7.0949,1.86,-2.063,12.82,DISTRIBUTION,-0.102
HEALTHCARE,2023-08-31,CDSL,290022.0,1439.0,5.4604,2.894,0.035,26.29,NEUTRAL,1.465
INFRASTRUCTURE,2023-08-31,CDSL,111213.0,738.0,2.0939,2.573,-0.33,30.09,NEUTRAL,1.121
IT,2023-08-31,CDSL,520205.0,4088.0,9.7941,0.801,1.753,7.56,ACCUMULATION,1.277
MEDIA,2023-08-31,CDSL,21230.0,447.0,0.3997,0.604,1.648,21.79,ACCUMULATION,1.126
METAL,2023-08-31,CDSL,159358.0,-6953.0,3.0003,0.675,-2.584,14.69,DISTRIBUTION,-0.955
REALTY,2023-08-31,CDSL,76449.0,588.0,1.4393,2.986,0.407,36.61,NEUTRAL,1.697
SERVICES,2023-08-31,CDSL,240562.0,1314.0,4.5292,2.611,-0.246,29.48,NEUTRAL,1.183
TELECOM,2023-08-31,CDSL,135343.0,-1018.0,2.5482,1.536,-0.593,18.9,DISTRIBUTION,0.472
TEXTILES,2023-08-31,CDSL,19278.0,297.0,0.363,0.192,2.225,21.1,ACCUMULATION,1.209
AUTO,2023-09-15,CDSL,360348.0,-126.0,6.5355,2.7,-0.86,31.27,DISTRIBUTION,0.92
CAPITAL_GOODS,2023-09-15,CDSL,417214.0,10029.0,7.5669,2.893,2.133,39.89,STRONG_ACCUMULATION,2.513
CEMENT,2023-09-15,CDSL,98773.0,-586.0,1.7914,2.222,-1.355,18.34,DISTRIBUTION,0.433
CHEMICALS,2023-09-15,CDSL,99683.0,-458.0,1.8079,-0.152,-0.735,-0.71,DISTRIBUTION,-0.444
COMMODITIES,2023-09-15,CDSL,2532.0,105.0,0.0459,2.508,0.749,24.85,ACCUMULATION,1.629
ENERGY,2023-09-15,CDSL,664568.0,738.0,12.0531,-0.448,0.512,5.97,ACCUMULATION,0.032
FINANCIAL_SERVICES,2023-09-15,CDSL,1839101.0,1738.0,33.3552,2.543,-0.168,15.25,NEUTRAL,1.188
FMCG,2023-09-15,CDSL,381633.0,-1241.0,6.9216,1.996,-1.48,10.96,DISTRIBUTION,0.258
HEALTHCARE,2023-09-15,CDSL,295769.0,776.0,5.3643,2.684,-0.259,27.25,NEUTRAL,1.213
INFRASTRUCTURE,2023-09-15,CDSL,119373.0,996.0,2.165,2.695,-0.11,32.22,NEUTRAL,1.292
IT,2023-09-15,CDSL,555824.0,5155.0,10.0808,2.128,1.821,20.24,STRONG_ACCUMULATION,1.974
MEDIA,2023-09-15,CDSL,21324.0,-46.0,0.3867,0.602,0.227,26.99,NEUTRAL,0.414
METAL,2023-09-15,CDSL,164687.0,-10486.0,2.9869,0.932,-3.097,15.26,DISTRIBUTION,-1.083
REALTY,2023-09-15,CDSL,81577.0,1135.0,1.4795,2.957,0.88,40.05,ACCUMULATION,1.918
SERVICES,2023-09-15,CDSL,245787.0,-665.0,4.4578,2.534,-0.946,27.56,DISTRIBUTION,0.794
TELECOM,2023-09-15,CDSL,146164.0,-2396.0,2.6509,2.35,-1.35,22.62,DISTRIBUTION,0.5
TEXTILES,2023-09-15,CDSL,19323.0,-113.0,0.3505,0.189,0.086,13.48,NEUTRAL,0.138
AUTO,2023-09-30,CDSL,356446.0,635.0,6.6149,2.227,-0.619,20.09,DISTRIBUTION,0.804
CAPITAL_GOODS,2023-09-30,CDSL,411650.0,5215.0,7.6393,2.364,0.663,30.77,ACCUMULATION,1.514
CEMENT,2023-09-30,CDSL,94657.0,-1293.0,1.7566,1.613,-2.077,10.31,DISTRIBUTION,-0.232
CHEMICALS,2023-09-30,CDSL,95978.0,-914.0,1.7811,-0.986,-1.344,-3.98,DISTRIBUTION,-1.165
COMMODITIES,2023-09-30,CDSL,2607.0,115.0,0.0484,2.543,0.88,19.59,ACCUMULATION,1.712
ENERGY,2023-09-30,CDSL,656845.0,-14962.0,12.1896,-0.507,-2.434,3.67,DISTRIBUTION,-1.471
FINANCIAL_SERVICES,2023-09-30,CDSL,1774155.0,2861.0,32.9244,1.836,-0.087,8.18,NEUTRAL,0.875
FMCG,2023-09-30,CDSL,378489.0,-1791.0,7.0239,1.718,-1.608,5.2,DISTRIBUTION,0.055
HEALTHCARE,2023-09-30,CDSL,296757.0,277.0,5.5072,2.358,-0.463,24.52,NEUTRAL,0.948
INFRASTRUCTURE,2023-09-30,CDSL,120102.0,-2055.0,2.2288,2.381,-3.324,39.26,DISTRIBUTION,-0.472
IT,2023-09-30,CDSL,533829.0,1886.0,9.9067,1.123,0.923,13.63,ACCUMULATION,1.023
MEDIA,2023-09-30,CDSL,20687.0,-399.0,0.3839,0.344,-0.736,26.32,DISTRIBUTION,-0.196
METAL,2023-09-30,CDSL,159296.0,-5056.0,2.9562,0.54,-1.391,13.3,DISTRIBUTION,-0.425
REALTY,2023-09-30,CDSL,80489.0,763.0,1.4937,2.369,0.483,28.96,NEUTRAL,1.426
SERVICES,2023-09-30,CDSL,242073.0,-973.0,4.4923,2.079,-1.079,20.26,DISTRIBUTION,0.5
TELECOM,2023-09-30,CDSL,145857.0,-469.0,2.7068,2.144,-0.407,22.32,NEUTRAL,0.869
TEXTILES,2023-09-30,CDSL,18652.0,2.0,0.3461,-0.128,0.634,6.25,ACCUMULATION,0.253
AUTO,2023-10-15,CDSL,360339.0,978.0,6.6545,2.056,-0.491,17.5,NEUTRAL,0.782
CAPITAL_GOODS,2023-10-15,CDSL,416204.0,766.0,7.6862,2.144,-0.664,27.33,DISTRIBUTION,0.74
CEMENT,2023-10-15,CDSL,96898.0,30.0,1.7895,1.769,-0.451,9.99,NEUTRAL,0.659
CHEMICALS,2023-10-15,CDSL,96546.0,-586.0,1.783,-0.831,-0.896,-4.51,DISTRIBUTION,-0.863
COMMODITIES,2023-10-15,CDSL,2724.0,94.0,0.0503,2.613,0.398,33.27,NEUTRAL,1.506
ENERGY,2023-10-15,CDSL,649478.0,-11629.0,11.9942,-0.546,-1.652,3.34,DISTRIBUTION,-1.099
FINANCIAL_SERVICES,2023-10-15,CDSL,1775480.0,-4780.0,32.7885,1.686,-0.901,7.85,DISTRIBUTION,0.392
FMCG,2023-10-15,CDSL,383321.0,-2323.0,7.0789,1.748,-1.694,3.54,DISTRIBUTION,0.027
HEALTHCARE,2023-10-15,CDSL,294723.0,-277.0,5.4428,2.016,-0.666,20.11,DISTRIBUTION,0.675
INFRASTRUCTURE,2023-10-15,CDSL,122754.0,-4017.0,2.2669,2.221,-3.58,44.35,DISTRIBUTION,-0.679
IT,2023-10-15,CDSL,534828.0,-1091.0,9.8769,1.126,0.139,9.63,NEUTRAL,0.632
MEDIA,2023-10-15,CDSL,20772.0,-361.0,0.3836,0.4,-0.569,29.05,DISTRIBUTION,-0.084
METAL,2023-10-15,CDSL,157902.0,-810.0,2.916,0.395,-0.144,5.1,NEUTRAL,0.126
REALTY,2023-10-15,CDSL,85510.0,74.0,1.5791,2.444,-0.181,46.54,NEUTRAL,1.131
SERVICES,2023-10-15,CDSL,247870.0,349.0,4.5775,2.068,-0.616,19.06,DISTRIBUTION,0.726
TELECOM,2023-10-15,CDSL,150525.0,2490.0,2.7798,2.279,1.272,18.08,STRONG_ACCUMULATION,1.776
TEXTILES,2023-10-15,CDSL,19068.0,101.0,0.3521,0.109,1.098,14.14,ACCUMULATION,0.604
AUTO,2023-10-31,CDSL,348871.0,-606.0,6.6854,1.575,-1.038,9.73,DISTRIBUTION,0.268
CAPITAL_GOODS,2023-10-31,CDSL,400732.0,-505.0,7.6792,1.63,-0.973,14.46,DISTRIBUTION,0.328
CEMENT,2023-10-31,CDSL,94617.0,397.0,1.8131,1.348,0.024,0.74,NEUTRAL,0.686
CHEMICALS,2023-10-31,CDSL,91842.0,-745.0,1.76,-1.656,-1.028,-8.95,STRONG_DISTRIBUTION,-1.342
COMMODITIES,2023-10-31,CDSL,2565.0,29.0,0.0492,1.87,-0.906,28.57,DISTRIBUTION,0.482
ENERGY,2023-10-31,CDSL,630537.0,-5882.0,12.0829,-0.711,-0.593,-2.37,DISTRIBUTION,-0.652
FINANCIAL_SERVICES,2023-10-31,CDSL,1714522.0,-11804.0,32.8551,1.03,-1.519,4.29,DISTRIBUTION,-0.244
FMCG,2023-10-31,CDSL,373611.0,-2792.0,7.1594,1.257,-1.735,3.64,DISTRIBUTION,-0.239
HEALTHCARE,2023-10-31,CDSL,282862.0,-1081.0,5.4204,1.435,-0.965,8.36,DISTRIBUTION,0.235
INFRASTRUCTURE,2023-10-31,CDSL,114565.0,-2813.0,2.1954,1.601,-2.282,24.45,DISTRIBUTION,-0.341
IT,2023-10-31,CDSL,513289.0,-3262.0,9.8361,0.308,-0.386,7.63,NEUTRAL,-0.039
MEDIA,2023-10-31,CDSL,19632.0,-622.0,0.3762,-0.012,-1.346,22.84,DISTRIBUTION,-0.679
METAL,2023-10-31,CDSL,149208.0,-358.0,2.8592,-0.213,0.002,-2.98,NEUTRAL,-0.105
REALTY,2023-10-31,CDSL,83649.0,-496.0,1.603,1.981,-0.717,20.02,DISTRIBUTION,0.632
SERVICES,2023-10-31,CDSL,235690.0,-954.0,4.5165,1.391,-0.992,7.64,DISTRIBUTION,0.2
TELECOM,2023-10-31,CDSL,143209.0,1768.0,2.7443,1.486,1.151,12.73,STRONG_ACCUMULATION,1.319
TEXTILES,2023-10-31,CDSL,19034.0,184.0,0.3647,0.133,1.447,11.36,ACCUMULATION,0.79
AUTO,2024-03-15,CDSL,438942.0,6700.0,7.0254,3.019,1.642,32.03,STRONG_ACCUMULATION,2.33
CAPITAL_GOODS,2024-03-15,CDSL,477715.0,6587.0,7.646,2.62,1.094,32.63,STRONG_ACCUMULATION,1.857
CEMENT,2024-03-15,CDSL,112688.0,-50.0,1.8036,3.012,-0.498,22.28,NEUTRAL,1.257
CHEMICALS,2024-03-15,CDSL,96548.0,44.0,1.5453,-0.635,0.137,-4.46,NEUTRAL,-0.249
COMMODITIES,2024-03-15,CDSL,2637.0,-35.0,0.0422,1.886,-2.149,29.14,DISTRIBUTION,-0.132
ENERGY,2024-03-15,CDSL,852737.0,-4012.0,13.6483,1.981,-0.221,31.34,NEUTRAL,0.88
FINANCIAL_SERVICES,2024-03-15,CDSL,1829059.0,2924.0,29.2746,1.865,0.073,5.48,NEUTRAL,0.969
FMCG,2024-03-15,CDSL,411273.0,9719.0,6.5825,2.379,3.053,8.26,STRONG_ACCUMULATION,2.716
HEALTHCARE,2024-03-15,CDSL,361725.0,-590.0,5.7895,3.231,-0.762,33.73,DISTRIBUTION,1.234
INFRASTRUCTURE,2024-03-15,CDSL,138222.0,383.0,2.2123,2.463,-0.161,41.59,NEUTRAL,1.151
IT,2024-03-15,CDSL,644912.0,-2147.0,10.322,3.688,-0.077,31.92,NEUTRAL,1.806
MEDIA,2024-03-15,CDSL,12261.0,-521.0,0.1962,-2.475,-0.933,-21.66,DISTRIBUTION,-1.704
METAL,2024-03-15,CDSL,184179.0,666.0,2.9478,1.935,0.304,17.92,NEUTRAL,1.119
REALTY,2024-03-15,CDSL,120817.0,4889.0,1.9337,3.542,3.219,71.22,STRONG_ACCUMULATION,3.38
SERVICES,2024-03-15,CDSL,347879.0,14847.0,5.5679,3.8,3.371,56.88,STRONG_ACCUMULATION,3.585
TELECOM,2024-03-15,CDSL,197678.0,6481.0,3.1639,3.861,3.289,47.96,STRONG_ACCUMULATION,3.575
TEXTILES,2024-03-15,CDSL,18667.0,184.0,0.2988,0.006,1.357,9.56,ACCUMULATION,0.681
AUTO,2024-05-15,NSDL,513478.0,-1266.0,7.9101,3.285,-1.172,48.31,DISTRIBUTION,1.057
CAPITAL_GOODS,2024-05-15,NSDL,541912.0,2014.0,8.3481,2.907,-0.206,32.0,NEUTRAL,1.351
CEMENT,2024-05-15,NSDL,112149.0,-1026.0,1.7276,2.451,-1.602,19.8,DISTRIBUTION,0.424
CHEMICALS,2024-05-15,NSDL,101643.0,309.0,1.5658,0.639,0.647,2.57,ACCUMULATION,0.643
COMMODITIES,2024-05-15,NSDL,3136.0,92.0,0.0483,2.775,0.65,39.56,ACCUMULATION,1.712
ENERGY,2024-05-15,NSDL,892164.0,-5877.0,13.7437,2.272,-0.505,36.05,DISTRIBUTION,0.883
FINANCIAL_SERVICES,2024-05-15,NSDL,1846342.0,-22237.0,28.4426,1.796,-2.264,5.3,DISTRIBUTION,-0.234
FMCG,2024-05-15,NSDL,403890.0,-4721.0,6.2219,1.875,-1.925,7.18,DISTRIBUTION,-0.025
HEALTHCARE,2024-05-15,NSDL,374931.0,-596.0,5.7758,2.845,-1.078,29.28,DISTRIBUTION,0.884
INFRASTRUCTURE,2024-05-15,NSDL,136462.0,-4355.0,2.1022,2.083,-2.651,22.7,DISTRIBUTION,-0.284
IT,2024-05-15,NSDL,557013.0,-10489.0,8.5807,1.17,-1.99,7.08,DISTRIBUTION,-0.41
MEDIA,2024-05-15,NSDL,12089.0,14.0,0.1862,-2.228,0.875,-43.06,ACCUMULATION,-0.677
METAL,2024-05-15,NSDL,212099.0,-1255.0,3.2674,2.901,-0.246,33.1,NEUTRAL,1.327
REALTY,2024-05-15,NSDL,138643.0,-429.0,2.1358,3.304,-0.62,81.35,DISTRIBUTION,1.342
SERVICES,2024-05-15,NSDL,397571.0,2012.0,6.1245,3.488,-0.025,65.27,NEUTRAL,1.732
TELECOM,2024-05-15,NSDL,227512.0,6347.0,3.5048,3.614,2.699,68.1,STRONG_ACCUMULATION,3.156
TEXTILES,2024-05-15,NSDL,20427.0,481.0,0.3147,0.99,2.343,5.96,ACCUMULATION,1.667
AUTO,2024-05-31,NSDL,523996.0,-4029.0,7.9269,2.753,-1.941,45.41,DISTRIBUTION,0.406
CAPITAL_GOODS,2024-05-31,NSDL,573707.0,5263.0,8.679,2.699,0.707,37.51,ACCUMULATION,1.703
CEMENT,2024-05-31,NSDL,112786.0,-1258.0,1.7062,2.183,-1.741,14.19,DISTRIBUTION,0.221
CHEMICALS,2024-05-31,NSDL,100951.0,472.0,1.5272,0.485,0.854,1.27,ACCUMULATION,0.669
COMMODITIES,2024-05-31,NSDL,3209.0,134.0,0.0485,2.497,1.51,26.74,STRONG_ACCUMULATION,2.003
ENERGY,2024-05-31,NSDL,907086.0,-8596.0,13.7223,2.151,-0.962,36.49,DISTRIBUTION,0.594
FINANCIAL_SERVICES,2024-05-31,NSDL,1896907.0,-8583.0,28.6961,1.978,-0.891,3.14,DISTRIBUTION,0.543
FMCG,2024-05-31,NSDL,397024.0,-4173.0,6.0061,1.492,-1.574,4.03,DISTRIBUTION,-0.041
HEALTHCARE,2024-05-31,NSDL,369812.0,161.0,5.5945,2.31,-0.386,25.03,NEUTRAL,0.962
INFRASTRUCTURE,2024-05-31,NSDL,147927.0,-2645.0,2.2378,2.265,-1.55,23.92,DISTRIBUTION,0.358
IT,2024-05-31,NSDL,542783.0,-5802.0,8.2111,0.726,-0.954,-2.35,DISTRIBUTION,-0.114
MEDIA,2024-05-31,NSDL,12621.0,-144.0,0.1909,-1.831,0.326,-40.81,NEUTRAL,-0.752
METAL,2024-05-31,NSDL,222899.0,-953.0,3.372,2.748,-0.182,35.35,NEUTRAL,1.283
REALTY,2024-05-31,NSDL,147421.0,1347.0,2.2302,2.887,0.602,80.71,ACCUMULATION,1.744
SERVICES,2024-05-31,NSDL,391091.0,1775.0,5.9164,2.697,-0.073,59.12,NEUTRAL,1.312
TELECOM,2024-05-31,NSDL,239560.0,1106.0,3.624,3.061,0.346,63.9,NEUTRAL,1.704
TEXTILES,2024-05-31,NSDL,20543.0,95.0,0.3108,1.101,0.7,6.31,ACCUMULATION,0.9
AUTO,2024-06-15,NSDL,577864.0,-3638.0,8.296,2.765,-1.743,62.12,DISTRIBUTION,0.511
CAPITAL_GOODS,2024-06-15,NSDL,611335.0,4456.0,8.7766,2.58,0.427,48.51,NEUTRAL,1.504
CEMENT,2024-06-15,NSDL,124938.0,-154.0,1.7937,2.7,-0.524,31.99,DISTRIBUTION,1.088
CHEMICALS,2024-06-15,NSDL,109672.0,1491.0,1.5745,2.364,2.19,14.27,STRONG_ACCUMULATION,2.277
COMMODITIES,2024-06-15,NSDL,3838.0,204.0,0.0551,3.05,2.503,47.22,STRONG_ACCUMULATION,2.776
ENERGY,2024-06-15,NSDL,924853.0,-8738.0,13.2775,2.053,-0.953,40.8,DISTRIBUTION,0.55
FINANCIAL_SERVICES,2024-06-15,NSDL,1971419.0,2112.0,28.3024,2.233,0.091,11.12,NEUTRAL,1.162
FMCG,2024-06-15,NSDL,425039.0,-3260.0,6.102,2.147,-1.21,12.3,DISTRIBUTION,0.468
HEALTHCARE,2024-06-15,NSDL,398071.0,402.0,5.7149,2.436,-0.179,34.14,NEUTRAL,1.129
INFRASTRUCTURE,2024-06-15,NSDL,148179.0,-1573.0,2.1273,2.017,-0.922,23.38,DISTRIBUTION,0.547
IT,2024-06-15,NSDL,575037.0,-2787.0,8.2554,1.46,-0.256,7.72,NEUTRAL,0.602
MEDIA,2024-06-15,NSDL,13760.0,-113.0,0.1975,-1.358,0.399,-33.48,NEUTRAL,-0.48
METAL,2024-06-15,NSDL,223803.0,-2079.0,3.213,2.351,-0.54,40.5,DISTRIBUTION,0.905
REALTY,2024-06-15,NSDL,165073.0,2929.0,2.3698,2.806,1.618,105.09,STRONG_ACCUMULATION,2.212
SERVICES,2024-06-15,NSDL,419409.0,3932.0,6.0212,2.578,0.472,73.26,NEUTRAL,1.525
TELECOM,2024-06-15,NSDL,251215.0,3114.0,3.6065,2.726,1.221,72.23,STRONG_ACCUMULATION,1.974
TEXTILES,2024-06-15,NSDL,22044.0,45.0,0.3165,1.916,0.564,18.19,ACCUMULATION,1.24
AUTO,2024-06-30,NSDL,571132.0,1739.0,8.0307,2.286,-0.027,58.5,NEUTRAL,1.129
CAPITAL_GOODS,2024-06-30,NSDL,618561.0,2877.0,8.6976,2.262,-0.06,48.62,NEUTRAL,1.101
CEMENT,2024-06-30,NSDL,132499.0,1777.0,1.8631,2.676,1.493,36.74,STRONG_ACCUMULATION,2.085
CHEMICALS,2024-06-30,NSDL,113531.0,1960.0,1.5964,2.715,2.428,17.59,STRONG_ACCUMULATION,2.571
COMMODITIES,2024-06-30,NSDL,4143.0,300.0,0.0583,2.849,3.15,52.09,STRONG_ACCUMULATION,3.0
ENERGY,2024-06-30,NSDL,935765.0,-5133.0,13.1578,1.951,-0.287,44.08,NEUTRAL,0.832
FINANCIAL_SERVICES,2024-06-30,NSDL,2054913.0,9170.0,28.8941,2.395,0.732,15.74,ACCUMULATION,1.563
FMCG,2024-06-30,NSDL,421822.0,-922.0,5.9312,1.839,-0.474,10.04,NEUTRAL,0.682
HEALTHCARE,2024-06-30,NSDL,399604.0,3299.0,5.6188,2.129,2.048,35.59,STRONG_ACCUMULATION,2.088
INFRASTRUCTURE,2024-06-30,NSDL,143671.0,-2830.0,2.0202,1.664,-1.435,17.04,DISTRIBUTION,0.114
IT,2024-06-30,NSDL,597930.0,-981.0,8.4075,1.83,0.225,11.8,NEUTRAL,1.028
MEDIA,2024-06-30,NSDL,13556.0,-31.0,0.1906,-1.314,0.878,-34.74,ACCUMULATION,-0.218
METAL,2024-06-30,NSDL,219771.0,-2989.0,3.0902,1.935,-0.769,39.18,DISTRIBUTION,0.583
REALTY,2024-06-30,NSDL,163404.0,2733.0,2.2976,2.329,1.358,91.09,STRONG_ACCUMULATION,1.844
SERVICES,2024-06-30,NSDL,434547.0,6263.0,6.1102,2.348,1.021,75.31,STRONG_ACCUMULATION,1.684
TELECOM,2024-06-30,NSDL,263835.0,7944.0,3.7098,2.51,2.725,75.28,STRONG_ACCUMULATION,2.617
TEXTILES,2024-06-30,NSDL,23182.0,199.0,0.326,2.337,1.187,21.58,STRONG_ACCUMULATION,1.762
AUTO,2024-07-15,NSDL,576949.0,5047.0,7.8841,2.044,0.996,65.38,ACCUMULATION,1.52
CAPITAL_GOODS,2024-07-15,NSDL,631656.0,7704.0,8.6317,2.073,1.262,57.63,STRONG_ACCUMULATION,1.667
CEMENT,2024-07-15,NSDL,135321.0,1669.0,1.8492,2.4,1.318,43.02,STRONG_ACCUMULATION,1.859
CHEMICALS,2024-07-15,NSDL,116088.0,919.0,1.5864,2.695,1.048,26.4,STRONG_ACCUMULATION,1.871
COMMODITIES,2024-07-15,NSDL,4051.0,205.0,0.0554,2.296,1.654,57.93,STRONG_ACCUMULATION,1.975
ENERGY,2024-07-15,NSDL,978551.0,-338.0,13.372,2.083,0.581,55.19,ACCUMULATION,1.332
FINANCIAL_SERVICES,2024-07-15,NSDL,2077268.0,8633.0,28.3861,2.181,0.716,21.16,ACCUMULATION,1.449
FMCG,2024-07-15,NSDL,445113.0,1132.0,6.0825,2.192,0.208,19.14,NEUTRAL,1.2
HEALTHCARE,2024-07-15,NSDL,416952.0,5264.0,5.6977,2.101,2.843,47.4,STRONG_ACCUMULATION,2.472
INFRASTRUCTURE,2024-07-15,NSDL,148914.0,-1091.0,2.0349,1.686,-0.524,29.98,DISTRIBUTION,0.581
IT,2024-07-15,NSDL,646225.0,4343.0,8.8307,2.5,1.576,25.9,STRONG_ACCUMULATION,2.038
MEDIA,2024-07-15,NSDL,14554.0,335.0,0.1989,-0.938,2.039,-25.87,ACCUMULATION,0.551
METAL,2024-07-15,NSDL,218877.0,841.0,2.991,1.719,0.399,46.69,NEUTRAL,1.059
REALTY,2024-07-15,NSDL,167265.0,1110.0,2.2857,2.11,0.167,99.96,NEUTRAL,1.138
SERVICES,2024-07-15,NSDL,455702.0,5661.0,6.2272,2.227,0.819,93.35,ACCUMULATION,1.523
TELECOM,2024-07-15,NSDL,263761.0,7142.0,3.6043,2.159,2.102,84.18,STRONG_ACCUMULATION,2.13
TEXTILES,2024-07-15,NSDL,20653.0,192.0,0.2822,1.038,1.07,8.51,STRONG_ACCUMULATION,1.054
AUTO,2024-07-31,NSDL,604398.0,6148.0,8.1397,2.008,1.266,37.69,STRONG_ACCUMULATION,1.637
CAPITAL_GOODS,2024-07-31,NSDL,635171.0,4739.0,8.5542,1.865,0.373,32.96,NEUTRAL,1.119
CEMENT,2024-07-31,NSDL,136945.0,680.0,1.8443,2.152,0.296,21.53,NEUTRAL,1.224
CHEMICALS,2024-07-31,NSDL,120612.0,-512.0,1.6243,2.804,-0.747,24.92,DISTRIBUTION,1.028
COMMODITIES,2024-07-31,NSDL,4232.0,150.0,0.057,2.192,0.882,60.49,ACCUMULATION,1.537
ENERGY,2024-07-31,NSDL,970921.0,-2177.0,13.0759,1.848,0.283,13.86,NEUTRAL,1.066
FINANCIAL_SERVICES,2024-07-31,NSDL,2049902.0,-7648.0,27.6071,1.8,-0.853,12.07,DISTRIBUTION,0.474
FMCG,2024-07-31,NSDL,455970.0,975.0,6.1408,2.156,0.199,10.87,NEUTRAL,1.177
HEALTHCARE,2024-07-31,NSDL,436667.0,5054.0,5.8808,2.088,2.309,20.72,STRONG_ACCUMULATION,2.199
INFRASTRUCTURE,2024-07-31,NSDL,154075.0,-1539.0,2.075,1.698,-0.692,11.47,DISTRIBUTION,0.503
IT,2024-07-31,NSDL,690232.0,11763.0,9.2957,2.737,2.875,7.03,STRONG_ACCUMULATION,2.806
MEDIA,2024-07-31,NSDL,15029.0,474.0,0.2024,-0.728,2.188,22.58,ACCUMULATION,0.73
METAL,2024-07-31,NSDL,221118.0,7310.0,2.9779,1.627,2.11,20.06,STRONG_ACCUMULATION,1.869
REALTY,2024-07-31,NSDL,164021.0,228.0,2.209,1.807,-0.482,35.76,NEUTRAL,0.662
SERVICES,2024-07-31,NSDL,467320.0,1955.0,6.2936,2.05,-0.15,34.33,NEUTRAL,0.95
TELECOM,2024-07-31,NSDL,277007.0,3138.0,3.7306,2.095,0.676,40.13,ACCUMULATION,1.386
TEXTILES,2024-07-31,NSDL,21650.0,94.0,0.2916,1.505,0.6,15.98,ACCUMULATION,1.052
AUTO,2025-05-15,NSDL,501610.0,965.0,7.0876,1.062,-0.324,-2.31,NEUTRAL,0.369
CAPITAL_GOODS,2025-05-15,NSDL,550598.0,5520.0,7.7798,1.105,0.555,1.6,ACCUMULATION,0.83
CEMENT,2025-05-15,NSDL,119140.0,570.0,1.6834,1.107,0.184,6.23,NEUTRAL,0.645
CHEMICALS,2025-05-15,NSDL,125730.0,2017.0,1.7765,2.813,2.211,23.7,STRONG_ACCUMULATION,2.512
COMMODITIES,2025-05-15,NSDL,3258.0,-27.0,0.046,0.889,-1.334,3.89,DISTRIBUTION,-0.223
ENERGY,2025-05-15,NSDL,772981.0,4689.0,10.922,0.367,1.414,-13.36,ACCUMULATION,0.89
FINANCIAL_SERVICES,2025-05-15,NSDL,2243421.0,27638.0,31.699,2.391,2.344,21.51,STRONG_ACCUMULATION,2.367
FMCG,2025-05-15,NSDL,392121.0,1273.0,5.5406,0.504,0.325,-2.91,NEUTRAL,0.414
HEALTHCARE,2025-05-15,NSDL,474937.0,50.0,6.7107,2.247,-0.502,26.67,DISTRIBUTION,0.872
INFRASTRUCTURE,2025-05-15,NSDL,125884.0,-573.0,1.7787,0.631,-0.163,-7.75,NEUTRAL,0.234
IT,2025-05-15,NSDL,603929.0,-1096.0,8.5334,1.145,0.1,8.42,NEUTRAL,0.623
MEDIA,2025-05-15,NSDL,12878.0,101.0,0.182,-1.343,0.918,6.53,ACCUMULATION,-0.212
METAL,2025-05-15,NSDL,199112.0,-470.0,2.8134,0.902,-0.022,-6.12,NEUTRAL,0.44
REALTY,2025-05-15,NSDL,140475.0,-1195.0,1.9849,1.153,-1.41,1.32,DISTRIBUTION,-0.128
SERVICES,2025-05-15,NSDL,453411.0,5948.0,6.4066,1.713,0.867,14.05,ACCUMULATION,1.29
TELECOM,2025-05-15,NSDL,332526.0,3548.0,4.6985,2.533,0.755,46.16,ACCUMULATION,1.644
TEXTILES,2025-05-15,NSDL,25246.0,-164.0,0.3567,2.716,-0.502,23.59,DISTRIBUTION,1.107
AUTO,2025-05-31,NSDL,491804.0,101.0,6.9571,0.908,-0.594,-6.14,DISTRIBUTION,0.157
CAPITAL_GOODS,2025-05-31,NSDL,570796.0,3593.0,8.0746,1.166,-0.024,-0.51,NEUTRAL,0.571
CEMENT,2025-05-31,NSDL,113475.0,575.0,1.6052,0.748,0.173,0.61,NEUTRAL,0.461
CHEMICALS,2025-05-31,NSDL,127574.0,1308.0,1.8047,2.499,1.274,26.37,STRONG_ACCUMULATION,1.887
COMMODITIES,2025-05-31,NSDL,3448.0,9.0,0.0488,1.044,-0.825,7.45,DISTRIBUTION,0.11
ENERGY,2025-05-31,NSDL,760770.0,26.0,10.762,0.276,0.573,-16.13,ACCUMULATION,0.424
FINANCIAL_SERVICES,2025-05-31,NSDL,2257620.0,4028.0,31.9367,2.128,0.21,19.02,NEUTRAL,1.169
FMCG,2025-05-31,NSDL,386868.0,815.0,5.4727,0.322,0.22,-2.56,NEUTRAL,0.271
HEALTHCARE,2025-05-31,NSDL,468729.0,-2614.0,6.6307,1.917,-1.799,26.75,DISTRIBUTION,0.059
INFRASTRUCTURE,2025-05-31,NSDL,129890.0,290.0,1.8374,0.715,0.3,-12.19,NEUTRAL,0.507
IT,2025-05-31,NSDL,587238.0,-2436.0,8.3072,0.802,-0.2,8.19,NEUTRAL,0.301
MEDIA,2025-05-31,NSDL,13236.0,137.0,0.1872,-1.136,0.964,4.87,ACCUMULATION,-0.086
METAL,2025-05-31,NSDL,197119.0,70.0,2.7885,0.802,0.148,-11.57,NEUTRAL,0.475
REALTY,2025-05-31,NSDL,147493.0,-1664.0,2.0865,1.213,-1.643,0.05,DISTRIBUTION,-0.215
SERVICES,2025-05-31,NSDL,449810.0,7481.0,6.3631,1.525,1.194,15.01,STRONG_ACCUMULATION,1.359
TELECOM,2025-05-31,NSDL,338241.0,8089.0,4.7848,2.238,2.027,41.19,STRONG_ACCUMULATION,2.133
TEXTILES,2025-05-31,NSDL,24946.0,-89.0,0.3529,2.226,-0.194,21.43,NEUTRAL,1.016
AUTO,2025-06-15,NSDL,490153.0,-1805.0,7.0349,0.827,-1.165,-15.18,DISTRIBUTION,-0.169
CAPITAL_GOODS,2025-06-15,NSDL,565467.0,1280.0,8.1158,1.041,-0.729,-7.5,DISTRIBUTION,0.156
CEMENT,2025-06-15,NSDL,114767.0,-164.0,1.6472,0.754,-0.596,-8.14,DISTRIBUTION,0.079
CHEMICALS,2025-06-15,NSDL,131258.0,1880.0,1.8839,2.399,1.748,19.68,STRONG_ACCUMULATION,2.074
COMMODITIES,2025-06-15,NSDL,3734.0,6.0,0.0536,1.289,-0.806,-2.71,DISTRIBUTION,0.241
ENERGY,2025-06-15,NSDL,758958.0,-3305.0,10.8929,0.259,-0.007,-17.94,NEUTRAL,0.126
FINANCIAL_SERVICES,2025-06-15,NSDL,2137234.0,3985.0,30.6745,1.464,0.18,8.41,NEUTRAL,0.822
FMCG,2025-06-15,NSDL,377744.0,-1754.0,5.4215,0.035,-0.623,-11.13,DISTRIBUTION,-0.294
HEALTHCARE,2025-06-15,NSDL,485293.0,-1969.0,6.9651,1.877,-1.361,21.91,DISTRIBUTION,0.258
INFRASTRUCTURE,2025-06-15,NSDL,127330.0,253.0,1.8275,0.564,0.283,-14.07,NEUTRAL,0.423
IT,2025-06-15,NSDL,599627.0,-4438.0,8.6061,0.939,-0.651,4.28,DISTRIBUTION,0.144
MEDIA,2025-06-15,NSDL,13534.0,153.0,0.1942,-0.96,0.951,-1.64,ACCUMULATION,-0.005
METAL,2025-06-15,NSDL,196666.0,-592.0,2.8226,0.757,-0.002,-12.13,NEUTRAL,0.378
REALTY,2025-06-15,NSDL,156167.0,-391.0,2.2414,1.297,-0.678,-5.4,DISTRIBUTION,0.309
SERVICES,2025-06-15,NSDL,450828.0,3421.0,6.4705,1.403,0.144,7.49,NEUTRAL,0.773
TELECOM,2025-06-15,NSDL,333911.0,6165.0,4.7924,1.923,1.306,32.92,STRONG_ACCUMULATION,1.615
TEXTILES,2025-06-15,NSDL,24798.0,212.0,0.3559,1.915,1.02,12.49,STRONG_ACCUMULATION,1.468
AUTO,2025-06-30,NSDL,510983.0,4724.0,6.9438,0.927,0.775,-10.53,ACCUMULATION,0.851
CAPITAL_GOODS,2025-06-30,NSDL,588158.0,-4324.0,7.9925,1.127,-2.289,-4.92,DISTRIBUTION,-0.581
CEMENT,2025-06-30,NSDL,122722.0,258.0,1.6677,1.09,-0.173,-7.38,NEUTRAL,0.459
CHEMICALS,2025-06-30,NSDL,137226.0,2392.0,1.8648,2.439,2.038,20.87,STRONG_ACCUMULATION,2.239
COMMODITIES,2025-06-30,NSDL,3716.0,-42.0,0.0505,1.17,-1.306,-10.31,DISTRIBUTION,-0.068
ENERGY,2025-06-30,NSDL,789927.0,-174.0,10.7343,0.453,0.487,-15.58,NEUTRAL,0.47
FINANCIAL_SERVICES,2025-06-30,NSDL,2343322.0,8946.0,31.8434,2.055,0.571,14.04,ACCUMULATION,1.313
FMCG,2025-06-30,NSDL,381081.0,-3985.0,5.1785,0.068,-1.3,-9.66,DISTRIBUTION,-0.616
HEALTHCARE,2025-06-30,NSDL,490839.0,-403.0,6.67,1.743,-0.547,22.83,DISTRIBUTION,0.598
INFRASTRUCTURE,2025-06-30,NSDL,130300.0,-270.0,1.7706,0.618,0.05,-9.31,NEUTRAL,0.334
IT,2025-06-30,NSDL,607777.0,1166.0,8.2591,0.999,0.545,1.65,ACCUMULATION,0.772
MEDIA,2025-06-30,NSDL,13621.0,34.0,0.1851,-0.861,0.534,0.48,ACCUMULATION,-0.163
METAL,2025-06-30,NSDL,204710.0,-357.0,2.7818,0.932,0.123,-6.85,NEUTRAL,0.528
REALTY,2025-06-30,NSDL,154561.0,1341.0,2.1003,1.165,0.557,-5.41,ACCUMULATION,0.861
SERVICES,2025-06-30,NSDL,486036.0,1694.0,6.6047,1.56,-0.353,11.85,NEUTRAL,0.604
TELECOM,2025-06-30,NSDL,367820.0,2733.0,4.9983,2.058,0.176,39.41,NEUTRAL,1.117
TEXTILES,2025-06-30,NSDL,26087.0,204.0,0.3545,2.059,0.916,12.53,ACCUMULATION,1.488
AUTO,2025-07-15,NSDL,509003.0,3861.0,6.9655,0.842,0.503,-11.78,ACCUMULATION,0.672
CAPITAL_GOODS,2025-07-15,NSDL,585535.0,-3992.0,8.0128,1.026,-2.04,-7.3,DISTRIBUTION,-0.507
CEMENT,2025-07-15,NSDL,125173.0,978.0,1.713,1.134,0.539,-7.5,ACCUMULATION,0.837
CHEMICALS,2025-07-15,NSDL,135592.0,1155.0,1.8555,2.023,0.702,16.8,ACCUMULATION,1.363
COMMODITIES,2025-07-15,NSDL,3578.0,-13.0,0.049,0.929,-0.925,-11.68,DISTRIBUTION,0.002
ENERGY,2025-07-15,NSDL,789919.0,2855.0,10.8098,0.406,0.956,-19.28,ACCUMULATION,0.681
FINANCIAL_SERVICES,2025-07-15,NSDL,2325641.0,5081.0,31.8256,1.783,0.166,11.96,NEUTRAL,0.974
FMCG,2025-07-15,NSDL,392609.0,-1787.0,5.3727,0.336,-0.559,-11.8,DISTRIBUTION,-0.112
HEALTHCARE,2025-07-15,NSDL,500962.0,-1199.0,6.8555,1.674,-0.89,20.15,DISTRIBUTION,0.392
INFRASTRUCTURE,2025-07-15,NSDL,124890.0,-97.0,1.7091,0.352,0.173,-16.13,NEUTRAL,0.262
IT,2025-07-15,NSDL,578096.0,-2600.0,7.911,0.488,-0.231,-10.54,NEUTRAL,0.129
MEDIA,2025-07-15,NSDL,13492.0,-165.0,0.1846,-0.838,-0.1,-7.3,NEUTRAL,-0.469
METAL,2025-07-15,NSDL,203647.0,1925.0,2.7868,0.833,0.775,-6.96,ACCUMULATION,0.804
REALTY,2025-07-15,NSDL,154130.0,661.0,2.1092,1.07,0.034,-7.85,NEUTRAL,0.552
SERVICES,2025-07-15,NSDL,483748.0,6438.0,6.6199,1.414,0.842,6.15,ACCUMULATION,1.128
TELECOM,2025-07-15,NSDL,355140.0,3903.0,4.86,1.715,0.506,34.64,ACCUMULATION,1.111
TEXTILES,2025-07-15,NSDL,26297.0,229.0,0.3599,1.884,0.96,27.33,ACCUMULATION,1.422
AUTO,2025-07-31,NSDL,501618.0,-3584.0,7.0243,0.718,-1.597,-17.01,DISTRIBUTION,-0.44
CAPITAL_GOODS,2025-07-31,NSDL,569248.0,-2309.0,7.9714,0.833,-1.487,-10.38,DISTRIBUTION,-0.327
CEMENT,2025-07-31,NSDL,124187.0,329.0,1.739,1.007,-0.183,-9.32,NEUTRAL,0.412
CHEMICALS,2025-07-31,NSDL,137733.0,1129.0,1.9287,1.927,0.619,14.2,ACCUMULATION,1.273
COMMODITIES,2025-07-31,NSDL,3144.0,39.0,0.044,0.341,-0.307,-25.71,NEUTRAL,0.017
ENERGY,2025-07-31,NSDL,746186.0,-3210.0,10.4491,0.024,-0.195,-23.15,NEUTRAL,-0.086
FINANCIAL_SERVICES,2025-07-31,NSDL,2277046.0,-5900.0,31.8863,1.475,-0.857,11.08,DISTRIBUTION,0.309
FMCG,2025-07-31,NSDL,398986.0,1558.0,5.5871,0.463,0.515,-12.5,ACCUMULATION,0.489
HEALTHCARE,2025-07-31,NSDL,503415.0,-57.0,7.0495,1.553,-0.3,15.29,NEUTRAL,0.626
INFRASTRUCTURE,2025-07-31,NSDL,125419.0,-1372.0,1.7563,0.314,-0.474,-18.6,NEUTRAL,-0.08
IT,2025-07-31,NSDL,530868.0,-19901.0,7.4339,-0.294,-3.061,-23.09,DISTRIBUTION,-1.677
MEDIA,2025-07-31,NSDL,12597.0,-197.0,0.1764,-1.064,-0.16,-16.18,NEUTRAL,-0.612
METAL,2025-07-31,NSDL,203138.0,3365.0,2.8446,0.759,1.112,-8.13,ACCUMULATION,0.935
REALTY,2025-07-31,NSDL,138735.0,-3933.0,1.9428,0.668,-2.735,-15.42,DISTRIBUTION,-1.033
SERVICES,2025-07-31,NSDL,494161.0,6474.0,6.9199,1.384,0.794,5.74,ACCUMULATION,1.089
TELECOM,2025-07-31,NSDL,349013.0,1473.0,4.8874,1.502,-0.325,25.99,NEUTRAL,0.589
TEXTILES,2025-07-31,NSDL,25645.0,276.0,0.3591,1.538,1.133,18.45,STRONG_ACCUMULATION,1.336
AUTO,2026-05-15,NSDL,505010.0,-2132.0,7.5799,0.687,-1.099,0.68,DISTRIBUTION,-0.206
CAPITAL_GOODS,2026-05-15,NSDL,659695.0,6591.0,9.9017,1.44,0.758,19.81,ACCUMULATION,1.099
CEMENT,2026-05-15,NSDL,104939.0,-1877.0,1.5751,-0.115,-2.232,-11.92,DISTRIBUTION,-1.174
CHEMICALS,2026-05-15,NSDL,122720.0,-821.0,1.842,0.862,-1.374,-2.39,DISTRIBUTION,-0.256
COMMODITIES,2026-05-15,NSDL,2490.0,32.0,0.0374,-0.544,-0.371,-23.57,NEUTRAL,-0.458
ENERGY,2026-05-15,NSDL,771246.0,-6437.0,11.576,0.171,-0.741,-0.22,DISTRIBUTION,-0.285
FINANCIAL_SERVICES,2026-05-15,NSDL,2007949.0,-29664.0,30.1383,0.411,-2.563,-10.5,DISTRIBUTION,-1.076
FMCG,2026-05-15,NSDL,324652.0,-1854.0,4.8729,-1.863,-0.565,-17.21,DISTRIBUTION,-1.214
HEALTHCARE,2026-05-15,NSDL,489272.0,-2863.0,7.3437,1.307,-1.633,3.02,DISTRIBUTION,-0.163
INFRASTRUCTURE,2026-05-15,NSDL,124303.0,1168.0,1.8657,0.207,0.9,-1.26,ACCUMULATION,0.553
IT,2026-05-15,NSDL,366479.0,-4530.0,5.5007,-2.533,-0.378,-39.32,NEUTRAL,-1.456
MEDIA,2026-05-15,NSDL,10404.0,-161.0,0.1562,-1.628,-0.038,-19.21,NEUTRAL,-0.833
METAL,2026-05-15,NSDL,286741.0,4114.0,4.3038,2.739,1.274,44.01,STRONG_ACCUMULATION,2.006
REALTY,2026-05-15,NSDL,99950.0,-636.0,1.5002,-0.266,-0.669,-28.85,DISTRIBUTION,-0.468
SERVICES,2026-05-15,NSDL,403591.0,3858.0,6.0577,0.572,0.134,-10.99,NEUTRAL,0.353
TELECOM,2026-05-15,NSDL,364095.0,-4450.0,5.4649,1.52,-2.081,9.49,DISTRIBUTION,-0.28
TEXTILES,2026-05-15,NSDL,18920.0,-160.0,0.284,-0.45,-1.059,-25.06,DISTRIBUTION,-0.754
AUTO,2026-05-31,NSDL,506398.0,-2532.0,7.5649,0.64,-1.125,2.97,DISTRIBUTION,-0.242
CAPITAL_GOODS,2026-05-31,NSDL,682145.0,1350.0,10.1904,1.502,-0.586,19.51,DISTRIBUTION,0.458
CEMENT,2026-05-31,NSDL,106182.0,-1641.0,1.5862,-0.1,-1.792,-6.43,DISTRIBUTION,-0.946
CHEMICALS,2026-05-31,NSDL,123195.0,-610.0,1.8404,0.827,-1.095,-3.43,DISTRIBUTION,-0.134
COMMODITIES,2026-05-31,NSDL,2420.0,-40.0,0.0362,-0.682,-1.123,-29.81,DISTRIBUTION,-0.903
ENERGY,2026-05-31,NSDL,776231.0,-9659.0,11.5959,0.161,-1.259,2.03,DISTRIBUTION,-0.549
FINANCIAL_SERVICES,2026-05-31,NSDL,1996508.0,-23141.0,29.8252,0.306,-1.824,-11.57,DISTRIBUTION,-0.759
FMCG,2026-05-31,NSDL,313689.0,-3561.0,4.6861,-2.09,-1.038,-18.92,STRONG_DISTRIBUTION,-1.564
HEALTHCARE,2026-05-31,NSDL,482596.0,183.0,7.2094,1.154,-0.192,2.96,NEUTRAL,0.481
INFRASTRUCTURE,2026-05-31,NSDL,128174.0,-1258.0,1.9148,0.32,-0.353,-1.32,NEUTRAL,-0.016
IT,2026-05-31,NSDL,382141.0,-1911.0,5.7087,-2.067,0.046,-34.93,NEUTRAL,-1.011
MEDIA,2026-05-31,NSDL,10106.0,-122.0,0.151,-1.56,0.062,-23.65,NEUTRAL,-0.749
METAL,2026-05-31,NSDL,297444.0,6697.0,4.4434,2.551,1.855,50.9,STRONG_ACCUMULATION,2.203
REALTY,2026-05-31,NSDL,103797.0,-400.0,1.5506,-0.233,-0.509,-29.63,DISTRIBUTION,-0.371
SERVICES,2026-05-31,NSDL,405571.0,5209.0,6.0587,0.532,0.555,-9.84,ACCUMULATION,0.544
TELECOM,2026-05-31,NSDL,358092.0,-415.0,5.3494,1.342,-0.834,5.87,DISTRIBUTION,0.254
TEXTILES,2026-05-31,NSDL,19339.0,-73.0,0.2889,-0.385,-0.72,-22.48,DISTRIBUTION,-0.552
AUTO,2026-06-15,NSDL,511510.0,-11219.0,7.6077,0.63,-2.772,4.36,DISTRIBUTION,-1.071
CAPITAL_GOODS,2026-06-15,NSDL,680157.0,-3353.0,10.116,1.39,-1.638,20.28,DISTRIBUTION,-0.124
CEMENT,2026-06-15,NSDL,103482.0,-2860.0,1.5391,-0.323,-2.457,-9.83,DISTRIBUTION,-1.39
CHEMICALS,2026-06-15,NSDL,123276.0,-683.0,1.8335,0.769,-1.09,-6.08,DISTRIBUTION,-0.161
COMMODITIES,2026-06-15,NSDL,2375.0,-11.0,0.0353,-0.778,-0.736,-36.4,DISTRIBUTION,-0.757
ENERGY,2026-06-15,NSDL,748984.0,-14682.0,11.1396,-0.114,-1.938,-1.31,DISTRIBUTION,-1.026
FINANCIAL_SERVICES,2026-06-15,NSDL,2059636.0,-16444.0,30.6329,0.512,-1.229,-3.63,DISTRIBUTION,-0.359
FMCG,2026-06-15,NSDL,306648.0,-6999.0,4.5608,-2.142,-1.89,-18.82,STRONG_DISTRIBUTION,-2.016
HEALTHCARE,2026-06-15,NSDL,482596.0,-3900.0,7.1776,1.075,-1.957,-0.56,DISTRIBUTION,-0.441
INFRASTRUCTURE,2026-06-15,NSDL,130495.0,-835.0,1.9409,0.371,-0.067,2.49,NEUTRAL,0.152
IT,2026-06-15,NSDL,361825.0,-7001.0,5.3814,-2.081,-0.809,-39.66,DISTRIBUTION,-1.445
MEDIA,2026-06-15,NSDL,10322.0,-342.0,0.1535,-1.368,-0.614,-23.73,DISTRIBUTION,-0.991
METAL,2026-06-15,NSDL,304471.0,277.0,4.5284,2.334,0.143,54.82,NEUTRAL,1.238
REALTY,2026-06-15,NSDL,104224.0,-1063.0,1.5501,-0.279,-0.889,-33.26,DISTRIBUTION,-0.584
SERVICES,2026-06-15,NSDL,413831.0,-2995.0,6.1549,0.547,-1.703,-8.21,DISTRIBUTION,-0.578
TELECOM,2026-06-15,NSDL,359649.0,2500.0,5.3491,1.256,0.035,7.71,NEUTRAL,0.645
TEXTILES,2026-06-15,NSDL,20117.0,-107.0,0.2992,-0.203,-0.967,-18.88,DISTRIBUTION,-0.585
AUTO,2026-06-30,NSDL,502793.0,-10368.0,7.4095,0.485,-2.211,-1.6,DISTRIBUTION,-0.863
CAPITAL_GOODS,2026-06-30,NSDL,692210.0,-2098.0,10.2009,1.397,-1.262,17.69,DISTRIBUTION,0.068
CEMENT,2026-06-30,NSDL,102049.0,-3076.0,1.5039,-0.483,-2.247,-16.85,DISTRIBUTION,-1.365
CHEMICALS,2026-06-30,NSDL,122435.0,-1287.0,1.8043,0.657,-1.535,-10.78,DISTRIBUTION,-0.439
COMMODITIES,2026-06-30,NSDL,1084.0,-24.0,0.016,-2.299,-0.848,-70.83,DISTRIBUTION,-1.573
ENERGY,2026-06-30,NSDL,742148.0,-19597.0,10.9368,-0.218,-2.333,-6.05,DISTRIBUTION,-1.276
FINANCIAL_SERVICES,2026-06-30,NSDL,2111441.0,3371.0,31.1157,0.677,0.228,-9.9,NEUTRAL,0.453
FMCG,2026-06-30,NSDL,304960.0,-5537.0,4.4941,-2.009,-1.335,-19.98,STRONG_DISTRIBUTION,-1.672
HEALTHCARE,2026-06-30,NSDL,506738.0,-3066.0,7.4676,1.237,-1.451,3.24,DISTRIBUTION,-0.107
INFRASTRUCTURE,2026-06-30,NSDL,132537.0,3104.0,1.9532,0.416,2.001,1.72,ACCUMULATION,1.208
IT,2026-06-30,NSDL,338594.0,-7466.0,4.9898,-2.112,-0.863,-44.29,DISTRIBUTION,-1.488
MEDIA,2026-06-30,NSDL,10064.0,-359.0,0.1483,-1.325,-0.646,-26.11,DISTRIBUTION,-0.986
METAL,2026-06-30,NSDL,285637.0,-9093.0,4.2093,1.738,-2.061,39.53,DISTRIBUTION,-0.161
REALTY,2026-06-30,NSDL,111296.0,800.0,1.6401,-0.157,0.219,-27.99,NEUTRAL,0.031
SERVICES,2026-06-30,NSDL,439505.0,4123.0,6.4769,0.722,0.228,-9.57,NEUTRAL,0.475
TELECOM,2026-06-30,NSDL,360095.0,-347.0,5.3066,1.17,-0.851,-2.1,DISTRIBUTION,0.159
TEXTILES,2026-06-30,NSDL,22193.0,95.0,0.3271,0.417,0.151,-14.93,NEUTRAL,0.284
