SYMBOL,SERIES,DATE1,PREV_CLOSE,OPEN_PRICE,HIGH_PRICE,LOW_PRICE,LAST_PRICE,CLOSE_PRICE,AVG_PRICE,TTL_TRD_QNTY,TURNOVER_LACS,NO_OF_TRADES,DELIV_QTY,DELIV_PER,TRADE_DATE
21STCENMGM,EQ, 26-Sep-2023,19.0,19.35,19.35,18.7, 18.80,19.15,19.03,10029,1.91,73, 8673, 86.48,2023-09-26
360ONE,EQ, 26-Sep-2023,520.4,520.4,524.55,513.2, 514.00,514.65,517.79,139775,723.74,8821, 81373, 58.22,2023-09-26
3IINFOLTD,EQ, 26-Sep-2023,41.15,41.35,42.2,40.35, 40.40,40.6,41.28,1117494,461.35,5958, 461213, 41.27,2023-09-26
3MINDIA,EQ, 26-Sep-2023,31693.15,31522.0,31949.0,30834.85, 31025.00,30952.6,31086.74,5232,1626.46,2398, 3221, 61.56,2023-09-26
3PLAND,EQ, 26-Sep-2023,22.8,22.8,23.2,22.25, 22.80,22.65,22.54,3097,0.7,105, 2311, 74.62,2023-09-26
5PAISA,EQ, 26-Sep-2023,439.8,439.8,448.6,439.8, 444.50,442.6,444.19,39893,177.2,5964, 10420, 26.12,2023-09-26
63MOONS,EQ, 26-Sep-2023,297.05,297.55,297.55,282.8, 285.60,284.55,287.39,95413,274.21,3560, 57844, 60.62,2023-09-26
AAATECH,EQ, 26-Sep-2023,59.55,59.9,60.7,57.35, 58.30,58.4,59.08,70508,41.66,1464, 31281, 44.37,2023-09-26
AARTIDRUGS,EQ, 26-Sep-2023,551.4,551.5,557.9,546.5, 548.15,548.4,551.14,127072,700.35,7167, 48876, 38.46,2023-09-26
AARTIIND,EQ, 26-Sep-2023,496.2,496.5,503.1,492.0, 494.45,493.9,496.91,1103371,5482.77,21433, 411528, 37.30,2023-09-26
AARTIPHARM,EQ, 26-Sep-2023,436.9,441.2,453.35,436.65, 443.95,444.05,445.88,118802,529.71,8891, 60640, 51.04,2023-09-26
AARTISURF,EQ, 26-Sep-2023,639.5,643.05,652.0,638.2, 643.00,641.1,643.44,10873,69.96,1124, 7805, 71.78,2023-09-26
AARVEEDEN,EQ, 26-Sep-2023,24.4,24.5,24.5,23.9, 24.20,24.2,24.18,21686,5.24,185, 15710, 72.44,2023-09-26
AARVI,EQ, 26-Sep-2023,125.5,127.5,128.85,124.5, 128.00,126.9,126.17,14010,17.68,377, 10827, 77.28,2023-09-26
AAVAS,EQ, 26-Sep-2023,1695.5,1720.0,1733.0,1697.05, 1720.00,1718.75,1713.36,124987,2141.47,14319, 55467, 44.38,2023-09-26
ABAN,EQ, 26-Sep-2023,44.65,44.9,46.55,44.55, 45.25,44.9,45.64,176239,80.43,1807, 63682, 36.13,2023-09-26
ABB,EQ, 26-Sep-2023,4176.9,4160.1,4223.0,4151.3, 4219.95,4205.2,4192.07,179832,7538.68,24751, 87954, 48.91,2023-09-26
ABBOTINDIA,EQ, 26-Sep-2023,22650.65,22740.0,23015.45,22522.0, 22622.65,22710.8,22775.81,11513,2622.18,4686, 6663, 57.87,2023-09-26
ABCAPITAL,EQ, 26-Sep-2023,176.55,174.25,178.5,174.05, 174.65,174.55,175.69,2666044,4683.96,22059, 1060853, 39.79,2023-09-26
ABFRL,EQ, 26-Sep-2023,216.35,216.75,218.55,214.0, 215.35,214.9,216.28,1438144,3110.41,12146, 538815, 37.47,2023-09-26
ABSLAMC,EQ, 26-Sep-2023,419.05,419.05,424.25,415.05, 424.05,423.55,421.11,89622,377.4,2842, 63540, 70.90,2023-09-26
ABSLBANETF,EQ, 26-Sep-2023,45.1,44.81,45.44,44.81, 45.21,45.1,45.1,5794,2.61,255, 3112, 53.71,2023-09-26
ABSLLIQUID,EQ, 26-Sep-2023,999.99,1000.01,1000.01,999.99, 999.99,999.99,1000.01,1015,10.15,5, 1011, 99.61,2023-09-26
ABSLNN50ET,EQ, 26-Sep-2023,46.47,46.95,47.04,46.38, 47.04,46.64,46.49,2151643,1000.35,144, 2145171, 99.70,2023-09-26
ACC,EQ, 26-Sep-2023,2000.1,2000.8,2026.7,1995.0, 2016.00,2015.05,2015.95,369560,7450.13,16973, 177238, 47.96,2023-09-26
ACCELYA,EQ, 26-Sep-2023,1570.7,1586.8,1609.0,1564.65, 1590.00,1591.3,1593.32,47512,757.02,6541, 23314, 49.07,2023-09-26
ACE,EQ, 26-Sep-2023,670.15,670.15,708.95,670.15, 680.00,676.8,687.24,316827,2177.38,15633, 147627, 46.60,2023-09-26
ACI,EQ, 26-Sep-2023,588.3,591.8,605.0,581.8, 586.00,584.3,587.16,157690,925.89,13866, 77407, 49.09,2023-09-26
ADANIENSOL,EQ, 26-Sep-2023,830.4,825.0,837.25,811.65, 817.00,817.85,824.75,584558,4821.13,24000, 278535, 47.65,2023-09-26
ADANIENT,EQ, 26-Sep-2023,2482.1,2491.0,2499.0,2452.6, 2458.50,2457.95,2474.46,698863,17293.11,35719, 151355, 21.66,2023-09-26
ADANIGREEN,EQ, 26-Sep-2023,1013.8,1016.6,1016.6,999.0, 1003.00,1012.3,1012.45,5535950,56048.86,44687, 3044879, 55.00,2023-09-26
ADANIPORTS,EQ, 26-Sep-2023,825.65,826.1,831.0,819.0, 822.05,821.35,824.52,1569635,12941.89,33183, 517518, 32.97,2023-09-26
ADANIPOWER,EQ, 26-Sep-2023,381.15,380.05,382.8,375.1, 376.80,377.5,378.73,17002538,64394.15,52721, 10353678, 60.89,2023-09-26
ADFFOODS,EQ, 26-Sep-2023,224.35,224.95,226.0,217.85, 219.60,219.75,221.27,76818,169.98,5898, 35914, 46.75,2023-09-26
ADORWELD,EQ, 26-Sep-2023,1128.35,1128.0,1128.6,1102.5, 1115.00,1113.8,1119.63,7382,82.65,1802, 3596, 48.71,2023-09-26
ADROITINFO,EQ, 26-Sep-2023,25.45,26.15,26.15,24.15, 24.85,24.55,25.08,138078,34.63,673, 112679, 81.61,2023-09-26
ADSL,EQ, 26-Sep-2023,132.95,133.25,133.9,130.55, 131.40,131.1,131.81,102200,134.71,2338, 52909, 51.77,2023-09-26
ADVANIHOTR,EQ, 26-Sep-2023,85.85,85.35,86.9,85.0, 86.25,86.05,85.85,20332,17.46,457, 11999, 59.02,2023-09-26
ADVENZYMES,EQ, 26-Sep-2023,322.35,322.0,323.05,314.2, 315.75,316.55,317.72,124410,395.27,5734, 70409, 56.59,2023-09-26
AEGISCHEM,EQ, 26-Sep-2023,324.55,326.95,327.8,323.3, 325.00,324.0,324.32,258034,836.86,16938, 178478, 69.17,2023-09-26
AEROFLEX,EQ, 26-Sep-2023,149.05,149.1,151.4,148.25, 148.65,149.2,150.09,337286,506.23,6081, 163458, 48.46,2023-09-26
AETHER,EQ, 26-Sep-2023,968.85,975.0,976.5,955.2, 962.30,959.6,960.69,40363,387.76,4850, 24751, 61.32,2023-09-26
AFFLE,EQ, 26-Sep-2023,1064.85,1065.95,1081.95,1065.95, 1075.00,1076.0,1075.49,143001,1537.95,13303, 73817, 51.62,2023-09-26
AGARIND,EQ, 26-Sep-2023,889.05,897.8,917.8,886.1, 906.00,905.85,908.32,59720,542.45,7296, 24250, 40.61,2023-09-26
AGI,EQ, 26-Sep-2023,896.1,897.0,924.0,882.0, 920.00,908.8,900.55,161217,1451.84,7027, 77523, 48.09,2023-09-26
AGROPHOS,EQ, 26-Sep-2023,36.9,36.35,37.4,36.35, 37.10,37.0,37.14,23513,8.73,268, 14429, 61.37,2023-09-26
AGSTRA,EQ, 26-Sep-2023,61.8,62.4,62.4,60.9, 61.10,61.15,61.54,116975,71.99,1657, 64979, 55.55,2023-09-26
AHL,EQ, 26-Sep-2023,325.55,326.9,329.6,324.05, 325.00,326.3,326.73,988725,3230.48,6529, 341840, 34.57,2023-09-26
AHLADA,EQ, 26-Sep-2023,100.95,101.75,101.75,99.15, 99.80,100.1,100.53,7163,7.2,148, 5283, 73.75,2023-09-26
AHLEAST,EQ, 26-Sep-2023,136.6,139.4,139.4,133.35, 135.00,134.95,135.74,2581,3.5,148, 1731, 67.07,2023-09-26
AHLUCONT,EQ, 26-Sep-2023,700.15,700.9,725.0,699.55, 720.00,720.7,717.81,112695,808.94,13016, 77069, 68.39,2023-09-26
AIAENG,EQ, 26-Sep-2023,3380.8,3379.95,3436.65,3370.05, 3407.00,3404.15,3398.45,57115,1941.03,14466, 26155, 45.79,2023-09-26
AIRAN,EQ, 26-Sep-2023,23.75,23.85,27.7,23.5, 26.95,27.2,26.32,10341589,2721.82,19760, 2764580, 26.73,2023-09-26
AJANTPHARM,EQ, 26-Sep-2023,1681.35,1690.0,1690.0,1673.4, 1684.00,1680.7,1677.32,134036,2248.22,12656, 106520, 79.47,2023-09-26
AJMERA,EQ, 26-Sep-2023,364.75,365.0,365.0,354.2, 357.50,355.8,357.8,36511,130.64,2592, 21436, 58.71,2023-09-26
AJOONI,EQ, 26-Sep-2023,4.7,4.75,4.75,4.6, 4.70,4.65,4.66,490096,22.83,546, 332783, 67.90,2023-09-26
AKASH,EQ, 26-Sep-2023,30.4,30.5,30.7,29.45, 29.75,29.9,30.06,95618,28.74,1045, 32962, 34.47,2023-09-26
AKG,EQ, 26-Sep-2023,23.7,23.9,24.45,23.65, 24.00,23.95,23.94,105955,25.36,318, 90616, 85.52,2023-09-26
AKSHARCHEM,EQ, 26-Sep-2023,299.3,299.3,302.05,292.25, 295.00,293.4,296.15,8065,23.88,488, 6068, 75.24,2023-09-26
AKSHOPTFBR,EQ, 26-Sep-2023,12.8,12.85,13.3,12.85, 13.10,13.15,13.07,1805519,236.02,2857, 1193297, 66.09,2023-09-26
AKZOINDIA,EQ, 26-Sep-2023,2508.8,2521.35,2531.0,2485.0, 2507.00,2497.5,2501.93,16350,409.07,4004, 9718, 59.44,2023-09-26
ALANKIT,EQ, 26-Sep-2023,11.15,11.25,11.25,10.65, 11.00,10.85,10.91,748178,81.6,1369, 442735, 59.18,2023-09-26
ALBERTDAVD,EQ, 26-Sep-2023,746.45,757.55,757.55,743.0, 746.50,747.15,746.37,2795,20.86,427, 2214, 79.21,2023-09-26
ALEMBICLTD,EQ, 26-Sep-2023,77.55,77.65,77.7,77.05, 77.60,77.4,77.34,166424,128.71,2654, 79272, 47.63,2023-09-26
ALICON,EQ, 26-Sep-2023,863.3,863.3,878.9,853.85, 878.00,875.8,871.91,17528,152.83,2330, 11962, 68.25,2023-09-26
ALKALI,EQ, 26-Sep-2023,113.05,116.0,116.0,112.05, 112.70,113.9,113.81,6336,7.21,266, 3756, 59.28,2023-09-26
ALKEM,EQ, 26-Sep-2023,3555.95,3555.0,3564.9,3523.05, 3529.90,3530.4,3538.93,49301,1744.73,5560, 26550, 53.85,2023-09-26
ALKYLAMINE,EQ, 26-Sep-2023,2347.7,2348.0,2365.0,2332.2, 2346.75,2338.7,2347.67,21002,493.06,5793, 12560, 59.80,2023-09-26
ALLCARGO,EQ, 26-Sep-2023,262.85,262.05,265.7,255.05, 260.90,258.7,260.25,247191,643.32,9242, 127565, 51.61,2023-09-26
ALLSEC,EQ, 26-Sep-2023,605.85,609.85,609.85,600.0, 601.25,602.4,603.45,6917,41.74,667, 3376, 48.81,2023-09-26
ALMONDZ,EQ, 26-Sep-2023,86.55,85.8,88.0,85.8, 87.05,87.0,86.96,59837,52.04,1345, 12682, 21.19,2023-09-26
ALOKINDS,EQ, 26-Sep-2023,18.55,18.6,18.95,18.55, 18.75,18.7,18.74,6076853,1139.02,10717, 2219143, 36.52,2023-09-26
ALPA,EQ, 26-Sep-2023,72.35,72.35,74.0,72.0, 72.60,72.55,72.94,60873,44.4,913, 30825, 50.64,2023-09-26
ALPHAGEO,EQ, 26-Sep-2023,288.7,288.7,295.45,288.1, 292.20,292.95,291.88,15885,46.37,1430, 6965, 43.85,2023-09-26
AMARAJABAT,EQ, 26-Sep-2023,636.7,639.0,646.45,635.55, 641.70,641.85,642.74,290636,1868.04,17146, 140030, 48.18,2023-09-26
AMBER,EQ, 26-Sep-2023,2966.2,2979.9,3033.0,2964.05, 2991.35,2996.15,3006.62,115065,3459.57,22448, 64218, 55.81,2023-09-26
AMBIKCO,EQ, 26-Sep-2023,1540.8,1540.8,1568.9,1525.05, 1535.35,1530.25,1542.13,10459,161.29,2663, 5718, 54.67,2023-09-26
AMBUJACEM,EQ, 26-Sep-2023,422.9,423.3,434.0,422.45, 429.95,429.75,430.19,6162665,26511.15,44803, 4083330, 66.26,2023-09-26
AMDIND,EQ, 26-Sep-2023,53.1,54.0,54.75,51.8, 53.05,53.45,53.18,16051,8.54,321, 8080, 50.34,2023-09-26
AMIORG,EQ, 26-Sep-2023,1264.05,1258.05,1273.4,1244.1, 1250.60,1246.1,1252.95,73454,920.34,7891, 41990, 57.17,2023-09-26
AMJLAND,EQ, 26-Sep-2023,31.7,31.35,32.25,31.0, 31.45,31.15,31.38,106270,33.35,611, 68494, 64.45,2023-09-26
AMRUTANJAN,EQ, 26-Sep-2023,631.75,632.0,634.05,626.65, 628.20,631.9,631.12,18847,118.95,2912, 5291, 28.07,2023-09-26
ANANDRATHI,EQ, 26-Sep-2023,1625.45,1626.8,1713.85,1617.3, 1699.90,1697.3,1674.37,166377,2785.77,18312, 46040, 27.67,2023-09-26
ANANTRAJ,EQ, 26-Sep-2023,214.6,214.85,218.05,213.15, 215.00,214.55,215.61,571047,1231.26,7969, 315886, 55.32,2023-09-26
ANDHRAPAP,EQ, 26-Sep-2023,597.35,602.25,605.0,594.1, 594.10,595.7,600.38,165240,992.07,10825, 91236, 55.21,2023-09-26
ANDHRSUGAR,EQ, 26-Sep-2023,123.45,124.45,124.65,121.55, 122.95,122.6,122.73,230549,282.95,2949, 106057, 46.00,2023-09-26
ANDREWYU,EQ, 26-Sep-2023,35.7,36.0,36.2,34.25, 35.35,35.35,35.21,1642456,578.32,7322, 585799, 35.67,2023-09-26
ANGELONE,EQ, 26-Sep-2023,1864.7,1890.0,1890.0,1844.4, 1864.50,1859.9,1859.13,277006,5149.91,24840, 153998, 55.59,2023-09-26
ANUP,EQ, 26-Sep-2023,1983.4,1983.0,2014.0,1972.0, 1974.50,1980.25,1991.49,17059,339.73,4568, 8514, 49.91,2023-09-26
ANURAS,EQ, 26-Sep-2023,882.85,882.85,892.25,877.3, 880.00,882.6,884.13,184073,1627.44,10505, 62658, 34.04,2023-09-26
APARINDS,EQ, 26-Sep-2023,5438.9,5490.0,5856.95,5431.8, 5770.00,5805.05,5700.2,544392,31031.41,61564, 126712, 23.28,2023-09-26
APCL,EQ, 26-Sep-2023,187.95,190.35,190.35,186.05, 190.00,189.3,188.15,12713,23.92,635, 9013, 70.90,2023-09-26
APCOTEXIND,EQ, 26-Sep-2023,497.95,498.05,512.95,497.95, 508.00,508.65,506.99,24966,126.57,2567, 10415, 41.72,2023-09-26
APEX,EQ, 26-Sep-2023,224.45,225.3,226.95,223.0, 223.60,223.65,224.63,55724,125.17,2466, 26642, 47.81,2023-09-26
APLAPOLLO,EQ, 26-Sep-2023,1542.7,1543.0,1560.0,1519.1, 1560.00,1544.6,1536.75,519771,7987.59,57638, 352407, 67.80,2023-09-26
APLLTD,EQ, 26-Sep-2023,761.3,753.25,758.4,746.25, 754.95,754.1,752.35,116694,877.95,14231, 51205, 43.88,2023-09-26
APOLLO,EQ, 26-Sep-2023,57.8,58.3,59.6,57.35, 58.20,58.1,58.46,2311022,1351.04,12031, 1023707, 44.30,2023-09-26
APOLLOHOSP,EQ, 26-Sep-2023,5097.05,5097.0,5097.0,5030.25, 5050.00,5053.7,5061.87,267102,13520.37,44448, 119707, 44.82,2023-09-26
APOLLOPIPE,EQ, 26-Sep-2023,678.95,710.0,723.7,690.0, 706.95,708.2,713.11,497846,3550.2,25747, 146359, 29.40,2023-09-26
APOLLOTYRE,EQ, 26-Sep-2023,377.45,378.8,380.5,369.95, 370.90,370.55,373.55,2786441,10408.87,30900, 1466936, 52.65,2023-09-26
APTECHT,EQ, 26-Sep-2023,283.3,283.3,291.95,283.25, 290.00,290.0,287.36,215414,619.02,9613, 74034, 34.37,2023-09-26
APTUS,EQ, 26-Sep-2023,282.75,284.0,285.95,278.05, 280.00,279.05,281.23,329607,926.96,13253, 176516, 53.55,2023-09-26
ARIES,EQ, 26-Sep-2023,177.8,179.0,179.0,174.9, 177.25,177.2,177.02,40721,72.08,1513, 17691, 43.44,2023-09-26
ARIHANTCAP,EQ, 26-Sep-2023,71.15,72.0,72.0,69.7, 70.65,70.45,70.88,873185,618.92,2114, 700036, 80.17,2023-09-26
ARIHANTSUP,EQ, 26-Sep-2023,187.75,189.0,189.0,182.0, 184.20,185.7,184.77,112308,207.51,3735, 24127, 21.48,2023-09-26
ARMANFIN,EQ, 26-Sep-2023,2207.35,2229.4,2230.0,2145.05, 2172.00,2198.5,2182.44,13767,300.46,5277, 6113, 44.40,2023-09-26
AROGRANITE,EQ, 26-Sep-2023,57.8,58.4,61.65,58.1, 59.50,59.15,60.3,444531,268.03,3990, 160727, 36.16,2023-09-26
ARTEMISMED,EQ, 26-Sep-2023,158.55,159.5,160.0,154.8, 155.55,155.45,157.2,134642,211.66,4091, 79583, 59.11,2023-09-26
ARVIND,EQ, 26-Sep-2023,166.7,166.4,171.25,166.15, 170.80,170.3,169.01,675089,1140.96,12201, 233288, 34.56,2023-09-26
ARVINDFASN,EQ, 26-Sep-2023,320.35,317.5,324.5,315.35, 316.55,316.85,317.62,55692,176.89,3842, 28815, 51.74,2023-09-26
ARVSMART,EQ, 26-Sep-2023,352.65,354.15,360.0,349.0, 355.80,354.85,354.62,93705,332.29,4536, 33408, 35.65,2023-09-26
ASAHIINDIA,EQ, 26-Sep-2023,620.6,618.0,620.95,608.3, 615.00,615.05,612.9,152673,935.73,12367, 68764, 45.04,2023-09-26
ASAHISONG,EQ, 26-Sep-2023,253.8,257.4,257.4,247.75, 248.10,249.15,253.04,11184,28.3,879, 5845, 52.26,2023-09-26
ASAL,EQ, 26-Sep-2023,426.4,426.95,428.0,419.1, 422.00,424.35,423.63,22224,94.15,3009, 11167, 50.25,2023-09-26
ASALCBR,EQ, 26-Sep-2023,443.85,443.85,449.8,434.75, 437.30,436.8,442.84,38803,171.84,3550, 18303, 47.17,2023-09-26
ASHIANA,EQ, 26-Sep-2023,205.35,208.85,214.5,206.8, 209.90,209.9,211.57,206716,437.34,9848, 85710, 41.46,2023-09-26
ASHIMASYN,EQ, 26-Sep-2023,13.75,13.9,13.95,13.4, 13.85,13.65,13.65,334805,45.69,763, 214844, 64.17,2023-09-26
ASHOKA,EQ, 26-Sep-2023,102.2,102.65,114.0,102.5, 110.95,110.95,111.16,20053484,22291.87,84672, 3249378, 16.20,2023-09-26
ASHOKLEY,EQ, 26-Sep-2023,182.45,182.45,182.5,178.7, 179.40,179.6,180.09,10096336,18182.06,60906, 6295261, 62.35,2023-09-26
ASIANENE,EQ, 26-Sep-2023,161.7,168.0,168.0,158.35, 162.90,160.7,162.18,39144,63.48,1414, 21299, 54.41,2023-09-26
ASIANPAINT,EQ, 26-Sep-2023,3323.25,3323.0,3324.9,3260.35, 3292.00,3292.8,3286.83,834560,27430.61,84109, 465992, 55.84,2023-09-26
ASIANTILES,EQ, 26-Sep-2023,62.8,62.5,65.5,62.5, 63.50,63.2,64.05,1050516,672.85,5095, 512030, 48.74,2023-09-26
ASPINWALL,EQ, 26-Sep-2023,255.85,255.8,267.6,255.75, 267.30,264.25,262.8,6900,18.13,293, 4517, 65.46,2023-09-26
ASTEC,EQ, 26-Sep-2023,1311.8,1335.0,1335.0,1307.05, 1310.00,1313.85,1320.2,5614,74.12,1503, 2791, 49.71,2023-09-26
ASTERDM,EQ, 26-Sep-2023,328.65,328.65,329.95,322.15, 323.55,323.8,325.09,214179,696.27,16634, 118482, 55.32,2023-09-26
ASTRAL,EQ, 26-Sep-2023,1868.0,1874.0,1925.0,1857.0, 1923.00,1919.8,1908.46,707542,13503.16,51341, 258867, 36.59,2023-09-26
ASTRAMICRO,EQ, 26-Sep-2023,415.6,418.0,437.0,415.55, 432.20,433.7,430.62,974558,4196.63,21935, 421375, 43.24,2023-09-26
ASTRAZEN,EQ, 26-Sep-2023,4593.1,4589.0,4596.2,4382.7, 4416.95,4413.95,4449.7,34416,1531.41,5790, 22451, 65.23,2023-09-26
ASTRON,EQ, 26-Sep-2023,32.7,32.2,35.4,32.2, 34.60,34.65,34.53,168999,58.36,2238, 83082, 49.16,2023-09-26
ATAM,EQ, 26-Sep-2023,179.55,183.0,184.7,174.8, 178.45,177.0,177.69,12466,22.15,851, 8300, 66.58,2023-09-26
ATFL,EQ, 26-Sep-2023,823.95,828.1,835.0,805.35, 805.35,820.6,825.98,3153,26.04,503, 2101, 66.63,2023-09-26
ATGL,EQ, 26-Sep-2023,634.3,637.6,637.6,632.4, 635.00,634.1,634.01,241601,1531.78,10587, 143389, 59.35,2023-09-26
ATL,EQ, 26-Sep-2023,36.4,36.4,36.95,34.75, 35.20,35.1,35.66,1606635,572.89,4105, 939941, 58.50,2023-09-26
ATUL,EQ, 26-Sep-2023,7028.5,7028.95,7049.9,6917.4, 7004.70,6978.45,6990.97,26272,1836.67,5654, 12571, 47.85,2023-09-26
ATULAUTO,EQ, 26-Sep-2023,574.8,577.0,589.65,575.0, 578.00,579.5,581.36,99330,577.46,3370, 44557, 44.86,2023-09-26
AUBANK,EQ, 26-Sep-2023,742.35,743.0,752.0,740.6, 749.30,750.1,749.0,766479,5740.94,27215, 348975, 45.53,2023-09-26
AUROPHARMA,EQ, 26-Sep-2023,873.65,874.25,879.7,855.95, 859.70,857.45,866.05,976441,8456.46,34749, 495113, 50.71,2023-09-26
AURUM,EQ, 26-Sep-2023,124.3,124.3,125.35,123.05, 123.15,123.2,123.7,23948,29.62,726, 16135, 67.38,2023-09-26
AUSOMENT,EQ, 26-Sep-2023,75.35,74.3,75.5,73.8, 75.10,74.8,74.92,7827,5.86,493, 1082, 13.82,2023-09-26
AUTOAXLES,EQ, 26-Sep-2023,2200.3,2200.0,2236.95,2192.1, 2219.90,2217.6,2216.49,13834,306.63,2790, 8128, 58.75,2023-09-26
AUTOBEES,EQ, 26-Sep-2023,164.96,165.79,166.1,164.51, 165.82,165.62,165.77,72569,120.3,929, 58669, 80.85,2023-09-26
AVADHSUGAR,EQ, 26-Sep-2023,696.5,699.3,699.4,676.05, 685.75,681.55,686.87,92751,637.07,6998, 38547, 41.56,2023-09-26
AVALON,EQ, 26-Sep-2023,561.25,561.5,565.9,551.85, 555.60,555.05,557.08,124861,695.57,7312, 56354, 45.13,2023-09-26
AVANTIFEED,EQ, 26-Sep-2023,431.8,431.9,437.3,429.55, 434.00,433.4,432.04,270416,1168.31,9466, 169831, 62.80,2023-09-26
AVG,EQ, 26-Sep-2023,297.4,299.2,314.6,297.55, 299.00,299.4,303.46,99192,301.01,4509, 57768, 58.24,2023-09-26
AVROIND,EQ, 26-Sep-2023,112.35,114.05,114.05,110.55, 110.65,111.15,112.18,33801,37.92,707, 11802, 34.92,2023-09-26
AVTNPL,EQ, 26-Sep-2023,82.8,83.3,84.4,82.75, 83.60,83.1,83.48,163088,136.14,2430, 88313, 54.15,2023-09-26
AWHCL,EQ, 26-Sep-2023,328.95,332.0,340.0,328.35, 336.00,335.9,335.08,93824,314.39,5137, 48680, 51.88,2023-09-26
AWL,EQ, 26-Sep-2023,340.2,340.2,347.75,339.5, 341.80,341.85,342.94,756091,2592.96,16912, 348578, 46.10,2023-09-26
AXISBANK,EQ, 26-Sep-2023,1018.95,1019.0,1020.7,1011.0, 1014.70,1014.15,1014.39,6387615,64795.29,131422, 3480391, 54.49,2023-09-26
AXISBNKETF,EQ, 26-Sep-2023,455.48,459.98,459.98,452.53, 453.79,453.79,453.61,233,1.06,32, 144, 61.80,2023-09-26
AXISBPSETF,EQ, 26-Sep-2023,11.21,11.2,11.21,11.19, 11.20,11.2,11.2,13913,1.56,246, 10345, 74.35,2023-09-26
AXISCETF,EQ, 26-Sep-2023,86.65,86.65,86.65,86.35, 86.48,86.49,86.48,1470,1.27,18, 1438, 97.82,2023-09-26
AXISGOLD,EQ, 26-Sep-2023,50.48,50.45,50.48,49.98, 50.15,50.06,50.07,4208180,2106.85,1577, 3863248, 91.80,2023-09-26
AXISHCETF,EQ, 26-Sep-2023,95.98,95.81,96.13,95.52, 95.82,95.81,95.74,6722,6.44,61, 4492, 66.83,2023-09-26
AXISILVER,EQ, 26-Sep-2023,74.22,73.98,74.49,72.58, 73.20,73.04,73.1,43142,31.54,398, 36561, 84.75,2023-09-26
AXISNIFTY,EQ, 26-Sep-2023,211.24,210.81,211.5,210.44, 211.23,211.14,211.13,2546,5.38,125, 2037, 80.01,2023-09-26
AXISTECETF,EQ, 26-Sep-2023,340.1,339.04,339.7,333.8, 339.70,338.12,338.64,1007,3.41,74, 817, 81.13,2023-09-26
AXSENSEX,EQ, 26-Sep-2023,66.45,65.43,67.58,65.43, 66.23,66.23,66.25,2926,1.94,53, 2814, 96.17,2023-09-26
AYMSYNTEX,EQ, 26-Sep-2023,65.8,65.8,67.05,65.55, 67.05,66.25,66.23,8277,5.48,242, 4116, 49.73,2023-09-26
BAIDFIN,EQ, 26-Sep-2023,33.1,33.0,33.3,32.55, 32.70,33.0,33.0,484437,159.85,771, 27576, 5.69,2023-09-26
BAJAJ-AUTO,EQ, 26-Sep-2023,5005.45,5011.0,5102.95,5000.15, 5070.30,5069.2,5075.22,450923,22885.34,48517, 241607, 53.58,2023-09-26
BAJAJCON,EQ, 26-Sep-2023,223.95,224.6,231.45,224.6, 228.00,228.0,228.68,303570,694.21,8530, 127837, 42.11,2023-09-26
BAJAJFINSV,EQ, 26-Sep-2023,1577.4,1583.0,1583.0,1551.0, 1565.00,1567.7,1568.56,2472382,38780.74,83001, 1212613, 49.05,2023-09-26
BAJAJHCARE,EQ, 26-Sep-2023,478.6,482.6,482.6,461.35, 465.55,465.55,468.81,437436,2050.76,15256, 139067, 31.79,2023-09-26
BAJAJHIND,EQ, 26-Sep-2023,26.85,26.95,26.95,25.65, 25.90,25.85,26.05,18038804,4699.42,24017, 8801841, 48.79,2023-09-26
BAJAJHLDNG,EQ, 26-Sep-2023,7280.25,7320.0,7450.0,7305.3, 7350.65,7351.5,7354.63,87105,6406.25,9066, 69762, 80.09,2023-09-26
BAJFINANCE,EQ, 26-Sep-2023,7819.85,7819.9,7899.95,7775.0, 7873.00,7870.65,7853.77,1246820,97922.4,134353, 509023, 40.83,2023-09-26
BALAJITELE,EQ, 26-Sep-2023,62.95,63.45,63.55,61.8, 63.00,62.25,62.61,97571,61.09,1092, 41719, 42.76,2023-09-26
BALAMINES,EQ, 26-Sep-2023,2239.1,2245.4,2258.95,2221.0, 2253.00,2250.75,2241.28,46648,1045.51,6814, 28272, 60.61,2023-09-26
BALAXI,EQ, 26-Sep-2023,453.45,458.0,458.0,442.55, 445.00,450.3,451.1,1923,8.67,157, 1302, 67.71,2023-09-26
BALKRISHNA,EQ, 26-Sep-2023,29.5,29.2,29.3,28.65, 29.20,28.75,28.89,33414,9.65,530, 17909, 53.60,2023-09-26
BALKRISIND,EQ, 26-Sep-2023,2562.35,2555.0,2572.75,2542.8, 2555.25,2555.2,2558.93,97834,2503.5,10584, 39505, 40.38,2023-09-26
BALMLAWRIE,EQ, 26-Sep-2023,156.15,156.15,156.3,152.6, 153.50,153.3,154.11,319113,491.8,5005, 152433, 47.77,2023-09-26
BALPHARMA,EQ, 26-Sep-2023,95.45,95.0,97.35,94.35, 94.90,94.65,95.52,14556,13.9,449, 8823, 60.61,2023-09-26
BALRAMCHIN,EQ, 26-Sep-2023,440.25,438.9,438.9,426.4, 431.55,432.1,431.39,2679790,11560.47,37657, 846340, 31.58,2023-09-26
BANARBEADS,EQ, 26-Sep-2023,92.95,92.95,92.95,91.0, 91.00,91.0,91.51,13129,12.01,169, 9802, 74.66,2023-09-26
BANARISUG,EQ, 26-Sep-2023,2645.5,2679.95,2705.6,2642.0, 2688.00,2680.8,2677.3,2639,70.65,644, 1115, 42.25,2023-09-26
BANCOINDIA,EQ, 26-Sep-2023,465.0,464.0,472.9,463.75, 468.00,468.85,469.64,50776,238.46,5209, 28251, 55.64,2023-09-26
BANDHANBNK,EQ, 26-Sep-2023,252.95,252.8,253.45,249.9, 252.75,252.55,252.29,6646269,16767.94,38300, 3448919, 51.89,2023-09-26
BANG,EQ, 26-Sep-2023,49.85,49.55,50.2,49.1, 49.15,49.6,49.62,19194,9.52,282, 10200, 53.14,2023-09-26
BANKA,EQ, 26-Sep-2023,71.35,71.05,76.0,70.0, 70.90,70.65,72.7,57494,41.8,580, 31782, 55.28,2023-09-26
BANKBARODA,EQ, 26-Sep-2023,217.4,217.5,218.0,212.85, 214.00,213.65,215.2,11773544,25336.4,74149, 4290984, 36.45,2023-09-26
BANKBEES,EQ, 26-Sep-2023,456.13,456.13,456.34,453.88, 455.25,454.86,455.13,206012,937.63,4114, 123073, 59.74,2023-09-26
BANKETF,EQ, 26-Sep-2023,447.97,447.3,447.59,445.28, 445.61,445.64,446.45,417,1.86,28, 233, 55.88,2023-09-26
BANKINDIA,EQ, 26-Sep-2023,106.55,107.0,109.4,107.0, 108.15,108.25,108.51,13880012,15061.74,39878, 4055555, 29.22,2023-09-26
BANSWRAS,EQ, 26-Sep-2023,151.45,152.8,154.0,151.6, 153.40,152.05,152.89,16036,24.52,925, 9418, 58.73,2023-09-26
BARBEQUE,EQ, 26-Sep-2023,717.25,722.0,754.95,712.0, 751.00,751.6,740.47,142605,1055.94,15320, 62555, 43.87,2023-09-26
BASF,EQ, 26-Sep-2023,2564.3,2554.0,2576.4,2540.0, 2564.30,2565.7,2552.4,22865,583.61,3618, 15296, 66.90,2023-09-26
BASML,EQ, 26-Sep-2023,48.05,48.05,48.55,47.75, 47.95,47.95,48.17,34806,16.77,521, 25410, 73.00,2023-09-26
BATAINDIA,EQ, 26-Sep-2023,1635.3,1635.0,1641.4,1612.5, 1617.00,1615.7,1624.79,129437,2103.07,8792, 64108, 49.53,2023-09-26
BAYERCROP,EQ, 26-Sep-2023,5374.1,5374.1,5390.95,5182.1, 5250.10,5260.8,5244.42,30333,1590.79,7436, 14885, 49.07,2023-09-26
BBETF0432,EQ, 26-Sep-2023,1088.74,1110.51,1110.51,1086.66, 1090.00,1089.35,1089.62,665,7.25,22, 617, 92.78,2023-09-26
BBL,EQ, 26-Sep-2023,3742.05,3760.0,3809.8,3647.55, 3676.00,3677.65,3708.81,20548,762.09,5166, 11471, 55.83,2023-09-26
BBOX,EQ, 26-Sep-2023,183.45,183.0,187.4,176.65, 179.00,178.65,180.98,128105,231.84,4974, 68928, 53.81,2023-09-26
BBTC,EQ, 26-Sep-2023,1200.4,1208.0,1217.85,1191.3, 1200.00,1202.65,1204.28,39094,470.8,4695, 19681, 50.34,2023-09-26
BBTCL,EQ, 26-Sep-2023,237.5,240.75,247.95,238.05, 247.85,247.5,243.34,5120,12.46,247, 4112, 80.31,2023-09-26
BCG,EQ, 26-Sep-2023,18.25,17.35,19.15,17.35, 19.15,19.15,18.13,27610809,5005.64,14895, 14386438, 52.10,2023-09-26
BCLIND,EQ, 26-Sep-2023,551.5,551.0,557.4,540.0, 540.00,542.2,545.46,63506,346.4,4837, 27549, 43.38,2023-09-26
BDL,EQ, 26-Sep-2023,991.25,991.9,1041.25,991.9, 1034.00,1034.5,1026.4,871975,8949.95,39355, 239418, 27.46,2023-09-26
BECTORFOOD,EQ, 26-Sep-2023,985.25,980.0,1030.75,980.0, 1017.00,1003.75,1018.05,314374,3200.47,14343, 242527, 77.15,2023-09-26
BEDMUTHA,EQ, 26-Sep-2023,76.95,81.5,81.5,75.0, 77.50,77.1,78.2,116254,90.91,2949, 47972, 41.26,2023-09-26
BEL,EQ, 26-Sep-2023,136.6,136.6,138.3,135.9, 137.75,137.65,137.6,12315581,16946.25,78625, 6771612, 54.98,2023-09-26
BEML,EQ, 26-Sep-2023,2304.3,2314.9,2356.0,2307.05, 2339.00,2342.8,2330.22,128233,2988.11,12922, 35738, 27.87,2023-09-26
BEPL,EQ, 26-Sep-2023,88.55,88.85,89.55,87.95, 88.40,88.25,88.7,199793,177.23,2742, 110037, 55.08,2023-09-26
BERGEPAINT,EQ, 26-Sep-2023,611.4,613.5,614.9,597.0, 600.65,599.5,602.52,2415991,14556.84,53838, 585662, 24.24,2023-09-26
BFINVEST,EQ, 26-Sep-2023,531.75,529.95,539.7,517.4, 526.80,523.0,530.11,64252,340.61,4935, 15200, 23.66,2023-09-26
BFSI,EQ, 26-Sep-2023,20.18,20.19,20.19,20.1, 20.14,20.13,20.14,105196,21.19,644, 97031, 92.24,2023-09-26
BFUTILITIE,EQ, 26-Sep-2023,657.3,660.9,677.0,651.0, 653.90,654.3,667.03,125455,836.82,6931, 68992, 54.99,2023-09-26
BGRENERGY,EQ, 26-Sep-2023,69.5,69.75,70.7,68.55, 69.45,69.25,69.73,227115,158.36,2370, 91172, 40.14,2023-09-26
BHAGCHEM,EQ, 26-Sep-2023,1211.1,1219.45,1284.0,1210.65, 1250.00,1265.15,1252.33,1781,22.3,270, 1047, 58.79,2023-09-26
BHAGERIA,EQ, 26-Sep-2023,157.65,159.95,160.5,154.5, 155.45,155.15,157.76,20771,32.77,1674, 7420, 35.72,2023-09-26
BHARATFORG,EQ, 26-Sep-2023,1106.25,1106.2,1115.7,1085.25, 1088.00,1087.3,1101.27,1029816,11341.07,35735, 437724, 42.51,2023-09-26
BHARATGEAR,EQ, 26-Sep-2023,122.85,122.1,125.3,122.1, 124.00,123.15,123.9,43104,53.41,874, 23947, 55.56,2023-09-26
BHARATRAS,EQ, 26-Sep-2023,9199.35,9199.35,9227.15,9081.6, 9103.00,9122.15,9156.37,454,41.57,272, 265, 58.37,2023-09-26
BHARATWIRE,EQ, 26-Sep-2023,267.6,273.4,277.9,264.8, 275.85,275.35,271.95,829298,2255.3,10892, 304828, 36.76,2023-09-26
BHARTIARTL,EQ, 26-Sep-2023,910.4,910.0,920.95,908.0, 913.70,912.7,915.3,5355047,49014.8,131539, 3991694, 74.54,2023-09-26
BHEL,EQ, 26-Sep-2023,125.25,125.75,125.95,123.1, 124.25,124.35,124.77,16917591,21108.26,59414, 6890702, 40.73,2023-09-26
BIGBLOC,EQ, 26-Sep-2023,170.4,171.45,174.45,168.0, 170.00,169.6,170.67,113139,193.1,3849, 49922, 44.12,2023-09-26
BIKAJI,EQ, 26-Sep-2023,491.1,491.1,498.55,483.05, 489.50,488.35,487.85,559112,2727.66,10962, 371959, 66.53,2023-09-26
BIOCON,EQ, 26-Sep-2023,264.1,264.85,266.0,260.9, 261.60,261.65,263.28,1175241,3094.16,14746, 517741, 44.05,2023-09-26
BIOFILCHEM,EQ, 26-Sep-2023,48.85,48.45,49.55,48.45, 48.65,48.7,48.84,14097,6.89,368, 9694, 68.77,2023-09-26
BIRLACABLE,EQ, 26-Sep-2023,308.25,308.25,323.65,304.55, 323.65,323.65,317.67,252282,801.41,4402, 107313, 42.54,2023-09-26
BIRLACORPN,EQ, 26-Sep-2023,1155.95,1159.0,1200.0,1155.65, 1190.00,1185.65,1188.67,116289,1382.29,15753, 46458, 39.95,2023-09-26
BIRLAMONEY,EQ, 26-Sep-2023,76.75,78.35,80.95,76.05, 77.20,77.0,78.48,1683075,1320.84,13033, 435244, 25.86,2023-09-26
BLAL,EQ, 26-Sep-2023,167.0,168.6,168.6,164.0, 164.70,164.85,166.03,81957,136.07,2317, 54706, 66.75,2023-09-26
BLBLIMITED,EQ, 26-Sep-2023,23.35,23.9,24.45,23.4, 23.65,23.65,23.89,271440,64.84,1114, 168920, 62.23,2023-09-26
BLISSGVS,EQ, 26-Sep-2023,91.15,91.7,91.7,90.0, 90.60,90.75,90.66,141336,128.13,2106, 94020, 66.52,2023-09-26
BLKASHYAP,EQ, 26-Sep-2023,53.95,54.25,54.65,52.5, 53.65,53.15,53.25,489321,260.57,1557, 340806, 69.65,2023-09-26
BLS,EQ, 26-Sep-2023,261.4,261.45,261.9,252.0, 255.05,254.7,255.94,1911577,4892.49,69879, 914163, 47.82,2023-09-26
BLUEDART,EQ, 26-Sep-2023,6717.15,6750.0,6760.0,6600.1, 6709.00,6656.0,6666.53,13859,923.91,4721, 8009, 57.79,2023-09-26
BLUESTARCO,EQ, 26-Sep-2023,911.7,916.45,920.0,890.05, 901.00,896.15,898.54,325524,2924.96,24992, 130248, 40.01,2023-09-26
BODALCHEM,EQ, 26-Sep-2023,78.8,79.35,83.65,79.2, 82.25,81.9,82.34,1690209,1391.77,12821, 525382, 31.08,2023-09-26
BOMDYEING,EQ, 26-Sep-2023,142.3,142.65,146.7,142.5, 144.05,144.5,144.32,1896580,2737.19,13946, 536631, 28.29,2023-09-26
BOROLTD,EQ, 26-Sep-2023,395.95,396.65,402.0,396.5, 401.50,399.85,399.33,39912,159.38,3750, 19670, 49.28,2023-09-26
BORORENEW,EQ, 26-Sep-2023,410.1,413.45,417.45,410.0, 410.60,410.8,412.59,187558,773.85,10265, 89693, 47.82,2023-09-26
BOSCHLTD,EQ, 26-Sep-2023,19105.55,19170.0,19199.95,19038.55, 19182.10,19143.6,19096.26,15216,2905.69,2488, 10489, 68.93,2023-09-26
BPCL,EQ, 26-Sep-2023,351.9,351.9,354.85,350.9, 351.70,351.65,352.91,1894180,6684.83,28037, 959520, 50.66,2023-09-26
BPL,EQ, 26-Sep-2023,82.65,82.95,83.6,79.7, 80.20,80.45,81.07,180520,146.34,2593, 107366, 59.48,2023-09-26
BRIGADE,EQ, 26-Sep-2023,589.45,595.0,597.05,584.1, 590.00,588.7,588.99,85709,504.82,8949, 35295, 41.18,2023-09-26
BRITANNIA,EQ, 26-Sep-2023,4570.05,4570.25,4609.0,4549.45, 4605.00,4600.15,4576.95,330231,15114.51,30051, 249944, 75.69,2023-09-26
BRNL,EQ, 26-Sep-2023,42.35,42.4,42.8,41.5, 41.55,41.85,42.21,110514,46.65,1072, 67684, 61.24,2023-09-26
BSE,EQ, 26-Sep-2023,1207.0,1212.7,1287.05,1200.55, 1276.90,1277.2,1257.53,2219385,27909.53,78217, 931962, 41.99,2023-09-26
BSHSL,EQ, 26-Sep-2023,246.7,250.0,254.1,245.2, 250.00,251.05,251.5,25416,63.92,584, 20158, 79.31,2023-09-26
BSLGOLDETF,EQ, 26-Sep-2023,53.25,53.47,53.47,52.7, 53.05,53.0,52.98,9764,5.17,180, 5467, 55.99,2023-09-26
BSLNIFTY,EQ, 26-Sep-2023,22.32,22.75,22.75,22.15, 22.39,22.32,22.36,81782,18.28,2648, 46119, 56.39,2023-09-26
BSLSENETFG,EQ, 26-Sep-2023,64.55,65.97,65.97,64.23, 64.44,64.43,64.42,580,0.37,54, 375, 64.66,2023-09-26
BSOFT,EQ, 26-Sep-2023,488.4,489.45,492.45,482.95, 484.00,483.75,487.6,931591,4542.46,20344, 354350, 38.04,2023-09-26
BTML,EQ, 26-Sep-2023,129.55,130.35,134.9,124.3, 124.55,125.6,127.97,22854,29.25,1723, 8310, 36.36,2023-09-26
BURNPUR,EQ, 26-Sep-2023,4.8,4.85,4.95,4.8, 4.85,4.85,4.88,241386,11.78,314, 135085, 55.96,2023-09-26
BUTTERFLY,EQ, 26-Sep-2023,1206.65,1214.6,1214.6,1186.95, 1190.25,1194.3,1195.54,7073,84.56,986, 4146, 58.62,2023-09-26
BYKE,EQ, 26-Sep-2023,38.85,38.4,39.35,37.85, 39.00,38.95,38.83,43985,17.08,469, 30647, 69.68,2023-09-26
CALSOFT,EQ, 26-Sep-2023,14.7,14.85,14.95,14.15, 14.25,14.25,14.37,56030,8.05,299, 30216, 53.93,2023-09-26
CAMLINFINE,EQ, 26-Sep-2023,163.05,164.4,166.0,161.1, 161.70,161.9,163.98,588314,964.74,5791, 381999, 64.93,2023-09-26
CAMPUS,EQ, 26-Sep-2023,293.85,295.45,295.45,292.45, 293.00,292.95,293.26,413710,1213.23,13514, 249987, 60.43,2023-09-26
CAMS,EQ, 26-Sep-2023,2491.95,2490.0,2519.95,2485.25, 2498.50,2497.0,2498.09,52147,1302.68,8864, 28113, 53.91,2023-09-26
CANBK,EQ, 26-Sep-2023,375.05,376.25,378.8,368.25, 370.00,370.05,371.99,9778851,36376.71,75749, 4149362, 42.43,2023-09-26
CANFINHOME,EQ, 26-Sep-2023,771.75,775.0,776.75,754.45, 759.75,758.85,764.63,437747,3347.15,14419, 109215, 24.95,2023-09-26
CANTABIL,EQ, 26-Sep-2023,1105.65,1105.65,1166.0,1100.05, 1146.00,1143.5,1140.1,34555,393.96,3944, 16281, 47.12,2023-09-26
CAPACITE,EQ, 26-Sep-2023,209.05,209.9,212.95,207.5, 209.05,209.45,210.21,398203,837.08,9320, 201266, 50.54,2023-09-26
CAPLIPOINT,EQ, 26-Sep-2023,997.85,1003.9,1019.4,988.8, 1015.00,1013.7,1009.43,53901,544.09,7208, 31454, 58.36,2023-09-26
CAPTRUST,EQ, 26-Sep-2023,101.65,103.0,106.5,99.05, 102.35,101.4,103.21,13827,14.27,420, 7545, 54.57,2023-09-26
CARBORUNIV,EQ, 26-Sep-2023,1188.7,1193.0,1199.7,1166.55, 1175.80,1174.1,1175.76,92711,1090.05,12381, 46296, 49.94,2023-09-26
CARERATING,EQ, 26-Sep-2023,859.2,859.0,879.75,856.1, 876.00,877.4,870.58,88617,771.49,9114, 38743, 43.72,2023-09-26
CARTRADE,EQ, 26-Sep-2023,542.05,540.85,549.75,540.0, 545.25,545.4,545.59,26910,146.82,3188, 11932, 44.34,2023-09-26
CARYSIL,EQ, 26-Sep-2023,623.45,624.0,629.0,611.55, 624.05,624.4,625.4,42065,263.07,3516, 25844, 61.44,2023-09-26
CASTROLIND,EQ, 26-Sep-2023,137.9,138.6,139.7,136.35, 137.20,137.15,137.43,1609992,2212.61,14953, 940600, 58.42,2023-09-26
CCL,EQ, 26-Sep-2023,635.85,638.9,647.5,637.1, 640.25,643.95,643.22,110851,713.01,8428, 65102, 58.73,2023-09-26
CDSL,EQ, 26-Sep-2023,1311.9,1315.0,1351.5,1315.0, 1332.00,1327.7,1334.32,951309,12693.51,38299, 280405, 29.48,2023-09-26
CEATLTD,EQ, 26-Sep-2023,2146.6,2163.85,2163.85,2108.0, 2127.80,2126.7,2134.23,88359,1885.79,8885, 45451, 51.44,2023-09-26
CELEBRITY,EQ, 26-Sep-2023,17.35,17.65,17.65,17.3, 17.30,17.35,17.49,1319555,230.73,3120, 73228, 5.55,2023-09-26
CENTENKA,EQ, 26-Sep-2023,419.9,416.7,424.2,415.25, 417.00,416.7,418.04,27924,116.73,2206, 18861, 67.54,2023-09-26
CENTRALBK,EQ, 26-Sep-2023,50.0,50.25,51.75,49.55, 49.80,50.05,50.42,51964071,26199.99,58105, 9792727, 18.85,2023-09-26
CENTRUM,EQ, 26-Sep-2023,24.3,24.4,24.6,23.9, 24.05,24.05,24.21,95245,23.05,655, 62308, 65.42,2023-09-26
CENTURYPLY,EQ, 26-Sep-2023,638.85,642.0,650.0,635.8, 645.05,644.2,642.83,45450,292.16,6715, 20279, 44.62,2023-09-26
CENTURYTEX,EQ, 26-Sep-2023,1085.75,1118.0,1134.8,1065.0, 1066.00,1071.0,1099.08,796762,8757.06,38206, 178458, 22.40,2023-09-26
CERA,EQ, 26-Sep-2023,8722.7,8766.3,8820.95,8550.0, 8575.05,8566.35,8630.59,11190,965.76,3839, 5824, 52.05,2023-09-26
CESC,EQ, 26-Sep-2023,91.0,90.8,92.1,90.25, 91.60,91.35,91.35,2762674,2523.79,19676, 1367860, 49.51,2023-09-26
CGCL,EQ, 26-Sep-2023,764.15,785.0,815.0,760.0, 765.15,763.7,782.87,387470,3033.37,15168, 89954, 23.22,2023-09-26
CGPOWER,EQ, 26-Sep-2023,434.45,436.75,445.0,431.4, 433.00,438.0,437.36,1041825,4556.56,35256, 586117, 56.26,2023-09-26
CHALET,EQ, 26-Sep-2023,546.45,546.45,560.5,541.2, 557.00,557.05,555.4,224054,1244.4,16412, 129092, 57.62,2023-09-26
CHAMBLFERT,EQ, 26-Sep-2023,281.05,281.95,282.95,278.7, 279.70,279.65,280.93,968854,2721.78,15713, 471692, 48.69,2023-09-26
CHEMBOND,EQ, 26-Sep-2023,369.3,370.05,371.85,362.6, 364.75,364.45,366.56,11406,41.81,828, 6772, 59.37,2023-09-26
CHEMCON,EQ, 26-Sep-2023,283.3,284.95,284.95,281.0, 282.70,281.5,282.65,25744,72.76,1979, 13693, 53.19,2023-09-26
CHEMFAB,EQ, 26-Sep-2023,369.55,369.9,374.45,363.05, 371.00,370.65,369.14,30082,111.04,4282, 8633, 28.70,2023-09-26
CHEMPLASTS,EQ, 26-Sep-2023,479.6,478.25,486.05,474.3, 480.50,479.45,479.54,76074,364.8,7681, 33273, 43.74,2023-09-26
CHENNPETRO,EQ, 26-Sep-2023,510.45,513.0,531.4,511.6, 522.00,520.9,523.69,1414540,7407.79,29974, 405742, 28.68,2023-09-26
CHEVIOT,EQ, 26-Sep-2023,1174.5,1153.0,1178.85,1153.0, 1170.00,1168.15,1167.16,969,11.31,230, 651, 67.18,2023-09-26
CHOICEIN,EQ, 26-Sep-2023,415.25,416.7,419.7,414.5, 415.90,415.25,416.93,436695,1820.71,5739, 36634, 8.39,2023-09-26
CHOLAFIN,EQ, 26-Sep-2023,1183.1,1183.1,1205.8,1176.05, 1201.15,1195.05,1188.72,1981333,23552.44,86506, 1013507, 51.15,2023-09-26
CHOLAHLDNG,EQ, 26-Sep-2023,1174.55,1178.45,1188.3,1145.0, 1152.10,1155.75,1160.04,331261,3842.75,13203, 261823, 79.04,2023-09-26
CIEINDIA,EQ, 26-Sep-2023,480.35,486.0,486.05,473.8, 481.60,482.6,479.28,277091,1328.04,16730, 155228, 56.02,2023-09-26
CIGNITITEC,EQ, 26-Sep-2023,782.8,783.0,801.15,781.55, 790.00,792.95,793.88,52301,415.21,4566, 30604, 58.52,2023-09-26
CINEVISTA,EQ, 26-Sep-2023,14.6,14.85,14.85,14.2, 14.40,14.4,14.47,11811,1.71,436, 7307, 61.87,2023-09-26
CIPLA,EQ, 26-Sep-2023,1179.35,1181.0,1185.0,1161.5, 1163.15,1163.65,1171.98,1056359,12380.33,47251, 599992, 56.80,2023-09-26
CLEAN,EQ, 26-Sep-2023,1412.05,1416.65,1425.9,1412.15, 1424.50,1420.9,1419.26,63044,894.76,9431, 34516, 54.75,2023-09-26
CLEDUCATE,EQ, 26-Sep-2023,71.35,72.3,72.55,70.9, 71.10,71.15,71.46,32889,23.5,507, 15691, 47.71,2023-09-26
CLSEL,EQ, 26-Sep-2023,229.6,240.0,255.9,237.5, 239.70,239.9,246.89,3410521,8420.18,57460, 518616, 15.21,2023-09-26
CMSINFO,EQ, 26-Sep-2023,350.15,354.65,355.85,349.2, 353.10,354.0,352.81,419936,1481.59,12041, 167611, 39.91,2023-09-26
COALINDIA,EQ, 26-Sep-2023,288.05,288.45,291.4,286.15, 288.00,286.75,288.55,11256196,32479.49,95701, 4711581, 41.86,2023-09-26
COASTCORP,EQ, 26-Sep-2023,265.75,265.1,265.8,260.1, 263.45,262.3,263.26,8598,22.64,641, 5762, 67.02,2023-09-26
COCHINSHIP,EQ, 26-Sep-2023,983.25,985.6,1124.0,984.05, 1085.00,1087.75,1074.93,17226553,185173.34,378840, 1247337, 7.24,2023-09-26
COFFEEDAY,EQ, 26-Sep-2023,50.55,50.65,52.35,50.0, 51.10,51.0,51.16,2153606,1101.77,6752, 1097029, 50.94,2023-09-26
COFORGE,EQ, 26-Sep-2023,5285.9,5260.0,5260.15,5170.3, 5202.00,5193.2,5203.17,295546,15377.75,30229, 122584, 41.48,2023-09-26
COLPAL,EQ, 26-Sep-2023,2002.35,2002.35,2083.65,1998.0, 2081.45,2067.9,2037.85,771432,15720.6,42182, 316784, 41.06,2023-09-26
COMPINFO,EQ, 26-Sep-2023,12.45,12.55,12.55,12.3, 12.45,12.45,12.48,83430,10.41,446, 55275, 66.25,2023-09-26
COMPUSOFT,EQ, 26-Sep-2023,21.65,21.6,22.05,21.45, 21.75,21.8,21.83,47454,10.36,466, 31869, 67.16,2023-09-26
CONCOR,EQ, 26-Sep-2023,730.1,726.0,735.85,722.9, 731.00,731.55,731.98,923602,6760.56,21485, 539084, 58.37,2023-09-26
CONCORDBIO,EQ, 26-Sep-2023,992.35,992.4,1006.1,992.4, 1002.25,1002.55,1001.9,79862,800.14,7113, 46823, 58.63,2023-09-26
CONFIPET,EQ, 26-Sep-2023,85.75,86.25,87.5,85.95, 86.90,86.55,86.74,524245,454.71,3363, 252215, 48.11,2023-09-26
CONSUMBEES,EQ, 26-Sep-2023,93.36,93.37,93.85,93.2, 93.50,93.37,93.43,16574,15.48,241, 11817, 71.30,2023-09-26
CONTROLPR,EQ, 26-Sep-2023,748.2,748.6,769.9,748.6, 752.80,758.8,759.28,19470,147.83,3614, 7209, 37.03,2023-09-26
CORALFINAC,EQ, 26-Sep-2023,39.2,39.75,40.5,38.65, 38.90,38.8,39.28,83429,32.77,643, 56407, 67.61,2023-09-26
CORDSCABLE,EQ, 26-Sep-2023,105.7,106.75,107.65,102.1, 102.10,102.6,105.05,183273,192.53,2466, 111269, 60.71,2023-09-26
COROMANDEL,EQ, 26-Sep-2023,1114.75,1116.0,1119.45,1104.25, 1107.00,1108.65,1115.0,180666,2014.43,13606, 100128, 55.42,2023-09-26
COSMOFIRST,EQ, 26-Sep-2023,666.2,666.4,689.8,666.4, 677.00,672.45,678.74,63317,429.76,4935, 16979, 26.82,2023-09-26
COUNCODOS,EQ, 26-Sep-2023,4.15,4.2,4.2,4.1, 4.20,4.15,4.14,44960,1.86,122, 29827, 66.34,2023-09-26
CPSEETF,EQ, 26-Sep-2023,52.3,53.85,53.85,52.28, 52.53,52.47,52.58,374480,196.89,2844, 244870, 65.39,2023-09-26
CRAFTSMAN,EQ, 26-Sep-2023,4673.25,4700.0,4780.0,4650.0, 4660.10,4676.1,4674.8,45642,2133.67,5865, 36043, 78.97,2023-09-26
CREATIVE,EQ, 26-Sep-2023,514.55,517.0,529.85,511.65, 512.60,513.55,518.01,6361,32.95,679, 3861, 60.70,2023-09-26
CREATIVEYE,EQ, 26-Sep-2023,3.8,3.55,3.8,3.55, 3.80,3.8,3.68,5162,0.19,9, 2701, 52.32,2023-09-26
CREDITACC,EQ, 26-Sep-2023,1289.0,1298.45,1364.15,1296.9, 1327.10,1329.95,1337.7,238079,3184.78,22395, 58201, 24.45,2023-09-26
CREST,EQ, 26-Sep-2023,227.25,226.95,236.9,221.55, 236.45,234.95,230.73,13556,31.28,1250, 6460, 47.65,2023-09-26
CRISIL,EQ, 26-Sep-2023,3888.1,3890.05,3928.0,3849.45, 3874.65,3873.65,3880.11,42903,1664.68,7380, 35980, 83.86,2023-09-26
CROMPTON,EQ, 26-Sep-2023,293.45,296.6,298.35,293.5, 295.95,295.95,295.91,4019923,11895.45,33361, 3140203, 78.12,2023-09-26
CROWN,EQ, 26-Sep-2023,51.45,53.9,54.0,52.2, 54.00,53.7,53.74,37084,19.93,214, 33292, 89.77,2023-09-26
CSBBANK,EQ, 26-Sep-2023,329.3,328.05,332.0,327.0, 330.00,329.3,329.94,122879,405.42,9264, 67811, 55.19,2023-09-26
CSLFINANCE,EQ, 26-Sep-2023,352.4,350.0,357.7,330.4, 343.80,335.95,342.62,36912,126.47,3499, 18597, 50.38,2023-09-26
CUB,EQ, 26-Sep-2023,129.4,129.4,129.9,128.3, 128.80,128.75,129.06,2414063,3115.47,15318, 1277771, 52.93,2023-09-26
CUBEXTUB,EQ, 26-Sep-2023,47.5,49.5,49.5,46.15, 46.75,46.75,47.66,22259,10.61,193, 17792, 79.93,2023-09-26
CUMMINSIND,EQ, 26-Sep-2023,1736.25,1736.0,1744.05,1722.35, 1726.25,1729.15,1732.25,540158,9356.87,27520, 328856, 60.88,2023-09-26
CUPID,EQ, 26-Sep-2023,386.7,382.85,392.95,381.3, 385.00,385.4,384.59,46905,180.39,2856, 20403, 43.50,2023-09-26
CYBERTECH,EQ, 26-Sep-2023,138.45,144.0,148.5,140.2, 144.20,144.6,144.65,356448,515.62,4849, 167861, 47.09,2023-09-26
CYIENT,EQ, 26-Sep-2023,1644.75,1650.0,1678.65,1637.05, 1670.00,1669.8,1670.0,450218,7518.64,33531, 309003, 68.63,2023-09-26
CYIENTDLM,EQ, 26-Sep-2023,674.65,673.75,683.0,669.95, 678.00,678.05,676.93,126546,856.63,8447, 63133, 49.89,2023-09-26
DAAWAT,EQ, 26-Sep-2023,163.4,167.0,173.4,160.3, 162.80,161.3,166.61,3715664,6190.55,38191, 1169519, 31.48,2023-09-26
DABUR,EQ, 26-Sep-2023,554.3,554.25,557.95,553.05, 555.95,555.45,555.19,1290222,7163.18,28543, 921749, 71.44,2023-09-26
DALBHARAT,EQ, 26-Sep-2023,2337.55,2350.0,2375.0,2331.3, 2363.00,2367.7,2348.73,443841,10424.64,34556, 277868, 62.61,2023-09-26
DALMIASUG,EQ, 26-Sep-2023,458.9,464.0,467.95,441.5, 444.70,444.75,450.96,230957,1041.52,11014, 73531, 31.84,2023-09-26
DAMODARIND,EQ, 26-Sep-2023,48.65,48.05,50.45,48.05, 48.65,48.9,49.22,24029,11.83,476, 14806, 61.62,2023-09-26
DANGEE,EQ, 26-Sep-2023,10.0,10.05,10.45,9.95, 10.00,9.95,10.08,2224182,224.3,2046, 1123502, 50.51,2023-09-26
DATAMATICS,EQ, 26-Sep-2023,579.2,580.0,584.95,574.05, 576.00,575.85,578.94,40909,236.84,3397, 21808, 53.31,2023-09-26
DATAPATTNS,EQ, 26-Sep-2023,2065.3,2065.3,2109.95,2051.0, 2103.75,2104.65,2090.07,127666,2668.31,16469, 53667, 42.04,2023-09-26
DBCORP,EQ, 26-Sep-2023,233.3,234.45,238.9,232.5, 237.10,237.05,236.89,82694,195.89,2937, 55882, 67.58,2023-09-26
DBL,EQ, 26-Sep-2023,304.0,304.0,311.7,303.0, 304.00,304.05,306.83,326543,1001.93,7950, 111126, 34.03,2023-09-26
DBOL,EQ, 26-Sep-2023,181.8,183.9,184.8,179.2, 181.00,180.65,181.54,353484,641.72,7537, 156558, 44.29,2023-09-26
DBREALTY,EQ, 26-Sep-2023,164.85,166.0,169.2,162.6, 165.90,164.85,166.26,947280,1574.96,9945, 482969, 50.98,2023-09-26
DBSTOCKBRO,EQ, 26-Sep-2023,27.8,28.5,29.0,27.4, 28.00,27.85,27.79,35677,9.91,389, 21314, 59.74,2023-09-26
DCAL,EQ, 26-Sep-2023,163.25,163.95,167.4,163.3, 165.50,165.15,165.41,438597,725.49,7258, 172541, 39.34,2023-09-26
DCBBANK,EQ, 26-Sep-2023,125.4,125.4,126.85,123.8, 124.25,124.15,125.07,839916,1050.49,7166, 428789, 51.05,2023-09-26
DCM,EQ, 26-Sep-2023,73.95,75.3,75.3,72.8, 74.50,74.1,73.74,32166,23.72,466, 16566, 51.50,2023-09-26
DCMFINSERV,EQ, 26-Sep-2023,4.3,4.3,4.4,4.3, 4.40,4.35,4.33,6770,0.29,55, 5499, 81.23,2023-09-26
DCMNVL,EQ, 26-Sep-2023,166.0,166.95,171.0,164.55, 167.00,165.95,168.03,19364,32.54,357, 10752, 55.53,2023-09-26
DCMSHRIRAM,EQ, 26-Sep-2023,1062.25,1067.0,1078.7,1043.0, 1048.40,1048.05,1060.5,90688,961.75,8768, 39871, 43.97,2023-09-26
DCMSRIND,EQ, 26-Sep-2023,140.15,140.4,142.45,137.15, 139.10,138.95,139.55,242812,338.83,4844, 150807, 62.11,2023-09-26
DCW,EQ, 26-Sep-2023,59.0,59.1,59.6,58.0, 58.20,58.2,58.67,3017324,1770.39,9374, 1317370, 43.66,2023-09-26
DCXINDIA,EQ, 26-Sep-2023,306.95,306.8,309.85,300.1, 302.00,302.2,305.38,357665,1092.25,11215, 143515, 40.13,2023-09-26
DECCANCE,EQ, 26-Sep-2023,526.9,529.1,537.2,525.0, 533.90,529.1,529.19,8149,43.12,721, 4163, 51.09,2023-09-26
DEEPAKFERT,EQ, 26-Sep-2023,617.6,620.4,660.05,617.05, 654.50,653.2,649.51,2342789,15216.6,47601, 576442, 24.60,2023-09-26
DEEPAKNTR,EQ, 26-Sep-2023,2138.1,2148.0,2154.0,2100.0, 2113.90,2108.05,2126.63,263970,5613.66,20503, 92674, 35.11,2023-09-26
DEEPINDS,EQ, 26-Sep-2023,269.35,270.0,272.85,263.0, 264.90,264.7,268.55,226975,609.53,7356, 97435, 42.93,2023-09-26
DELHIVERY,EQ, 26-Sep-2023,421.1,420.05,422.95,413.75, 415.05,415.5,417.84,920243,3845.13,24311, 476051, 51.73,2023-09-26
DELPHIFX,EQ, 26-Sep-2023,397.25,393.3,405.35,384.85, 385.00,387.0,391.91,2943,11.53,250, 1960, 66.60,2023-09-26
DELTACORP,EQ, 26-Sep-2023,142.8,139.3,144.0,134.7, 139.85,140.4,140.11,47236509,66180.71,183685, 6189581, 13.10,2023-09-26
DEN,EQ, 26-Sep-2023,52.35,52.55,53.15,51.3, 51.50,51.6,52.02,2681194,1394.68,7451, 996834, 37.18,2023-09-26
DENORA,EQ, 26-Sep-2023,1589.0,1596.9,1596.9,1540.0, 1546.10,1548.75,1560.6,7184,112.11,1346, 4580, 63.75,2023-09-26
DEVIT,EQ, 26-Sep-2023,143.45,143.6,146.95,141.45, 143.10,143.2,144.77,19914,28.83,392, 14636, 73.50,2023-09-26
DEVYANI,EQ, 26-Sep-2023,207.75,207.75,213.0,205.25, 207.10,207.6,208.96,1405283,2936.41,14219, 723583, 51.49,2023-09-26
DGCONTENT,EQ, 26-Sep-2023,19.85,19.85,20.4,19.45, 20.15,20.3,19.85,15109,3.0,106, 11419, 75.58,2023-09-26
DHAMPURSUG,EQ, 26-Sep-2023,315.25,316.0,316.7,304.6, 306.15,306.1,308.49,536623,1655.43,12137, 231676, 43.17,2023-09-26
DHANBANK,EQ, 26-Sep-2023,28.35,28.35,28.9,28.0, 28.05,28.1,28.48,1710255,487.09,4040, 922974, 53.97,2023-09-26
DHANUKA,EQ, 26-Sep-2023,854.15,855.0,865.0,845.0, 848.30,852.85,854.5,36916,315.45,6308, 19370, 52.47,2023-09-26
DHARMAJ,EQ, 26-Sep-2023,215.35,216.9,221.0,211.5, 212.50,212.2,215.24,105850,227.83,4017, 57429, 54.26,2023-09-26
DHRUV,EQ, 26-Sep-2023,58.25,58.25,59.5,57.7, 59.00,58.75,58.65,37496,21.99,929, 14911, 39.77,2023-09-26
DHUNINV,EQ, 26-Sep-2023,746.85,746.7,756.45,746.0, 746.75,749.9,752.8,1561,11.75,213, 1007, 64.51,2023-09-26
DIAMINESQ,EQ, 26-Sep-2023,529.9,525.05,545.0,525.05, 532.40,535.6,535.02,5576,29.83,321, 4227, 75.81,2023-09-26
DIAMONDYD,EQ, 26-Sep-2023,878.35,879.3,881.2,859.0, 880.00,875.6,871.19,13592,118.41,1754, 8557, 62.96,2023-09-26
DICIND,EQ, 26-Sep-2023,436.8,443.45,443.45,433.0, 433.00,435.6,437.03,393,1.72,79, 290, 73.79,2023-09-26
DISHTV,EQ, 26-Sep-2023,18.2,18.3,19.15,18.15, 18.40,18.4,18.54,25139753,4659.9,12246, 8180179, 32.54,2023-09-26
DIVGIITTS,EQ, 26-Sep-2023,949.15,950.0,1096.4,950.0, 1050.00,1048.95,1047.43,561179,5877.95,57102, 126597, 22.56,2023-09-26
DIVISLAB,EQ, 26-Sep-2023,3728.5,3719.95,3764.4,3707.0, 3751.00,3753.8,3746.57,251701,9430.16,32955, 131544, 52.26,2023-09-26
DIVOPPBEES,EQ, 26-Sep-2023,58.17,59.9,59.9,57.86, 58.13,57.98,58.19,55581,32.34,467, 37069, 66.69,2023-09-26
DIXON,EQ, 26-Sep-2023,4889.55,4901.7,5120.0,4901.0, 5102.00,5098.15,5054.5,1031690,52146.76,93214, 190121, 18.43,2023-09-26
DJML,EQ, 26-Sep-2023,146.05,146.6,148.3,142.8, 148.20,144.95,144.95,6631,9.61,274, 4490, 67.71,2023-09-26
DLF,EQ, 26-Sep-2023,522.1,522.95,525.7,519.1, 520.00,520.3,522.25,1858145,9704.11,36483, 851542, 45.83,2023-09-26
DLINKINDIA,EQ, 26-Sep-2023,318.85,319.8,323.3,318.15, 318.60,319.3,320.54,72149,231.27,3987, 27098, 37.56,2023-09-26
DMART,EQ, 26-Sep-2023,3664.1,3664.1,3680.95,3625.0, 3630.00,3633.6,3645.23,170690,6222.04,22925, 118369, 69.35,2023-09-26
DMCC,EQ, 26-Sep-2023,318.15,317.95,327.75,317.95, 319.10,320.15,321.68,5134,16.52,528, 2898, 56.45,2023-09-26
DNAMEDIA,EQ, 26-Sep-2023,3.05,3.05,3.1,3.0, 3.10,3.1,3.06,119024,3.64,145, 75946, 63.81,2023-09-26
DODLA,EQ, 26-Sep-2023,690.5,690.95,695.0,678.1, 683.10,685.75,688.96,31145,214.58,5649, 11824, 37.96,2023-09-26
DOLATALGO,EQ, 26-Sep-2023,47.35,47.5,48.5,47.4, 48.00,47.85,47.96,70268,33.7,749, 38077, 54.19,2023-09-26
DOLLAR,EQ, 26-Sep-2023,422.85,424.6,429.3,415.05, 419.35,419.95,422.04,107087,451.95,8078, 45355, 42.35,2023-09-26
DONEAR,EQ, 26-Sep-2023,104.7,105.3,105.55,102.5, 103.80,103.25,103.95,101381,105.38,1719, 45946, 45.32,2023-09-26
DPABHUSHAN,EQ, 26-Sep-2023,527.9,534.85,550.0,531.0, 547.80,545.8,544.22,16252,88.45,643, 12156, 74.80,2023-09-26
DPSCLTD,EQ, 26-Sep-2023,16.4,16.4,17.35,16.2, 16.95,16.75,16.88,1211752,204.6,3283, 429236, 35.42,2023-09-26
DPWIRES,EQ, 26-Sep-2023,641.4,647.0,652.0,632.0, 645.90,644.5,644.19,34741,223.8,4748, 9861, 28.38,2023-09-26
DRCSYSTEMS,EQ, 26-Sep-2023,38.45,39.3,42.25,37.6, 38.00,38.35,39.97,172011,68.75,1501, 63705, 37.04,2023-09-26
DREAMFOLKS,EQ, 26-Sep-2023,450.2,452.1,466.2,448.5, 462.00,460.45,458.96,602721,2766.26,22523, 378868, 62.86,2023-09-26
DREDGECORP,EQ, 26-Sep-2023,460.3,461.4,479.95,460.85, 464.45,463.8,468.89,178156,835.35,7060, 71091, 39.90,2023-09-26
DRREDDY,EQ, 26-Sep-2023,5438.75,5459.0,5526.95,5449.0, 5455.00,5467.75,5489.73,275983,15150.72,29423, 148276, 53.73,2023-09-26
DSPBANKETF,EQ, 26-Sep-2023,45.01,45.07,45.09,44.88, 44.88,44.91,45.0,3229,1.45,73, 1953, 60.48,2023-09-26
DSPGOLDETF,EQ, 26-Sep-2023,58.95,58.85,58.85,58.65, 58.80,58.8,58.8,390,0.23,12, 387, 99.23,2023-09-26
DSPITETF,EQ, 26-Sep-2023,32.88,32.72,34.1,32.39, 34.10,33.32,32.64,9126,2.98,112, 6431, 70.47,2023-09-26
DSPN50ETF,EQ, 26-Sep-2023,200.01,201.11,201.11,200.15, 200.97,200.97,200.25,44,0.09,5, 44, 100.00,2023-09-26
DSPNEWETF,EQ, 26-Sep-2023,241.1,241.01,241.51,240.81, 241.26,241.36,241.27,1671,4.03,34, 1628, 97.43,2023-09-26
DSPPSBKETF,EQ, 26-Sep-2023,52.29,52.06,52.51,51.65, 51.71,51.86,52.1,3631,1.89,52, 3316, 91.32,2023-09-26
DSPPVBKETF,EQ, 26-Sep-2023,23.3,23.4,23.4,23.11, 23.20,23.18,23.2,4672,1.08,39, 4671, 99.98,2023-09-26
DSPQ50ETF,EQ, 26-Sep-2023,191.49,191.49,191.67,190.1, 190.88,190.96,191.07,2082,3.98,105, 1609, 77.28,2023-09-26
DSPSENXETF,EQ, 26-Sep-2023,66.24,66.29,66.29,66.01, 66.21,66.21,66.24,19,0.01,4, 18, 94.74,2023-09-26
DSPSILVETF,EQ, 26-Sep-2023,71.75,71.49,71.49,70.35, 70.94,70.92,70.55,8414,5.94,77, 6354, 75.52,2023-09-26
DSSL,EQ, 26-Sep-2023,673.95,686.0,707.6,674.05, 690.00,694.6,694.38,41835,290.49,2116, 17802, 42.55,2023-09-26
DTIL,EQ, 26-Sep-2023,219.65,219.0,229.95,217.55, 228.60,225.7,225.45,7818,17.63,639, 3087, 39.49,2023-09-26
DVL,EQ, 26-Sep-2023,273.05,273.3,277.0,269.15, 271.15,270.95,273.2,27412,74.89,1003, 16485, 60.14,2023-09-26
DWARKESH,EQ, 26-Sep-2023,106.3,107.25,108.7,105.0, 106.10,105.85,106.51,2986496,3180.92,16093, 1141326, 38.22,2023-09-26
DYNAMATECH,EQ, 26-Sep-2023,4112.95,4132.0,4158.7,3957.05, 4037.30,4023.55,4030.6,24127,972.46,6236, 10193, 42.25,2023-09-26
DYNPRO,EQ, 26-Sep-2023,362.25,364.3,364.95,346.35, 349.75,350.1,353.53,20459,72.33,1951, 10713, 52.36,2023-09-26
EASEMYTRIP,EQ, 26-Sep-2023,41.8,41.95,42.5,41.35, 41.45,41.5,41.88,13474784,5643.74,75379, 7652744, 56.79,2023-09-26
EBBETF0425,EQ, 26-Sep-2023,1154.55,1155.39,1155.4,1154.6, 1155.40,1155.37,1155.25,2387,27.58,30, 2363, 98.99,2023-09-26
EBBETF0430,EQ, 26-Sep-2023,1298.54,1303.88,1303.88,1296.11, 1297.61,1298.46,1298.43,7882,102.34,227, 7834, 99.39,2023-09-26
EBBETF0431,EQ, 26-Sep-2023,1159.75,1159.75,1162.95,1158.7, 1161.00,1160.99,1160.8,5031,58.4,72, 3918, 77.88,2023-09-26
EBBETF0433,EQ, 26-Sep-2023,1058.35,1059.99,1059.99,1056.07, 1058.80,1058.76,1059.42,1825,19.33,37, 1675, 91.78,2023-09-26
ECLERX,EQ, 26-Sep-2023,1800.85,1800.85,1808.6,1757.0, 1780.00,1768.9,1781.37,43346,772.15,5802, 28459, 65.66,2023-09-26
EDELWEISS,EQ, 26-Sep-2023,52.8,53.25,56.25,52.25, 52.40,52.4,54.16,15452239,8369.21,45996, 4828445, 31.25,2023-09-26
EICHERMOT,EQ, 26-Sep-2023,3386.65,3405.05,3539.2,3405.0, 3475.10,3472.15,3497.03,2178639,76187.68,134612, 645308, 29.62,2023-09-26
EIDPARRY,EQ, 26-Sep-2023,533.7,534.1,535.8,525.7, 527.90,529.15,530.13,335874,1780.58,12142, 189911, 56.54,2023-09-26
EIFFL,EQ, 26-Sep-2023,141.3,149.95,149.95,143.05, 143.60,144.05,144.85,35363,51.22,591, 30199, 85.40,2023-09-26
EIHAHOTELS,EQ, 26-Sep-2023,472.7,474.2,478.25,470.25, 471.50,471.8,473.49,7291,34.52,774, 4285, 58.77,2023-09-26
EIHOTEL,EQ, 26-Sep-2023,227.6,228.0,228.8,224.0, 225.30,225.1,226.19,518686,1173.2,17649, 283883, 54.73,2023-09-26
EIMCOELECO,EQ, 26-Sep-2023,833.15,843.3,844.9,825.0, 825.00,826.5,835.57,516,4.31,123, 370, 71.71,2023-09-26
EKC,EQ, 26-Sep-2023,121.65,121.7,124.15,121.0, 121.40,121.3,121.94,290069,353.71,3617, 110918, 38.24,2023-09-26
ELDEHSG,EQ, 26-Sep-2023,700.7,702.15,709.75,695.05, 709.00,702.4,702.61,852,5.99,131, 455, 53.40,2023-09-26
ELECON,EQ, 26-Sep-2023,758.45,760.5,768.75,730.5, 733.05,733.5,744.04,448558,3337.44,19616, 190468, 42.46,2023-09-26
ELECTCAST,EQ, 26-Sep-2023,65.25,65.0,65.65,64.3, 65.40,65.3,64.97,1633988,1061.57,6379, 686799, 42.03,2023-09-26
ELGIEQUIP,EQ, 26-Sep-2023,506.5,506.5,508.95,494.7, 500.50,498.3,500.11,135151,675.9,7696, 71299, 52.76,2023-09-26
ELIN,EQ, 26-Sep-2023,163.2,163.2,164.8,161.0, 161.35,162.05,162.27,76191,123.63,3187, 40123, 52.66,2023-09-26
EMAMILTD,EQ, 26-Sep-2023,514.95,515.95,526.7,515.0, 519.95,519.85,519.42,235719,1224.38,16797, 121015, 51.34,2023-09-26
EMAMIPAP,EQ, 26-Sep-2023,136.2,136.75,138.9,135.35, 135.80,135.8,137.15,20319,27.87,751, 8707, 42.85,2023-09-26
EMAMIREAL,EQ, 26-Sep-2023,78.5,79.8,80.75,79.2, 79.70,80.0,80.12,23847,19.11,524, 15666, 65.69,2023-09-26
EMKAY,EQ, 26-Sep-2023,84.4,86.75,86.75,84.3, 85.05,85.25,85.54,14914,12.76,403, 8916, 59.78,2023-09-26
EMMBI,EQ, 26-Sep-2023,119.25,118.45,119.85,112.2, 113.00,112.9,114.9,183562,210.91,3567, 98700, 53.77,2023-09-26
EMSLIMITED,EQ, 26-Sep-2023,252.65,252.55,261.5,252.25, 256.75,256.1,256.59,1153698,2960.28,15184, 513551, 44.51,2023-09-26
EMUDHRA,EQ, 26-Sep-2023,482.65,480.25,486.2,475.0, 478.80,476.8,478.81,53673,256.99,5853, 22496, 41.91,2023-09-26
ENDURANCE,EQ, 26-Sep-2023,1591.3,1584.05,1613.85,1575.05, 1590.10,1590.35,1593.56,90107,1435.91,8068, 75846, 84.17,2023-09-26
ENERGYDEV,EQ, 26-Sep-2023,19.75,20.5,20.5,20.05, 20.45,20.45,20.4,102738,20.95,525, 73211, 71.26,2023-09-26
ENGINERSIN,EQ, 26-Sep-2023,143.5,143.5,143.9,141.5, 142.40,142.05,142.53,1569135,2236.56,15679, 667759, 42.56,2023-09-26
ENIL,EQ, 26-Sep-2023,150.8,150.85,153.2,150.35, 153.20,152.2,151.99,21937,33.34,497, 15391, 70.16,2023-09-26
EPIGRAL,EQ, 26-Sep-2023,964.5,964.5,986.2,964.5, 970.00,972.65,974.12,27093,263.92,3321, 19032, 70.25,2023-09-26
EPL,EQ, 26-Sep-2023,188.9,189.7,191.5,185.4, 187.30,186.65,187.93,666870,1253.23,21456, 392543, 58.86,2023-09-26
EQUITASBNK,EQ, 26-Sep-2023,85.5,85.95,87.6,84.9, 87.50,87.25,86.64,4462327,3866.33,21404, 2760107, 61.85,2023-09-26
ERIS,EQ, 26-Sep-2023,828.35,833.0,833.0,814.0, 819.80,816.35,819.18,36960,302.77,5720, 20810, 56.30,2023-09-26
EROSMEDIA,EQ, 26-Sep-2023,18.4,18.6,18.6,18.4, 18.50,18.5,18.49,117926,21.8,792, 76418, 64.80,2023-09-26
ESABINDIA,EQ, 26-Sep-2023,5046.4,5071.65,5099.85,4956.0, 5014.00,4980.7,4997.0,3458,172.8,1617, 1753, 50.69,2023-09-26
ESCORTS,EQ, 26-Sep-2023,3235.05,3256.0,3270.0,3202.0, 3206.00,3212.3,3232.87,276468,8937.86,18563, 68849, 24.90,2023-09-26
ESG,EQ, 26-Sep-2023,32.51,32.52,32.52,32.37, 32.47,32.45,32.38,129034,41.78,137, 121989, 94.54,2023-09-26
ESTER,EQ, 26-Sep-2023,93.7,93.8,96.2,93.0, 93.00,93.95,94.85,136481,129.45,2001, 61643, 45.17,2023-09-26
ETHOSLTD,EQ, 26-Sep-2023,1760.0,1770.0,1795.15,1758.05, 1779.90,1780.0,1778.97,55249,982.86,7579, 33290, 60.25,2023-09-26
EVEREADY,EQ, 26-Sep-2023,384.85,386.7,391.05,376.5, 380.40,379.6,383.3,416047,1594.69,11595, 301395, 72.44,2023-09-26
EVERESTIND,EQ, 26-Sep-2023,1092.85,1088.9,1109.2,1078.4, 1097.00,1090.05,1093.48,5530,60.47,1395, 3098, 56.02,2023-09-26
EXCELINDUS,EQ, 26-Sep-2023,881.65,884.6,892.95,875.0, 877.60,879.0,882.56,10729,94.69,1222, 6514, 60.71,2023-09-26
EXIDEIND,EQ, 26-Sep-2023,258.9,258.9,260.9,256.6, 257.00,256.8,258.73,1054327,2727.85,24413, 531993, 50.46,2023-09-26
EXPLEOSOL,EQ, 26-Sep-2023,1398.55,1398.95,1420.9,1386.0, 1410.00,1411.25,1402.23,13410,188.04,2592, 5485, 40.90,2023-09-26
EXXARO,EQ, 26-Sep-2023,128.75,128.75,133.8,128.75, 131.30,130.5,131.39,142438,187.14,3596, 52509, 36.86,2023-09-26
FACT,EQ, 26-Sep-2023,537.8,539.7,551.0,533.9, 536.50,537.25,541.41,884553,4789.04,19689, 174516, 19.73,2023-09-26
FAIRCHEMOR,EQ, 26-Sep-2023,1090.15,1099.95,1099.95,1090.05, 1098.95,1094.7,1094.29,7243,79.26,1362, 4118, 56.85,2023-09-26
FAZE3Q,EQ, 26-Sep-2023,377.55,377.8,378.55,365.8, 369.70,369.9,370.96,17414,64.6,2109, 8691, 49.91,2023-09-26
FCL,EQ, 26-Sep-2023,316.1,317.7,320.0,314.65, 315.10,316.05,316.98,130867,414.82,5323, 61249, 46.80,2023-09-26
FCSSOFT,EQ, 26-Sep-2023,2.65,2.65,2.7,2.6, 2.65,2.65,2.64,2888661,76.24,2354, 1954745, 67.67,2023-09-26
FDC,EQ, 26-Sep-2023,369.85,370.05,377.0,367.35, 375.00,374.7,373.41,161243,602.09,8013, 73968, 45.87,2023-09-26
FEDERALBNK,EQ, 26-Sep-2023,147.1,147.1,148.45,146.55, 147.90,147.85,147.56,14100749,20807.27,54885, 7904165, 56.05,2023-09-26
FIBERWEB,EQ, 26-Sep-2023,34.95,35.45,36.0,32.7, 33.90,33.65,34.64,282074,97.71,3370, 92193, 32.68,2023-09-26
FIEMIND,EQ, 26-Sep-2023,1791.3,1800.0,1809.7,1785.0, 1795.35,1798.15,1795.91,17993,323.14,4223, 9776, 54.33,2023-09-26
FILATEX,EQ, 26-Sep-2023,46.6,46.45,47.75,46.0, 47.25,47.1,46.83,457362,214.17,3846, 272110, 59.50,2023-09-26
FINCABLES,EQ, 26-Sep-2023,1102.05,1103.35,1110.75,1090.95, 1098.50,1104.55,1100.87,135335,1489.86,12678, 47263, 34.92,2023-09-26
FINEORG,EQ, 26-Sep-2023,4937.75,4950.05,4968.9,4862.55, 4891.00,4897.35,4902.16,16802,823.66,5154, 9043, 53.82,2023-09-26
FINOPB,EQ, 26-Sep-2023,322.3,322.2,325.3,316.3, 317.35,317.6,320.73,39637,127.13,2534, 20301, 51.22,2023-09-26
FINPIPE,EQ, 26-Sep-2023,221.0,220.3,233.7,220.3, 229.00,228.25,228.49,1612511,3684.49,37904, 565531, 35.07,2023-09-26
FIVESTAR,EQ, 26-Sep-2023,698.0,696.55,701.0,688.0, 700.00,697.15,695.75,185521,1290.77,12342, 119949, 64.66,2023-09-26
FLUOROCHEM,EQ, 26-Sep-2023,3007.45,3019.65,3060.2,2982.1, 3035.00,3034.45,3025.19,110957,3356.66,10978, 50971, 45.94,2023-09-26
FMGOETZE,EQ, 26-Sep-2023,360.05,361.9,364.0,360.1, 361.10,361.5,362.0,30979,112.14,2147, 13852, 44.71,2023-09-26
FOCUS,EQ, 26-Sep-2023,779.95,794.65,794.65,773.55, 779.75,776.3,778.85,31208,243.06,1136, 24406, 78.20,2023-09-26
FOODSIN,EQ, 26-Sep-2023,167.75,167.95,193.95,167.75, 184.00,184.45,187.25,6222612,11651.86,73448, 1038902, 16.70,2023-09-26
FORCEMOT,EQ, 26-Sep-2023,3747.85,3749.0,3935.2,3749.0, 3935.20,3925.35,3913.52,85698,3353.81,7703, 49605, 57.88,2023-09-26
FORTIS,EQ, 26-Sep-2023,332.2,336.9,339.5,332.0, 335.50,335.65,335.08,1543972,5173.52,24751, 1052627, 68.18,2023-09-26
FOSECOIND,EQ, 26-Sep-2023,3383.6,3374.0,3405.0,3295.1, 3325.00,3313.75,3342.41,3815,127.51,1020, 2020, 52.95,2023-09-26
FSL,EQ, 26-Sep-2023,164.25,164.25,165.95,161.65, 163.50,163.45,164.06,1494695,2452.25,15485, 671342, 44.91,2023-09-26
FUSION,EQ, 26-Sep-2023,596.0,609.95,614.65,600.4, 606.85,608.5,607.91,114822,698.01,7704, 64448, 56.13,2023-09-26
GABRIEL,EQ, 26-Sep-2023,315.15,315.0,319.5,313.0, 317.00,315.65,315.88,219406,693.06,5229, 148632, 67.74,2023-09-26
GAEL,EQ, 26-Sep-2023,338.4,333.7,344.0,330.55, 341.00,339.25,336.56,2679829,9019.14,35980, 440285, 16.43,2023-09-26
GAIL,EQ, 26-Sep-2023,122.4,122.35,123.4,121.35, 121.55,121.55,122.31,7023846,8590.97,29308, 3455910, 49.20,2023-09-26
GALAXYSURF,EQ, 26-Sep-2023,2604.3,2605.3,2622.3,2581.2, 2588.00,2594.8,2598.85,15406,400.38,5602, 7938, 51.53,2023-09-26
GALLANTT,EQ, 26-Sep-2023,91.6,91.75,93.6,91.6, 93.00,92.85,92.75,71834,66.63,1171, 35883, 49.95,2023-09-26
GANDHITUBE,EQ, 26-Sep-2023,682.5,683.0,685.55,676.0, 684.00,679.95,681.78,6854,46.73,465, 4678, 68.25,2023-09-26
GANECOS,EQ, 26-Sep-2023,961.2,966.05,990.0,959.15, 967.00,967.25,966.93,60374,583.77,13139, 32763, 54.27,2023-09-26
GANESHBE,EQ, 26-Sep-2023,155.15,156.2,156.2,149.5, 150.05,150.65,151.54,199776,302.73,4624, 116677, 58.40,2023-09-26
GANESHHOUC,EQ, 26-Sep-2023,453.1,456.25,470.0,451.0, 456.50,458.5,461.11,96782,446.28,7482, 41223, 42.59,2023-09-26
GANGESSECU,EQ, 26-Sep-2023,127.5,129.65,130.25,125.2, 125.20,125.6,127.81,8925,11.41,419, 4713, 52.81,2023-09-26
GARFIBRES,EQ, 26-Sep-2023,3160.4,3161.0,3194.4,3133.8, 3170.05,3179.65,3156.17,9072,286.33,2506, 5486, 60.47,2023-09-26
GATEWAY,EQ, 26-Sep-2023,86.1,86.1,88.4,86.1, 88.10,88.0,87.76,541704,475.39,5645, 286330, 52.86,2023-09-26
GATI,EQ, 26-Sep-2023,159.95,158.4,160.7,155.2, 156.25,155.8,157.41,486872,766.39,7403, 224662, 46.14,2023-09-26
GEECEE,EQ, 26-Sep-2023,193.75,194.0,204.4,192.1, 195.50,196.05,200.28,91694,183.65,3502, 40422, 44.08,2023-09-26
GENESYS,EQ, 26-Sep-2023,358.7,353.3,358.75,350.5, 353.75,351.9,355.37,29773,105.8,2312, 13088, 43.96,2023-09-26
GENSOL,EQ, 26-Sep-2023,1986.3,1999.0,2000.45,1950.1, 1975.00,1974.7,1973.95,15067,297.42,2337, 10014, 66.46,2023-09-26
GENUSPAPER,EQ, 26-Sep-2023,19.35,19.5,21.3,19.25, 21.20,21.0,20.49,4741781,971.65,7560, 2277361, 48.03,2023-09-26
GENUSPOWER,EQ, 26-Sep-2023,270.2,269.0,271.95,261.5, 263.45,262.95,265.45,318622,845.78,5731, 189375, 59.44,2023-09-26
GEOJITFSL,EQ, 26-Sep-2023,52.05,52.4,53.05,51.85, 52.50,52.65,52.48,365624,191.86,1923, 218537, 59.77,2023-09-26
GEPIL,EQ, 26-Sep-2023,174.1,173.8,174.9,169.05, 171.55,170.15,170.86,388295,663.44,13584, 178030, 45.85,2023-09-26
GESHIP,EQ, 26-Sep-2023,822.8,824.8,872.35,817.35, 852.00,851.1,852.58,1479973,12617.96,48773, 430627, 29.10,2023-09-26
GET&D,EQ, 26-Sep-2023,391.05,391.05,410.6,386.0, 410.60,410.6,404.01,83697,338.14,2506, 63406, 75.76,2023-09-26
GFLLIMITED,EQ, 26-Sep-2023,88.55,88.6,89.25,85.05, 86.90,86.65,87.25,106237,92.69,1718, 49075, 46.19,2023-09-26
GHCL,EQ, 26-Sep-2023,617.85,614.95,630.6,614.95, 621.35,620.55,621.54,141181,877.5,9812, 82173, 58.20,2023-09-26
GHCLTEXTIL,EQ, 26-Sep-2023,77.1,77.65,81.0,76.0, 80.25,79.85,79.96,702178,561.47,5457, 416815, 59.36,2023-09-26
GICHSGFIN,EQ, 26-Sep-2023,214.3,214.55,222.25,211.05, 212.95,212.1,217.08,912360,1980.52,15400, 362405, 39.72,2023-09-26
GICRE,EQ, 26-Sep-2023,226.3,227.35,227.4,222.75, 223.60,223.3,224.81,279115,627.48,6826, 115862, 41.51,2023-09-26
GILLANDERS,EQ, 26-Sep-2023,82.55,83.1,90.8,81.6, 87.70,87.65,88.29,641945,566.79,5794, 303780, 47.32,2023-09-26
GILLETTE,EQ, 26-Sep-2023,5999.85,6010.0,6156.95,5990.05, 6075.00,6067.55,6094.63,16262,991.11,4987, 9328, 57.36,2023-09-26
GILT5YBEES,EQ, 26-Sep-2023,53.08,53.08,53.1,53.01, 53.09,53.07,53.04,142937,75.82,398, 94933, 66.42,2023-09-26
GIPCL,EQ, 26-Sep-2023,137.1,137.0,141.6,137.0, 139.70,138.4,139.12,677054,941.9,6643, 302493, 44.68,2023-09-26
GLAND,EQ, 26-Sep-2023,1659.8,1658.75,1700.0,1623.0, 1631.00,1630.7,1659.29,362456,6014.21,27307, 125529, 34.63,2023-09-26
GLAXO,EQ, 26-Sep-2023,1539.65,1541.65,1559.0,1514.9, 1525.00,1524.8,1540.34,71372,1099.37,8114, 50362, 70.56,2023-09-26
GLENMARK,EQ, 26-Sep-2023,785.55,788.0,789.45,760.2, 761.95,762.25,771.04,1241742,9574.29,31033, 278216, 22.41,2023-09-26
GLFL,EQ, 26-Sep-2023,3.55,3.55,3.65,3.55, 3.65,3.65,3.63,7025,0.26,10, 7025, 100.00,2023-09-26
GLOBAL,EQ, 26-Sep-2023,190.2,194.45,194.45,184.45, 188.00,188.95,186.79,53163,99.3,1149, 36093, 67.89,2023-09-26
GLOBE,EQ, 26-Sep-2023,4.3,4.4,5.05,4.3, 5.00,4.95,4.74,5799221,275.1,5795, 3888511, 67.05,2023-09-26
GLOBUSSPR,EQ, 26-Sep-2023,881.4,888.2,893.4,878.6, 889.30,888.05,886.79,119522,1059.91,8276, 56177, 47.00,2023-09-26
GLS,EQ, 26-Sep-2023,630.0,630.0,630.75,618.0, 620.05,619.65,621.52,213225,1325.23,7158, 135251, 63.43,2023-09-26
GMBREW,EQ, 26-Sep-2023,685.05,684.0,715.1,683.55, 698.20,703.65,702.3,109855,771.51,7684, 59792, 54.43,2023-09-26
GMDCLTD,EQ, 26-Sep-2023,268.0,269.0,277.7,268.25, 274.10,274.3,273.86,2984364,8173.07,24387, 788594, 26.42,2023-09-26
GMMPFAUDLR,EQ, 26-Sep-2023,1855.2,1864.45,1868.4,1832.05, 1859.15,1857.25,1847.32,194909,3600.59,12728, 122610, 62.91,2023-09-26
GMRINFRA,EQ, 26-Sep-2023,58.5,58.45,59.05,57.8, 59.00,58.8,58.62,6050395,3546.83,13000, 2819430, 46.60,2023-09-26
GMRP&UI,EQ, 26-Sep-2023,37.75,35.9,37.45,35.9, 35.90,35.9,36.09,13566374,4895.95,9409, 5356527, 39.48,2023-09-26
GNA,EQ, 26-Sep-2023,479.3,481.4,482.85,470.05, 474.70,474.2,475.72,118665,564.51,8780, 58904, 49.64,2023-09-26
GNFC,EQ, 26-Sep-2023,603.25,603.8,612.95,601.8, 605.00,605.0,607.82,686483,4172.61,18006, 283504, 41.30,2023-09-26
GOACARBON,EQ, 26-Sep-2023,519.35,521.4,528.9,521.1, 522.30,524.15,525.11,16792,88.18,1491, 6992, 41.64,2023-09-26
GOCLCORP,EQ, 26-Sep-2023,421.65,421.65,428.1,419.05, 420.10,422.1,424.76,21141,89.8,1388, 12378, 58.55,2023-09-26
GOCOLORS,EQ, 26-Sep-2023,1288.8,1280.05,1317.8,1269.85, 1277.00,1273.75,1282.21,28674,367.66,5621, 15319, 53.42,2023-09-26
GODFRYPHLP,EQ, 26-Sep-2023,2132.5,2134.75,2173.25,2092.95, 2142.00,2118.45,2135.62,82472,1761.29,12010, 35089, 42.55,2023-09-26
GODREJAGRO,EQ, 26-Sep-2023,481.15,481.15,483.4,479.0, 479.60,479.65,480.77,55416,266.42,3705, 33068, 59.67,2023-09-26
GODREJCP,EQ, 26-Sep-2023,976.85,975.0,984.95,971.55, 979.95,978.7,977.97,708234,6926.32,22212, 491150, 69.35,2023-09-26
GODREJIND,EQ, 26-Sep-2023,555.1,555.0,565.0,548.0, 565.00,559.75,554.91,200878,1114.69,14047, 115181, 57.34,2023-09-26
GODREJPROP,EQ, 26-Sep-2023,1595.85,1595.95,1599.9,1566.1, 1570.05,1572.1,1579.17,587832,9282.84,29905, 289972, 49.33,2023-09-26
GOKEX,EQ, 26-Sep-2023,758.95,765.0,774.0,757.15, 766.30,767.85,766.48,126797,971.88,14131, 63341, 49.95,2023-09-26
GOKUL,EQ, 26-Sep-2023,36.85,37.5,37.95,36.15, 36.30,36.45,36.79,296809,109.2,2088, 125645, 42.33,2023-09-26
GOKULAGRO,EQ, 26-Sep-2023,111.9,111.7,113.25,111.3, 112.30,111.75,112.2,54401,61.04,1413, 27911, 51.31,2023-09-26
GOLDBEES,EQ, 26-Sep-2023,50.22,50.22,50.38,50.01, 50.06,50.02,50.07,2370206,1186.8,21861, 1683151, 71.01,2023-09-26
GOLDETF,EQ, 26-Sep-2023,59.1,59.1,59.15,58.8, 58.80,58.85,58.93,4877,2.87,102, 4664, 95.63,2023-09-26
GOLDIAM,EQ, 26-Sep-2023,127.35,127.95,128.75,127.0, 127.45,127.45,127.92,89933,115.04,1671, 53902, 59.94,2023-09-26
GOLDSHARE,EQ, 26-Sep-2023,50.4,50.4,50.4,50.05, 50.20,50.1,50.12,130719,65.51,423, 126673, 96.90,2023-09-26
GOODLUCK,EQ, 26-Sep-2023,585.25,588.6,594.8,578.5, 590.00,590.95,591.29,69146,408.85,4514, 43211, 62.49,2023-09-26
GOODYEAR,EQ, 26-Sep-2023,1297.75,1305.75,1315.0,1291.25, 1305.05,1311.0,1308.83,5980,78.27,1301, 3446, 57.63,2023-09-26
GPIL,EQ, 26-Sep-2023,611.65,611.65,624.3,606.35, 610.00,609.75,614.95,257598,1584.1,7531, 110031, 42.71,2023-09-26
GPPL,EQ, 26-Sep-2023,124.95,125.15,126.55,124.5, 125.30,124.9,125.3,627883,786.73,9444, 339023, 53.99,2023-09-26
GRANULES,EQ, 26-Sep-2023,333.75,333.25,338.3,329.45, 337.40,336.5,335.26,1792919,6011.03,17920, 664398, 37.06,2023-09-26
GRAPHITE,EQ, 26-Sep-2023,493.25,492.9,499.0,491.1, 492.00,492.9,494.38,340723,1684.48,9634, 103180, 30.28,2023-09-26
GRASIM,EQ, 26-Sep-2023,1939.85,1944.95,1959.9,1936.25, 1958.70,1958.0,1950.26,657206,12817.23,41407, 370998, 56.45,2023-09-26
GRAUWEIL,EQ, 26-Sep-2023,127.0,128.1,130.95,127.0, 129.20,128.6,129.06,203917,263.17,3134, 97981, 48.05,2023-09-26
GRAVITA,EQ, 26-Sep-2023,790.45,790.9,813.0,788.05, 812.00,808.25,801.27,126294,1011.95,9614, 64296, 50.91,2023-09-26
GREAVESCOT,EQ, 26-Sep-2023,139.1,139.4,140.3,138.1, 138.80,138.6,138.99,495131,688.16,7919, 247696, 50.03,2023-09-26
GREENLAM,EQ, 26-Sep-2023,421.0,424.75,432.85,388.2, 405.00,395.95,401.28,243047,975.31,19936, 97643, 40.17,2023-09-26
GREENPANEL,EQ, 26-Sep-2023,378.0,379.7,379.7,366.3, 367.80,368.5,371.6,291223,1082.18,13140, 147673, 50.71,2023-09-26
GREENPLY,EQ, 26-Sep-2023,168.75,171.0,171.4,167.35, 168.50,168.1,169.69,269233,456.87,5190, 130772, 48.57,2023-09-26
GRINDWELL,EQ, 26-Sep-2023,2077.2,2087.6,2087.6,2028.4, 2046.30,2041.45,2047.8,39156,801.84,10259, 23380, 59.71,2023-09-26
GRINFRA,EQ, 26-Sep-2023,1244.6,1190.0,1219.15,1176.3, 1200.00,1200.55,1200.58,102272,1227.86,8849, 26265, 25.68,2023-09-26
GRMOVER,EQ, 26-Sep-2023,202.8,205.0,214.25,203.7, 206.05,206.4,207.96,175103,364.14,6499, 79637, 45.48,2023-09-26
GROBTEA,EQ, 26-Sep-2023,859.95,877.65,880.5,855.05, 880.50,879.65,874.99,114,1.0,37, 61, 53.51,2023-09-26
GRSE,EQ, 26-Sep-2023,796.35,796.5,862.75,791.3, 843.00,844.15,841.81,4995911,42056.05,100204, 542408, 10.86,2023-09-26
GRWRHITECH,EQ, 26-Sep-2023,1266.75,1286.75,1353.9,1277.0, 1295.05,1298.2,1310.06,40713,533.36,2506, 29814, 73.23,2023-09-26
GSFC,EQ, 26-Sep-2023,175.95,176.65,176.65,172.5, 175.10,174.9,174.81,1842504,3220.85,14881, 912284, 49.51,2023-09-26
GSLSU,EQ, 26-Sep-2023,177.7,178.9,192.8,177.0, 179.50,179.55,183.61,1196495,2196.9,27874, 426669, 35.66,2023-09-26
GSPL,EQ, 26-Sep-2023,284.75,285.75,286.45,282.3, 283.60,284.2,283.99,224926,638.77,6855, 127190, 56.55,2023-09-26
GSS,EQ, 26-Sep-2023,202.95,203.95,220.55,202.85, 215.90,216.1,215.24,349182,751.58,8158, 180723, 51.76,2023-09-26
GTLINFRA,EQ, 26-Sep-2023,1.1,1.15,1.15,1.1, 1.15,1.1,1.12,18006613,201.59,8838, 17141874, 95.20,2023-09-26
GTPL,EQ, 26-Sep-2023,177.9,177.9,180.2,172.0, 173.00,172.55,174.99,54245,94.92,2521, 21007, 38.73,2023-09-26
GUFICBIO,EQ, 26-Sep-2023,282.1,283.0,291.85,281.85, 291.00,290.2,288.24,102893,296.58,5459, 42932, 41.72,2023-09-26
GUJALKALI,EQ, 26-Sep-2023,701.75,703.95,703.95,690.1, 691.90,691.75,695.83,61429,427.44,4811, 29889, 48.66,2023-09-26
GUJGASLTD,EQ, 26-Sep-2023,437.3,438.45,439.55,430.8, 431.40,432.0,434.7,1797267,7812.64,26942, 1238553, 68.91,2023-09-26
GULFOILLUB,EQ, 26-Sep-2023,528.0,527.0,541.0,527.0, 534.95,531.5,534.63,35327,188.87,4637, 14980, 42.40,2023-09-26
GULFPETRO,EQ, 26-Sep-2023,50.1,50.9,51.15,49.1, 49.95,49.75,50.17,374952,188.12,2298, 240950, 64.26,2023-09-26
GULPOLY,EQ, 26-Sep-2023,228.15,228.75,231.95,225.2, 227.00,226.35,228.01,60780,138.59,2940, 31589, 51.97,2023-09-26
GVKPIL,EQ, 26-Sep-2023,9.95,10.4,10.4,10.4, 10.40,10.4,10.4,1109148,115.35,928, 1109148, 100.00,2023-09-26
HAL,EQ, 26-Sep-2023,3855.0,3863.8,3916.85,3855.65, 3879.35,3871.15,3887.79,835167,32469.56,58175, 373974, 44.78,2023-09-26
HAPPSTMNDS,EQ, 26-Sep-2023,906.7,909.95,916.3,901.1, 902.25,903.7,907.76,219694,1994.3,15104, 119156, 54.24,2023-09-26
HARDWYN,EQ, 26-Sep-2023,36.75,37.2,38.55,37.15, 38.55,38.55,38.35,157625,60.45,1338, 103021, 65.36,2023-09-26
HARIOMPIPE,EQ, 26-Sep-2023,579.4,579.3,587.7,573.05, 585.00,584.6,580.95,44532,258.71,4807, 20531, 46.10,2023-09-26
HARRMALAYA,EQ, 26-Sep-2023,154.4,155.05,157.45,153.55, 154.50,154.55,155.38,21935,34.08,1346, 10676, 48.67,2023-09-26
HARSHA,EQ, 26-Sep-2023,415.95,415.95,425.65,415.95, 422.50,421.25,421.2,60908,256.54,4800, 26557, 43.60,2023-09-26
HATHWAY,EQ, 26-Sep-2023,20.9,21.0,21.2,19.95, 20.30,20.15,20.33,21645158,4401.43,17506, 7422415, 34.29,2023-09-26
HATSUN,EQ, 26-Sep-2023,1178.2,1184.0,1184.95,1175.1, 1175.10,1177.15,1179.55,5929,69.94,1894, 3228, 54.44,2023-09-26
HAVELLS,EQ, 26-Sep-2023,1396.8,1396.8,1409.85,1395.3, 1403.80,1399.8,1401.96,322754,4524.89,17911, 161701, 50.10,2023-09-26
HBLPOWER,EQ, 26-Sep-2023,257.35,257.3,260.7,251.5, 255.25,255.8,255.56,892397,2280.57,13938, 282464, 31.65,2023-09-26
HBSL,EQ, 26-Sep-2023,55.2,55.0,57.2,55.0, 55.50,55.8,56.14,20122,11.3,745, 4784, 23.77,2023-09-26
HCC,EQ, 26-Sep-2023,26.65,26.8,27.05,25.6, 25.90,25.9,26.25,21763990,5713.75,14801, 8371222, 38.46,2023-09-26
HCG,EQ, 26-Sep-2023,338.1,337.8,348.55,337.5, 340.55,342.2,342.03,106727,365.04,11567, 60350, 56.55,2023-09-26
HCLTECH,EQ, 26-Sep-2023,1263.45,1264.0,1268.95,1257.1, 1261.00,1261.45,1260.77,903152,11386.7,70275, 540693, 59.87,2023-09-26
HDFCAMC,EQ, 26-Sep-2023,2671.1,2671.95,2730.0,2649.35, 2669.40,2661.9,2695.68,804297,21681.26,39882, 309520, 38.48,2023-09-26
HDFCBANK,EQ, 26-Sep-2023,1531.0,1525.0,1540.0,1525.0, 1538.00,1537.65,1535.23,13787654,211671.98,303026, 7908660, 57.36,2023-09-26
HDFCBSE500,EQ, 26-Sep-2023,27.76,27.99,27.99,27.55, 27.63,27.65,27.67,14620,4.05,145, 7391, 50.55,2023-09-26
HDFCGOLD,EQ, 26-Sep-2023,51.72,51.72,51.72,51.43, 51.55,51.46,51.53,180365,92.94,1249, 127038, 70.43,2023-09-26
HDFCGROWTH,EQ, 26-Sep-2023,99.57,99.41,100.49,99.41, 100.48,99.93,99.81,320,0.32,26, 255, 79.69,2023-09-26
HDFCLIFE,EQ, 26-Sep-2023,642.1,640.05,648.85,638.15, 645.00,644.25,644.27,1968753,12684.08,77361, 682057, 34.64,2023-09-26
HDFCLIQUID,EQ, 26-Sep-2023,1000.01,1000.01,1000.01,999.99, 999.99,1000.0,1000.0,1346,13.46,11, 993, 73.77,2023-09-26
HDFCLOWVOL,EQ, 26-Sep-2023,150.9,150.79,151.92,150.79, 151.90,151.9,151.51,5,0.01,4, 1, 20.00,2023-09-26
HDFCMID150,EQ, 26-Sep-2023,151.54,151.45,151.64,150.71, 151.49,151.4,151.31,3446,5.21,105, 2045, 59.34,2023-09-26
HDFCMOMENT,EQ, 26-Sep-2023,230.02,230.05,231.58,229.15, 229.19,229.53,230.71,285,0.66,34, 266, 93.33,2023-09-26
HDFCNEXT50,EQ, 26-Sep-2023,454.45,455.78,455.93,454.71, 454.71,454.93,455.55,149,0.68,13, 149, 100.00,2023-09-26
HDFCNIF100,EQ, 26-Sep-2023,198.49,197.5,199.5,197.5, 198.73,198.7,198.4,398,0.79,32, 326, 81.91,2023-09-26
HDFCNIFBAN,EQ, 26-Sep-2023,453.22,457.97,457.97,451.46, 452.00,452.81,452.02,4667,21.1,95, 2207, 47.29,2023-09-26
HDFCNIFIT,EQ, 26-Sep-2023,329.87,329.05,330.29,326.25, 329.45,327.96,328.08,1519,4.98,54, 1323, 87.10,2023-09-26
HDFCNIFTY,EQ, 26-Sep-2023,215.17,214.86,216.0,214.42, 216.00,215.02,215.06,43478,93.5,1083, 38102, 87.64,2023-09-26
HDFCPVTBAN,EQ, 26-Sep-2023,233.62,233.1,233.64,231.91, 232.89,232.89,233.14,3206,7.47,36, 3193, 99.59,2023-09-26
HDFCQUAL,EQ, 26-Sep-2023,45.02,45.14,45.17,44.5, 44.50,44.66,44.81,1532,0.69,50, 792, 51.70,2023-09-26
HDFCSENSEX,EQ, 26-Sep-2023,732.89,729.99,729.99,723.79, 726.41,726.33,726.4,3144,22.84,164, 2599, 82.67,2023-09-26
HDFCSILVER,EQ, 26-Sep-2023,71.65,71.08,71.08,70.17, 70.65,70.63,70.41,142686,100.46,712, 106662, 74.75,2023-09-26
HDFCSML250,EQ, 26-Sep-2023,120.73,121.68,121.9,120.74, 121.90,121.52,121.37,56432,68.49,797, 31762, 56.28,2023-09-26
HDFCVALUE,EQ, 26-Sep-2023,106.01,105.9,106.16,105.37, 105.42,105.49,105.83,1226,1.3,25, 1111, 90.62,2023-09-26
HEADSUP,EQ, 26-Sep-2023,11.85,11.85,12.2,11.85, 12.05,11.95,12.01,39203,4.71,416, 19739, 50.35,2023-09-26
HEALTHY,EQ, 26-Sep-2023,9.6,9.61,9.74,9.51, 9.65,9.6,9.6,83209,7.99,506, 53997, 64.89,2023-09-26
HECPROJECT,EQ, 26-Sep-2023,44.95,44.0,44.9,44.0, 44.45,44.7,44.48,3636,1.62,118, 2331, 64.11,2023-09-26
HEG,EQ, 26-Sep-2023,1723.3,1720.0,1744.4,1701.0, 1723.00,1722.75,1730.95,99208,1717.24,8111, 36663, 36.96,2023-09-26
HEIDELBERG,EQ, 26-Sep-2023,178.95,179.85,181.25,178.45, 179.15,179.6,179.21,1094037,1960.61,7317, 872358, 79.74,2023-09-26
HEMIPROP,EQ, 26-Sep-2023,120.55,120.35,121.0,118.9, 119.65,119.6,119.79,473055,566.66,4213, 247616, 52.34,2023-09-26
HERANBA,EQ, 26-Sep-2023,366.95,366.5,371.5,365.5, 367.95,366.7,368.14,20651,76.03,1572, 9963, 48.24,2023-09-26
HERCULES,EQ, 26-Sep-2023,314.1,314.0,315.05,309.0, 313.00,311.55,311.65,20537,64.0,1624, 11627, 56.61,2023-09-26
HERITGFOOD,EQ, 26-Sep-2023,233.9,234.55,237.5,232.5, 237.00,236.15,234.93,222638,523.04,7121, 116078, 52.14,2023-09-26
HEROMOTOCO,EQ, 26-Sep-2023,2974.7,2975.0,3039.0,2970.05, 3038.00,3034.35,3015.65,372568,11235.35,29939, 167074, 44.84,2023-09-26
HESTERBIO,EQ, 26-Sep-2023,1666.05,1669.7,1677.3,1643.5, 1647.05,1648.7,1656.46,4007,66.37,828, 2904, 72.47,2023-09-26
HEUBACHIND,EQ, 26-Sep-2023,481.05,480.5,484.0,476.55, 482.50,481.1,480.03,32098,154.08,2602, 16070, 50.07,2023-09-26
HEXATRADEX,EQ, 26-Sep-2023,145.65,147.45,150.0,144.4, 145.00,145.55,147.02,9334,13.72,236, 2533, 27.14,2023-09-26
HFCL,EQ, 26-Sep-2023,71.7,71.7,73.2,71.35, 71.60,71.6,72.21,5263678,3800.99,42848, 2004582, 38.08,2023-09-26
HGINFRA,EQ, 26-Sep-2023,932.95,936.0,945.4,932.0, 936.00,935.35,938.79,49756,467.1,6886, 24392, 49.02,2023-09-26
HGS,EQ, 26-Sep-2023,1002.65,1002.75,1014.75,1002.0, 1007.00,1004.95,1006.55,13837,139.28,2128, 7494, 54.16,2023-09-26
HIKAL,EQ, 26-Sep-2023,295.6,296.8,301.05,291.0, 295.85,294.85,297.08,149626,444.5,6809, 63947, 42.74,2023-09-26
HIL,EQ, 26-Sep-2023,2870.5,2898.5,2916.95,2845.0, 2855.00,2859.05,2884.04,7134,205.75,1783, 3965, 55.58,2023-09-26
HILTON,EQ, 26-Sep-2023,163.5,164.0,168.9,160.35, 167.00,167.0,165.53,157917,261.4,1559, 85609, 54.21,2023-09-26
HIMATSEIDE,EQ, 26-Sep-2023,141.0,141.95,143.5,139.65, 140.45,140.35,141.29,296546,418.99,7240, 135638, 45.74,2023-09-26
HINDALCO,EQ, 26-Sep-2023,469.35,468.5,474.3,466.2, 469.60,471.5,470.7,4666823,21966.53,57190, 2261853, 48.47,2023-09-26
HINDCOMPOS,EQ, 26-Sep-2023,405.25,409.3,418.4,406.6, 412.00,409.4,412.88,17247,71.21,2046, 8141, 47.20,2023-09-26
HINDCOPPER,EQ, 26-Sep-2023,157.4,157.0,160.4,155.5, 156.25,156.2,157.67,3469033,5469.78,19191, 1059163, 30.53,2023-09-26
HINDMOTORS,EQ, 26-Sep-2023,15.6,15.7,15.9,15.3, 15.40,15.4,15.6,403019,62.86,1729, 275098, 68.26,2023-09-26
HINDOILEXP,EQ, 26-Sep-2023,156.75,157.8,160.95,157.05, 158.00,157.7,159.39,1562672,2490.72,10193, 987228, 63.18,2023-09-26
HINDPETRO,EQ, 26-Sep-2023,260.35,260.0,263.75,259.25, 260.00,260.0,261.4,2913558,7616.19,20843, 1489379, 51.12,2023-09-26
HINDUNILVR,EQ, 26-Sep-2023,2475.85,2474.0,2489.0,2461.25, 2487.80,2478.95,2470.42,1263548,31215.0,64264, 961677, 76.11,2023-09-26
HINDWAREAP,EQ, 26-Sep-2023,553.05,554.9,554.9,535.95, 537.55,537.95,542.7,124598,676.2,6412, 101728, 81.64,2023-09-26
HINDZINC,EQ, 26-Sep-2023,313.3,314.85,316.5,310.05, 311.50,311.45,313.55,276885,868.17,11504, 146232, 52.81,2023-09-26
HITECH,EQ, 26-Sep-2023,86.7,86.8,87.7,85.5, 86.40,85.75,86.39,338582,292.5,2669, 162036, 47.86,2023-09-26
HITECHGEAR,EQ, 26-Sep-2023,362.65,366.3,371.0,365.0, 370.80,366.0,367.05,8309,30.5,738, 5860, 70.53,2023-09-26
HLEGLAS,EQ, 26-Sep-2023,582.45,584.85,587.5,501.0, 558.80,507.9,508.65,2634956,13402.68,10458, 2520127, 95.64,2023-09-26
HLVLTD,EQ, 26-Sep-2023,19.4,19.4,19.55,18.9, 19.05,19.0,19.1,637689,121.78,1747, 368412, 57.77,2023-09-26
HMAAGRO,EQ, 26-Sep-2023,777.0,789.65,789.65,762.95, 765.00,766.05,772.68,25111,194.03,1808, 16744, 66.68,2023-09-26
HNDFDS,EQ, 26-Sep-2023,568.7,587.65,609.0,555.15, 561.90,560.75,577.84,272237,1573.09,16766, 89158, 32.75,2023-09-26
HNGSNGBEES,EQ, 26-Sep-2023,265.78,265.78,265.78,263.0, 263.00,263.33,263.93,24531,64.74,870, 21451, 87.44,2023-09-26
HOMEFIRST,EQ, 26-Sep-2023,839.45,831.0,842.1,816.65, 823.00,821.6,827.39,192169,1589.99,11937, 127987, 66.60,2023-09-26
HONAUT,EQ, 26-Sep-2023,40617.2,40800.0,41150.05,40275.35, 40800.00,40838.65,40837.64,3643,1487.72,2108, 1555, 42.68,2023-09-26
HONDAPOWER,EQ, 26-Sep-2023,2709.95,2710.0,2753.95,2700.8, 2726.00,2733.2,2734.31,4832,132.12,1504, 2239, 46.34,2023-09-26
HPAL,EQ, 26-Sep-2023,452.5,458.8,464.45,451.35, 459.90,455.6,456.63,87157,397.99,4916, 25989, 29.82,2023-09-26
HPL,EQ, 26-Sep-2023,217.2,219.25,222.0,215.9, 216.80,217.0,218.19,113142,246.86,2220, 68064, 60.16,2023-09-26
HSCL,EQ, 26-Sep-2023,247.15,247.55,252.4,245.0, 246.90,247.3,248.82,2605127,6481.98,27279, 1292845, 49.63,2023-09-26
HTMEDIA,EQ, 26-Sep-2023,26.05,26.2,26.3,25.45, 25.80,25.55,25.86,477397,123.46,2065, 255990, 53.62,2023-09-26
HUBTOWN,EQ, 26-Sep-2023,68.5,69.4,69.4,65.1, 65.10,65.1,66.2,449337,297.47,1743, 306271, 68.16,2023-09-26
HUDCO,EQ, 26-Sep-2023,83.55,83.8,87.0,82.0, 82.95,83.7,84.19,36786586,30969.08,64966, 5779853, 15.71,2023-09-26
HUHTAMAKI,EQ, 26-Sep-2023,249.7,249.7,254.0,249.0, 250.00,249.65,250.8,42793,107.32,5102, 26933, 62.94,2023-09-26
IBMFNIFTY,EQ, 26-Sep-2023,199.95,199.95,209.9,198.31, 205.00,204.92,201.89,472,0.95,67, 308, 65.25,2023-09-26
IBREALEST,EQ, 26-Sep-2023,85.65,85.45,85.45,82.3, 82.45,82.65,83.63,14629413,12234.58,38859, 4748139, 32.46,2023-09-26
IBULHSGFIN,EQ, 26-Sep-2023,188.25,188.35,190.85,184.05, 185.30,185.2,187.03,8319468,15560.18,40646, 2986463, 35.90,2023-09-26
ICEMAKE,EQ, 26-Sep-2023,534.3,559.0,561.0,544.05, 561.00,561.0,558.01,41275,230.32,950, 32356, 78.39,2023-09-26
ICICI10GS,EQ, 26-Sep-2023,218.51,218.5,218.5,218.5, 218.50,218.5,218.5,101,0.22,2, 101, 100.00,2023-09-26
ICICI500,EQ, 26-Sep-2023,29.0,29.29,29.29,29.01, 29.03,29.01,29.06,57527,16.72,397, 53263, 92.59,2023-09-26
ICICI5GSEC,EQ, 26-Sep-2023,53.23,53.25,53.25,53.25, 53.25,53.25,53.25,839,0.45,1, 839, 100.00,2023-09-26
ICICIALPLV,EQ, 26-Sep-2023,202.32,202.32,203.28,202.31, 202.60,202.89,202.72,5027,10.19,313, 4116, 81.88,2023-09-26
ICICIAUTO,EQ, 26-Sep-2023,164.84,165.39,165.96,164.81, 164.81,165.02,165.55,2416,4.0,148, 1394, 57.70,2023-09-26
ICICIB22,EQ, 26-Sep-2023,74.69,76.95,76.95,74.26, 74.72,74.64,74.74,471844,352.66,1893, 416736, 88.32,2023-09-26
ICICIBANK,EQ, 26-Sep-2023,956.35,958.95,958.95,947.1, 949.50,948.7,951.89,10521409,100152.51,285454, 5284772, 50.23,2023-09-26
ICICIBANKN,EQ, 26-Sep-2023,45.17,46.55,47.0,44.94, 45.09,45.06,45.13,36053,16.27,509, 26598, 73.77,2023-09-26
ICICIBANKP,EQ, 26-Sep-2023,231.25,233.97,233.97,230.1, 230.95,230.8,230.8,11303,26.09,207, 10389, 91.91,2023-09-26
ICICICOMMO,EQ, 26-Sep-2023,64.64,64.8,65.26,64.72, 64.95,64.92,65.15,10993,7.16,76, 8435, 76.73,2023-09-26
ICICICONSU,EQ, 26-Sep-2023,86.46,86.54,86.7,86.53, 86.54,86.54,86.59,2110,1.83,40, 2092, 99.15,2023-09-26
ICICIFIN,EQ, 26-Sep-2023,20.51,21.44,22.4,16.5, 20.54,20.5,20.5,50207,10.29,184, 23502, 46.81,2023-09-26
ICICIFMCG,EQ, 26-Sep-2023,532.81,534.71,535.6,532.26, 535.60,535.18,534.14,1875,10.02,165, 1453, 77.49,2023-09-26
ICICIGI,EQ, 26-Sep-2023,1315.95,1311.0,1322.8,1301.7, 1311.00,1308.65,1313.26,468184,6148.47,38583, 243382, 51.98,2023-09-26
ICICIGOLD,EQ, 26-Sep-2023,51.74,51.69,51.69,51.38, 51.58,51.58,51.58,298850,154.14,2945, 275254, 92.10,2023-09-26
ICICIINFRA,EQ, 26-Sep-2023,63.0,63.98,63.98,63.01, 63.15,63.16,63.35,13229,8.38,60, 12052, 91.10,2023-09-26
ICICILIQ,EQ, 26-Sep-2023,999.99,1000.01,1000.01,999.98, 999.99,999.99,1000.0,287437,2874.37,369, 163293, 56.81,2023-09-26
ICICILOVOL,EQ, 26-Sep-2023,163.24,164.2,164.2,162.81, 163.60,163.56,163.42,21706,35.47,470, 19306, 88.94,2023-09-26
ICICIM150,EQ, 26-Sep-2023,153.71,153.72,154.48,153.36, 153.99,154.0,154.1,15128,23.31,678, 10588, 69.99,2023-09-26
ICICIMCAP,EQ, 26-Sep-2023,121.58,121.85,122.07,121.42, 121.72,121.69,121.79,4518,5.5,145, 4109, 90.95,2023-09-26
ICICIMOM30,EQ, 26-Sep-2023,23.24,23.25,23.34,23.15, 23.22,23.2,23.23,12783,2.97,106, 7390, 57.81,2023-09-26
ICICINF100,EQ, 26-Sep-2023,215.28,215.28,215.76,214.6, 214.69,214.93,215.21,3126,6.73,281, 1693, 54.16,2023-09-26
ICICINIFTY,EQ, 26-Sep-2023,215.47,215.46,216.3,215.01, 215.54,215.38,215.75,185803,400.88,5135, 124688, 67.11,2023-09-26
ICICINV20,EQ, 26-Sep-2023,114.7,114.71,115.27,114.43, 114.87,114.79,114.77,12241,14.05,714, 7941, 64.87,2023-09-26
ICICINXT50,EQ, 26-Sep-2023,46.7,48.1,48.1,46.22, 46.75,46.75,46.77,34895,16.32,834, 17958, 51.46,2023-09-26
ICICIPHARM,EQ, 26-Sep-2023,96.11,96.11,96.34,95.81, 95.93,96.09,96.12,6161,5.92,174, 5048, 81.93,2023-09-26
ICICIPRULI,EQ, 26-Sep-2023,577.8,578.95,586.65,574.45, 579.55,577.05,580.01,1294159,7506.28,28436, 337150, 26.05,2023-09-26
ICICIQTY30,EQ, 26-Sep-2023,165.92,165.3,165.55,165.14, 165.55,165.55,165.28,595,0.98,13, 564, 94.79,2023-09-26
ICICISENSX,EQ, 26-Sep-2023,735.85,730.12,736.1,730.12, 736.10,735.65,735.7,13469,99.09,98, 13377, 99.32,2023-09-26
ICICISILVE,EQ, 26-Sep-2023,74.31,74.0,74.0,72.83, 73.25,73.26,73.07,190055,138.88,1328, 152495, 80.24,2023-09-26
ICICITECH,EQ, 26-Sep-2023,34.26,34.48,34.48,33.95, 34.04,34.02,34.01,350709,119.27,1018, 283362, 80.80,2023-09-26
ICIL,EQ, 26-Sep-2023,233.4,233.8,238.5,229.95, 231.50,232.95,233.38,247658,577.99,7103, 111054, 44.84,2023-09-26
ICRA,EQ, 26-Sep-2023,5581.9,5561.85,5625.0,5510.85, 5537.00,5607.15,5567.1,4298,239.27,1640, 3340, 77.71,2023-09-26
IDBI,EQ, 26-Sep-2023,70.8,70.65,71.4,69.55, 69.70,69.75,70.34,8035226,5651.77,16945, 3325022, 41.38,2023-09-26
IDEA,EQ, 26-Sep-2023,11.3,11.4,12.2,11.3, 12.15,12.1,11.81,507001428,59865.97,121469, 145202570, 28.64,2023-09-26
IDEAFORGE,EQ, 26-Sep-2023,927.3,933.0,933.0,916.0, 917.00,917.4,921.61,122604,1129.92,9371, 50376, 41.09,2023-09-26
IDFC,EQ, 26-Sep-2023,127.15,126.95,129.1,126.45, 128.50,128.45,127.88,8464632,10824.83,28004, 4409701, 52.10,2023-09-26
IDFCFIRSTB,EQ, 26-Sep-2023,94.3,94.2,95.8,93.85, 95.65,95.55,95.03,28194744,26794.09,71220, 13217813, 46.88,2023-09-26
IDFNIFTYET,EQ, 26-Sep-2023,211.32,216.6,216.6,210.11, 215.00,215.0,212.26,229,0.49,25, 173, 75.55,2023-09-26
IEX,EQ, 26-Sep-2023,131.15,131.2,133.4,130.75, 131.80,131.75,132.14,5458834,7213.46,52202, 1966539, 36.02,2023-09-26
IFBAGRO,EQ, 26-Sep-2023,518.1,518.5,542.5,518.5, 531.70,534.35,533.58,10152,54.17,701, 4722, 46.51,2023-09-26
IFBIND,EQ, 26-Sep-2023,907.65,907.65,918.15,887.0, 899.00,899.1,904.19,18415,166.51,2817, 7784, 42.27,2023-09-26
IFCI,EQ, 26-Sep-2023,22.1,22.2,24.95,22.05, 24.75,24.7,24.07,144426930,34763.43,103165, 26929369, 18.65,2023-09-26
IFGLEXPOR,EQ, 26-Sep-2023,460.8,460.8,479.0,460.8, 473.90,472.95,471.89,33472,157.95,3964, 15686, 46.86,2023-09-26
IGARASHI,EQ, 26-Sep-2023,612.2,605.85,633.9,605.85, 621.20,617.75,623.45,55793,347.84,6749, 17517, 31.40,2023-09-26
IGL,EQ, 26-Sep-2023,455.05,456.0,459.1,453.7, 456.00,455.0,456.2,349754,1595.59,11653, 126486, 36.16,2023-09-26
IGPL,EQ, 26-Sep-2023,533.75,535.0,542.05,525.0, 529.10,528.4,530.86,49258,261.49,5181, 21356, 43.36,2023-09-26
IIFL,EQ, 26-Sep-2023,575.65,577.0,591.55,577.0, 580.00,579.75,582.43,236352,1376.57,17629, 124893, 52.84,2023-09-26
IIFLSEC,EQ, 26-Sep-2023,78.1,78.85,78.85,77.1, 78.10,78.2,77.88,244361,190.3,2528, 129104, 52.83,2023-09-26
IKIO,EQ, 26-Sep-2023,353.25,352.3,358.5,352.05, 355.00,353.9,355.12,91072,323.41,4997, 42058, 46.18,2023-09-26
IMAGICAA,EQ, 26-Sep-2023,52.45,52.5,52.7,51.5, 52.00,51.9,51.99,994741,517.15,4198, 564913, 56.79,2023-09-26
IMFA,EQ, 26-Sep-2023,427.45,430.0,437.0,415.05, 421.00,420.35,424.18,497780,2111.47,16836, 155723, 31.28,2023-09-26
IMPAL,EQ, 26-Sep-2023,793.65,799.95,800.0,793.0, 793.05,793.85,797.31,656,5.23,120, 466, 71.04,2023-09-26
INCREDIBLE,EQ, 26-Sep-2023,28.2,28.45,29.55,27.7, 29.55,29.25,28.73,37100,10.66,154, 30314, 81.71,2023-09-26
INDHOTEL,EQ, 26-Sep-2023,408.6,408.45,414.2,405.55, 412.35,410.5,411.52,1963642,8080.75,43109, 979768, 49.90,2023-09-26
INDIACEM,EQ, 26-Sep-2023,232.8,232.8,240.4,231.05, 232.50,232.35,235.41,4341700,10220.81,27417, 1041094, 23.98,2023-09-26
INDIAGLYCO,EQ, 26-Sep-2023,702.85,702.85,713.2,698.85, 701.00,701.1,704.89,67236,473.94,3799, 29031, 43.18,2023-09-26
INDIAMART,EQ, 26-Sep-2023,2948.2,2948.2,2953.35,2910.0, 2925.00,2916.15,2928.93,101888,2984.23,14698, 42113, 41.33,2023-09-26
INDIANB,EQ, 26-Sep-2023,430.9,430.9,433.0,425.8, 428.40,428.15,428.98,1610345,6908.04,32211, 688510, 42.76,2023-09-26
INDIANCARD,EQ, 26-Sep-2023,257.1,259.85,260.0,254.6, 255.05,255.3,255.93,4053,10.37,226, 2789, 68.81,2023-09-26
INDIANHUME,EQ, 26-Sep-2023,240.3,241.0,246.9,241.0, 242.95,245.75,244.69,48574,118.85,1829, 29027, 59.76,2023-09-26
INDIGO,EQ, 26-Sep-2023,2378.8,2385.0,2411.95,2362.55, 2402.00,2404.45,2392.37,660787,15808.44,48652, 448590, 67.89,2023-09-26
INDIGOPNTS,EQ, 26-Sep-2023,1538.55,1546.55,1547.35,1507.45, 1518.00,1515.65,1528.0,28127,429.78,5776, 16132, 57.35,2023-09-26
INDNIPPON,EQ, 26-Sep-2023,521.3,521.3,529.2,509.95, 520.85,516.6,521.32,19417,101.23,1897, 10469, 53.92,2023-09-26
INDOAMIN,EQ, 26-Sep-2023,121.1,121.0,122.3,119.55, 121.10,120.8,120.77,67825,81.91,2182, 31523, 46.48,2023-09-26
INDOCO,EQ, 26-Sep-2023,338.1,339.0,341.0,332.9, 333.40,333.65,335.16,195148,654.07,14567, 144654, 74.13,2023-09-26
INDORAMA,EQ, 26-Sep-2023,49.8,50.25,50.3,48.8, 49.15,49.1,49.46,207923,102.83,1561, 93789, 45.11,2023-09-26
INDSWFTLAB,EQ, 26-Sep-2023,85.85,87.9,91.9,87.5, 89.00,88.95,89.77,356215,319.77,4930, 151922, 42.65,2023-09-26
INDTERRAIN,EQ, 26-Sep-2023,59.1,60.4,60.4,57.0, 59.00,58.75,59.28,119238,70.68,1191, 63141, 52.95,2023-09-26
INDUSINDBK,EQ, 26-Sep-2023,1442.75,1440.0,1443.95,1411.65, 1426.30,1423.05,1423.32,2870137,40851.36,80675, 1962837, 68.39,2023-09-26
INDUSTOWER,EQ, 26-Sep-2023,186.1,186.9,190.2,186.1, 189.60,189.65,188.83,8966087,16930.35,86549, 4005887, 44.68,2023-09-26
INFIBEAM,EQ, 26-Sep-2023,17.25,17.35,17.45,17.1, 17.20,17.25,17.27,17799778,3074.82,19492, 4488377, 25.22,2023-09-26
INFOBEAN,EQ, 26-Sep-2023,462.65,464.1,470.2,460.55, 469.00,468.25,466.28,12052,56.2,1908, 6824, 56.62,2023-09-26
INFOMEDIA,EQ, 26-Sep-2023,5.2,5.3,5.45,5.25, 5.45,5.45,5.38,100146,5.39,268, 71165, 71.06,2023-09-26
INFRABEES,EQ, 26-Sep-2023,641.39,643.46,645.43,640.46, 642.62,642.58,643.66,1937,12.47,174, 1542, 79.61,2023-09-26
INFY,EQ, 26-Sep-2023,1474.15,1479.15,1479.9,1459.0, 1460.50,1460.65,1465.23,3996528,58558.39,154610, 2739301, 68.54,2023-09-26
INGERRAND,EQ, 26-Sep-2023,2958.6,2958.25,2990.0,2862.5, 2936.00,2923.6,2932.6,18712,548.75,5347, 8826, 47.17,2023-09-26
INOXGREEN,EQ, 26-Sep-2023,64.6,64.85,65.5,64.1, 64.40,64.25,64.63,562681,363.65,3373, 235945, 41.93,2023-09-26
INOXWIND,EQ, 26-Sep-2023,192.2,193.5,206.0,192.5, 196.90,196.75,199.22,832339,1658.2,14419, 324496, 38.99,2023-09-26
INSECTICID,EQ, 26-Sep-2023,462.2,462.2,463.9,457.2, 458.00,458.9,459.51,15770,72.46,1786, 9598, 60.86,2023-09-26
INTELLECT,EQ, 26-Sep-2023,728.5,729.5,739.7,715.0, 717.00,717.4,729.92,456443,3331.65,15559, 163653, 35.85,2023-09-26
INTENTECH,EQ, 26-Sep-2023,82.65,83.5,85.2,82.05, 84.00,83.3,83.78,107310,89.9,1621, 44300, 41.28,2023-09-26
INTLCONV,EQ, 26-Sep-2023,81.2,81.3,83.0,79.9, 80.55,80.35,81.03,363589,294.6,2974, 224332, 61.70,2023-09-26
INVENTURE,EQ, 26-Sep-2023,2.3,2.3,2.35,2.3, 2.35,2.3,2.31,905904,20.96,897, 750452, 82.84,2023-09-26
IOB,EQ, 26-Sep-2023,43.5,43.75,45.95,42.95, 45.30,45.4,44.68,139933229,62522.55,161900, 16839928, 12.03,2023-09-26
IOC,EQ, 26-Sep-2023,91.95,92.2,92.8,91.9, 92.00,92.0,92.24,8786944,8105.13,43639, 4162297, 47.37,2023-09-26
IOLCP,EQ, 26-Sep-2023,467.95,465.0,488.45,465.0, 472.80,472.25,476.57,617473,2942.7,21396, 187767, 30.41,2023-09-26
IONEXCHANG,EQ, 26-Sep-2023,502.8,505.0,509.75,497.05, 505.00,504.8,502.65,126230,634.5,21108, 79470, 62.96,2023-09-26
IPCALAB,EQ, 26-Sep-2023,892.2,893.0,909.0,885.65, 909.00,905.1,894.92,365406,3270.08,11616, 236659, 64.77,2023-09-26
IPL,EQ, 26-Sep-2023,289.6,289.15,299.0,286.15, 289.90,290.75,295.48,1479171,4370.72,11949, 468547, 31.68,2023-09-26
IRB,EQ, 26-Sep-2023,32.1,32.6,33.0,31.75, 32.00,32.0,32.34,42189353,13646.09,48018, 16358582, 38.77,2023-09-26
IRCON,EQ, 26-Sep-2023,143.45,143.5,144.1,140.65, 141.50,141.1,141.75,7213673,10225.64,38337, 2172007, 30.11,2023-09-26
IRCTC,EQ, 26-Sep-2023,689.2,689.2,691.5,680.05, 681.40,681.55,686.3,1055108,7241.18,29885, 291939, 27.67,2023-09-26
IRFC,EQ, 26-Sep-2023,76.8,77.2,77.45,75.55, 75.95,75.95,76.29,33138244,25281.99,111519, 10747302, 32.43,2023-09-26
IRISDOREME,EQ, 26-Sep-2023,73.95,75.1,76.0,73.5, 73.50,73.7,74.84,45456,34.02,463, 9522, 20.95,2023-09-26
ISEC,EQ, 26-Sep-2023,616.1,617.05,620.2,613.05, 614.95,614.2,616.46,420545,2592.5,8322, 262372, 62.39,2023-09-26
ISFT,EQ, 26-Sep-2023,147.4,148.3,152.8,144.3, 146.00,146.3,148.67,68206,101.4,2446, 38555, 56.53,2023-09-26
ISGEC,EQ, 26-Sep-2023,717.55,717.7,726.85,710.1, 714.90,712.6,715.91,44579,319.15,4718, 22306, 50.04,2023-09-26
ISMTLTD,EQ, 26-Sep-2023,75.0,74.5,77.4,74.5, 76.40,76.05,75.95,228804,173.78,2183, 113557, 49.63,2023-09-26
ITBEES,EQ, 26-Sep-2023,34.31,34.36,34.39,34.07, 34.20,34.14,34.16,2433942,831.39,11262, 1770940, 72.76,2023-09-26
ITC,EQ, 26-Sep-2023,442.6,443.6,444.5,439.7, 442.80,442.45,442.01,5327833,23549.55,114357, 3274616, 61.46,2023-09-26
ITDC,EQ, 26-Sep-2023,375.7,376.95,383.5,369.55, 372.00,371.9,374.8,68111,255.28,4452, 37019, 54.35,2023-09-26
ITDCEM,EQ, 26-Sep-2023,214.7,215.3,221.7,213.7, 217.00,216.65,218.04,616939,1345.19,10547, 281510, 45.63,2023-09-26
ITI,EQ, 26-Sep-2023,198.3,196.95,197.8,192.0, 192.50,192.9,194.34,1941897,3773.83,16376, 560565, 28.87,2023-09-26
IVP,EQ, 26-Sep-2023,162.3,164.25,164.8,159.05, 159.25,160.6,161.41,6102,9.85,203, 4753, 77.89,2023-09-26
IVZINGOLD,EQ, 26-Sep-2023,5253.85,5258.75,5268.3,5212.75, 5225.00,5217.45,5219.51,256,13.36,28, 233, 91.02,2023-09-26
IVZINNIFTY,EQ, 26-Sep-2023,2188.3,2192.04,2192.04,2192.04, 2192.04,2192.04,2192.04,1,0.02,1, 1, 100.00,2023-09-26
IWEL,EQ, 26-Sep-2023,2398.4,2375.25,2537.0,2375.25, 2450.00,2463.2,2481.99,5217,129.49,936, 3299, 63.24,2023-09-26
J&KBANK,EQ, 26-Sep-2023,107.85,108.0,109.6,106.2, 107.10,106.85,107.99,3507929,3788.08,26309, 1040315, 29.66,2023-09-26
JAGRAN,EQ, 26-Sep-2023,98.55,98.5,101.9,97.5, 99.50,98.7,99.09,178135,176.52,2139, 94189, 52.88,2023-09-26
JAGSNPHARM,EQ, 26-Sep-2023,412.3,414.9,421.0,412.7, 420.20,419.95,418.12,10197,42.64,1401, 4611, 45.22,2023-09-26
JAICORPLTD,EQ, 26-Sep-2023,208.25,208.8,214.95,207.0, 210.95,210.95,211.03,1570164,3313.56,17557, 390331, 24.86,2023-09-26
JAIPURKURT,EQ, 26-Sep-2023,71.95,72.7,74.25,64.35, 64.90,66.2,68.7,142204,97.7,973, 103970, 73.11,2023-09-26
JAMNAAUTO,EQ, 26-Sep-2023,117.3,117.5,119.8,117.5, 118.45,118.35,118.45,1125262,1332.87,13773, 519387, 46.16,2023-09-26
JASH,EQ, 26-Sep-2023,1331.4,1382.0,1382.0,1344.05, 1371.95,1366.7,1362.09,4200,57.21,649, 2898, 69.00,2023-09-26
JAYAGROGN,EQ, 26-Sep-2023,199.5,199.35,206.9,198.05, 203.00,201.45,202.05,11878,24.0,558, 5357, 45.10,2023-09-26
JAYBARMARU,EQ, 26-Sep-2023,268.9,268.95,272.2,264.05, 267.10,267.35,267.91,14995,40.17,727, 9282, 61.90,2023-09-26
JAYNECOIND,EQ, 26-Sep-2023,36.85,36.55,37.75,35.1, 35.60,35.6,35.93,318746,114.52,1213, 189559, 59.47,2023-09-26
JAYSREETEA,EQ, 26-Sep-2023,107.65,108.4,110.8,106.0, 107.05,106.55,107.91,151726,163.73,2703, 60137, 39.64,2023-09-26
JBCHEPHARM,EQ, 26-Sep-2023,1433.0,1428.1,1444.05,1402.2, 1411.00,1407.15,1412.63,75416,1065.35,9473, 44072, 58.44,2023-09-26
JCHAC,EQ, 26-Sep-2023,1219.8,1212.25,1260.0,1212.25, 1246.00,1250.0,1241.96,26711,331.74,3039, 12760, 47.77,2023-09-26
JINDALPHOT,EQ, 26-Sep-2023,582.2,575.0,591.0,560.0, 569.90,567.0,575.12,104776,602.59,3374, 41861, 39.95,2023-09-26
JINDALPOLY,EQ, 26-Sep-2023,680.95,679.15,704.95,679.1, 693.00,695.75,695.86,85397,594.24,6599, 30882, 36.16,2023-09-26
JINDALSAW,EQ, 26-Sep-2023,353.5,353.5,354.55,346.3, 348.50,348.7,349.88,377923,1322.26,11476, 195255, 51.67,2023-09-26
JINDALSTEL,EQ, 26-Sep-2023,695.2,693.0,706.45,691.05, 692.50,693.7,698.33,1267372,8850.45,25944, 309114, 24.39,2023-09-26
JINDRILL,EQ, 26-Sep-2023,562.8,566.85,579.0,563.7, 573.25,574.45,572.23,35805,204.89,3824, 13618, 38.03,2023-09-26
JINDWORLD,EQ, 26-Sep-2023,357.65,357.65,379.7,356.05, 366.25,366.75,367.67,413084,1518.77,15598, 173801, 42.07,2023-09-26
JIOFIN,EQ, 26-Sep-2023,229.75,231.1,231.7,230.0, 230.70,230.4,230.72,8058261,18592.09,89985, 5218341, 64.76,2023-09-26
JISLJALEQS,EQ, 26-Sep-2023,61.8,62.0,65.25,61.85, 63.30,63.1,63.86,8171409,5218.24,21623, 3358814, 41.10,2023-09-26
JKCEMENT,EQ, 26-Sep-2023,3144.15,3143.0,3203.5,3135.3, 3143.00,3156.9,3169.11,79704,2525.91,9903, 31051, 38.96,2023-09-26
JKIL,EQ, 26-Sep-2023,428.35,427.85,436.95,420.15, 428.25,429.35,426.63,1746975,7453.06,18354, 1146224, 65.61,2023-09-26
JKLAKSHMI,EQ, 26-Sep-2023,633.1,634.9,639.4,631.2, 633.55,634.05,634.31,449762,2852.9,16622, 369971, 82.26,2023-09-26
JKPAPER,EQ, 26-Sep-2023,387.3,387.3,396.3,386.0, 391.50,391.2,391.43,982181,3844.52,20037, 328082, 33.40,2023-09-26
JKTYRE,EQ, 26-Sep-2023,282.45,280.5,284.7,275.55, 279.00,278.05,280.19,986114,2762.96,19514, 286293, 29.03,2023-09-26
JLHL,EQ, 26-Sep-2023,1078.0,1080.0,1111.9,1079.05, 1101.00,1100.9,1098.11,280826,3083.79,18408, 99388, 35.39,2023-09-26
JMA,EQ, 26-Sep-2023,76.0,75.75,77.7,73.2, 73.60,74.25,75.24,40202,30.25,729, 24182, 60.15,2023-09-26
JMFINANCIL,EQ, 26-Sep-2023,85.25,85.85,86.35,84.55, 85.15,84.8,85.29,1137049,969.81,6924, 418014, 36.76,2023-09-26
JOCIL,EQ, 26-Sep-2023,202.35,204.0,205.45,196.8, 199.35,198.6,201.4,33886,68.25,1553, 15182, 44.80,2023-09-26
JPASSOCIAT,EQ, 26-Sep-2023,11.75,11.8,12.45,11.75, 12.45,12.35,12.12,28162318,3411.98,8484, 11817945, 41.96,2023-09-26
JPOLYINVST,EQ, 26-Sep-2023,565.55,564.05,575.95,550.05, 551.00,554.45,565.84,21694,122.75,2381, 13052, 60.16,2023-09-26
JPPOWER,EQ, 26-Sep-2023,10.55,10.65,10.8,10.3, 10.50,10.55,10.56,154757651,16340.61,45147, 38222805, 24.70,2023-09-26
JSL,EQ, 26-Sep-2023,443.1,442.45,469.0,441.55, 467.00,462.55,455.66,687924,3134.59,32175, 389542, 56.63,2023-09-26
JSWENERGY,EQ, 26-Sep-2023,421.15,418.0,441.95,418.0, 438.75,439.9,435.57,11627241,50644.21,117771, 3652029, 31.41,2023-09-26
JSWHL,EQ, 26-Sep-2023,4725.5,4756.2,4775.95,4718.0, 4770.00,4766.4,4731.58,1039,49.16,219, 823, 79.21,2023-09-26
JSWSTEEL,EQ, 26-Sep-2023,779.9,779.9,788.4,777.95, 779.95,779.65,782.63,1727679,13521.34,52436, 886816, 51.33,2023-09-26
JTEKTINDIA,EQ, 26-Sep-2023,145.15,145.0,148.7,144.65, 146.50,146.0,147.11,346855,510.27,7610, 178579, 51.49,2023-09-26
JTLIND,EQ, 26-Sep-2023,233.45,236.0,239.6,228.85, 237.30,236.9,234.24,1040880,2438.12,11342, 444547, 42.71,2023-09-26
JUBLFOOD,EQ, 26-Sep-2023,541.25,540.5,548.2,537.35, 545.00,545.8,544.07,6076761,33062.1,78297, 3688146, 60.69,2023-09-26
JUBLINDS,EQ, 26-Sep-2023,666.4,662.0,674.45,659.55, 666.70,667.6,666.82,9243,61.63,1751, 2350, 25.42,2023-09-26
JUBLINGREA,EQ, 26-Sep-2023,464.2,464.2,477.0,461.05, 477.00,472.55,467.83,196428,918.94,11871, 89051, 45.34,2023-09-26
JUBLPHARMA,EQ, 26-Sep-2023,422.85,423.0,428.8,419.15, 423.05,424.45,423.41,115909,490.77,10098, 60470, 52.17,2023-09-26
JUNIORBEES,EQ, 26-Sep-2023,478.63,487.25,487.25,478.13, 480.50,479.5,479.93,80182,384.81,3797, 45166, 56.33,2023-09-26
JUSTDIAL,EQ, 26-Sep-2023,732.35,732.0,734.4,721.05, 723.00,725.55,727.5,61633,448.38,4688, 22450, 36.43,2023-09-26
JWL,EQ, 26-Sep-2023,288.4,274.0,302.8,274.0, 302.80,302.8,285.41,3768297,10755.25,38694, 1605867, 42.62,2023-09-26
JYOTHYLAB,EQ, 26-Sep-2023,348.3,349.95,372.8,348.45, 371.60,367.25,362.43,1704983,6179.44,38354, 870896, 51.08,2023-09-26
KABRAEXTRU,EQ, 26-Sep-2023,442.1,445.0,452.0,441.05, 441.55,442.75,444.23,35021,155.57,3094, 16362, 46.72,2023-09-26
KAJARIACER,EQ, 26-Sep-2023,1375.3,1375.1,1375.3,1342.0, 1345.10,1346.45,1350.64,74841,1010.83,12508, 43330, 57.90,2023-09-26
KAKATCEM,EQ, 26-Sep-2023,219.95,221.25,222.9,218.0, 221.45,220.6,220.41,6140,13.53,672, 2924, 47.62,2023-09-26
KALYANKJIL,EQ, 26-Sep-2023,204.2,205.85,217.9,205.55, 217.20,216.55,213.65,4963007,10603.66,73352, 1768525, 35.63,2023-09-26
KAMATHOTEL,EQ, 26-Sep-2023,203.0,201.75,205.0,199.3, 205.00,204.5,201.7,14561,29.37,446, 9968, 68.46,2023-09-26
KAMDHENU,EQ, 26-Sep-2023,297.15,299.8,299.8,292.5, 298.15,297.25,296.11,17434,51.62,1293, 9373, 53.76,2023-09-26
KANANIIND,EQ, 26-Sep-2023,7.9,8.1,8.1,7.5, 7.70,7.65,7.83,196748,15.41,461, 76006, 38.63,2023-09-26
KANORICHEM,EQ, 26-Sep-2023,133.4,135.95,141.2,135.95, 138.25,138.15,138.55,358694,496.96,7623, 170873, 47.64,2023-09-26
KANPRPLA,EQ, 26-Sep-2023,118.9,119.95,124.85,114.9, 124.85,123.25,119.27,32286,38.51,785, 19439, 60.21,2023-09-26
KANSAINER,EQ, 26-Sep-2023,325.0,326.6,330.55,323.9, 330.00,327.9,326.89,392052,1281.58,18182, 285634, 72.86,2023-09-26
KAPSTON,EQ, 26-Sep-2023,180.55,182.5,184.15,180.25, 181.00,181.05,181.35,7048,12.78,226, 5184, 73.55,2023-09-26
KARURVYSYA,EQ, 26-Sep-2023,136.1,136.95,137.0,134.55, 136.20,136.05,135.35,1763261,2386.65,10146, 1483369, 84.13,2023-09-26
KAUSHALYA,EQ, 26-Sep-2023,6.3,6.55,6.9,6.2, 6.80,6.8,6.68,561894,37.51,726, 276088, 49.14,2023-09-26
KAYA,EQ, 26-Sep-2023,343.3,345.75,345.85,337.95, 337.95,338.5,340.29,3877,13.19,453, 2515, 64.87,2023-09-26
KAYNES,EQ, 26-Sep-2023,2119.55,2139.0,2150.0,2100.1, 2122.00,2118.45,2122.59,36073,765.68,6626, 15561, 43.14,2023-09-26
KCP,EQ, 26-Sep-2023,113.2,114.35,117.1,113.5, 115.45,115.1,115.6,214901,248.43,2333, 101778, 47.36,2023-09-26
KCPSUGIND,EQ, 26-Sep-2023,36.5,36.75,36.75,35.75, 36.30,36.2,36.11,566111,204.42,3457, 267899, 47.32,2023-09-26
KDDL,EQ, 26-Sep-2023,1995.8,1978.5,2045.75,1975.0, 2037.70,2034.05,2028.31,22366,453.65,5420, 14149, 63.26,2023-09-26
KEC,EQ, 26-Sep-2023,657.35,657.35,667.25,656.3, 664.40,662.45,663.43,122825,814.86,8208, 70725, 57.58,2023-09-26
KECL,EQ, 26-Sep-2023,104.4,107.65,107.65,104.5, 106.00,105.4,105.59,81663,86.23,1303, 47345, 57.98,2023-09-26
KEI,EQ, 26-Sep-2023,2415.35,2436.15,2557.0,2435.75, 2525.00,2508.95,2500.97,491368,12288.95,38106, 154807, 31.51,2023-09-26
KELLTONTEC,EQ, 26-Sep-2023,88.8,89.2,89.85,85.5, 86.65,86.35,87.18,651367,567.88,6214, 288915, 44.36,2023-09-26
KENNAMET,EQ, 26-Sep-2023,2748.25,2738.0,3127.0,2726.55, 2843.00,2860.5,2965.17,491073,14561.14,58027, 65865, 13.41,2023-09-26
KEYFINSERV,EQ, 26-Sep-2023,113.15,114.95,114.95,112.0, 114.95,114.35,113.9,10067,11.47,532, 2415, 23.99,2023-09-26
KFINTECH,EQ, 26-Sep-2023,457.05,457.1,464.0,456.05, 461.40,460.15,460.22,101262,466.03,7867, 47577, 46.98,2023-09-26
KHADIM,EQ, 26-Sep-2023,267.75,267.8,271.1,265.65, 267.25,266.2,268.56,29239,78.52,1959, 16212, 55.45,2023-09-26
KHAICHEM,EQ, 26-Sep-2023,66.15,66.0,67.0,65.2, 65.55,65.7,66.05,109474,72.31,1468, 57055, 52.12,2023-09-26
KICL,EQ, 26-Sep-2023,2684.9,2684.0,2749.9,2666.0, 2676.00,2677.85,2709.41,3031,82.12,932, 1512, 49.88,2023-09-26
KIMS,EQ, 26-Sep-2023,1971.35,1987.35,2003.0,1955.4, 1960.00,1965.3,1970.84,39513,778.74,10762, 21381, 54.11,2023-09-26
KINGFA,EQ, 26-Sep-2023,2325.9,2337.55,2351.1,2285.0, 2310.50,2311.15,2313.51,4043,93.54,799, 1981, 49.00,2023-09-26
KIOCL,EQ, 26-Sep-2023,330.25,332.9,341.2,322.5, 324.90,326.85,331.0,943522,3123.01,18691, 148380, 15.73,2023-09-26
KIRIINDUS,EQ, 26-Sep-2023,273.35,273.35,273.95,271.05, 272.00,272.2,272.66,88844,242.24,3124, 42020, 47.30,2023-09-26
KIRLFER,EQ, 26-Sep-2023,460.9,464.0,468.0,456.5, 465.90,463.75,462.39,114320,528.6,8457, 62227, 54.43,2023-09-26
KIRLOSBROS,EQ, 26-Sep-2023,815.2,825.5,839.5,809.95, 815.00,818.4,823.35,45956,378.38,7356, 26992, 58.73,2023-09-26
KIRLOSENG,EQ, 26-Sep-2023,485.1,491.35,513.9,491.3, 511.40,510.65,506.24,900002,4556.15,45946, 413747, 45.97,2023-09-26
KIRLOSIND,EQ, 26-Sep-2023,3199.4,3223.95,3250.0,3161.3, 3241.80,3199.85,3217.36,1616,51.99,465, 710, 43.94,2023-09-26
KIRLPNU,EQ, 26-Sep-2023,595.65,601.6,617.9,596.55, 613.90,613.7,611.53,118916,727.2,10262, 52842, 44.44,2023-09-26
KITEX,EQ, 26-Sep-2023,200.0,200.0,203.5,197.1, 202.95,202.55,201.64,219689,442.99,4559, 102072, 46.46,2023-09-26
KKCL,EQ, 26-Sep-2023,712.7,714.65,715.0,698.7, 711.00,709.65,708.89,27493,194.9,2804, 13450, 48.92,2023-09-26
KMSUGAR,EQ, 26-Sep-2023,37.1,37.55,37.95,36.05, 36.15,36.25,36.83,2298842,846.74,7330, 649966, 28.27,2023-09-26
KNRCON,EQ, 26-Sep-2023,276.35,276.0,279.75,274.5, 278.55,278.55,277.1,653366,1810.45,14810, 355892, 54.47,2023-09-26
KOHINOOR,EQ, 26-Sep-2023,35.05,36.0,36.2,35.1, 35.35,35.3,35.7,127543,45.54,881, 63739, 49.97,2023-09-26
KOLTEPATIL,EQ, 26-Sep-2023,470.8,472.8,474.7,450.25, 457.20,459.2,460.15,198133,911.72,12375, 76710, 38.72,2023-09-26
KOPRAN,EQ, 26-Sep-2023,223.35,223.55,228.4,221.35, 223.00,222.9,224.17,135667,304.13,2369, 62967, 46.41,2023-09-26
KOTAKALPHA,EQ, 26-Sep-2023,34.54,34.55,34.85,34.55, 34.84,34.77,34.73,117300,40.74,442, 68700, 58.57,2023-09-26
KOTAKBANK,EQ, 26-Sep-2023,1784.4,1776.1,1781.8,1753.7, 1770.00,1764.1,1765.55,3656167,64551.54,147362, 2209659, 60.44,2023-09-26
KOTAKBKETF,EQ, 26-Sep-2023,457.65,459.69,459.69,453.95, 456.92,456.34,456.6,3116,14.23,287, 1906, 61.17,2023-09-26
KOTAKCONS,EQ, 26-Sep-2023,85.75,85.98,85.98,85.92, 85.92,85.92,85.92,29,0.02,5, 29, 100.00,2023-09-26
KOTAKGOLD,EQ, 26-Sep-2023,50.42,50.39,50.39,50.16, 50.29,50.29,50.29,200504,100.83,643, 177032, 88.29,2023-09-26
KOTAKIT,EQ, 26-Sep-2023,34.11,34.01,34.1,33.81, 34.01,34.0,33.94,50544,17.15,336, 28050, 55.50,2023-09-26
KOTAKLIQ,EQ, 26-Sep-2023,999.99,999.99,999.99,999.99, 999.99,999.99,999.99,100010,1000.09,1805, 100010, 100.00,2023-09-26
KOTAKLOVOL,EQ, 26-Sep-2023,15.43,15.43,15.43,15.05, 15.34,15.34,15.34,4789,0.73,73, 4345, 90.73,2023-09-26
KOTAKMID50,EQ, 26-Sep-2023,117.34,116.99,117.82,116.75, 117.04,116.91,117.53,11530,13.55,114, 8638, 74.92,2023-09-26
KOTAKMNC,EQ, 26-Sep-2023,22.1,22.18,22.32,22.15, 22.30,22.3,22.24,8356,1.86,40, 5164, 61.80,2023-09-26
KOTAKNIFTY,EQ, 26-Sep-2023,211.05,211.65,211.91,211.01, 211.62,211.52,211.6,17833,37.73,227, 11216, 62.89,2023-09-26
KOTAKNV20,EQ, 26-Sep-2023,117.46,116.65,117.48,116.65, 117.27,117.28,117.15,5268,6.17,184, 2379, 45.16,2023-09-26
KOTAKPSUBK,EQ, 26-Sep-2023,519.03,522.99,522.99,514.05, 516.79,516.18,518.99,14397,74.72,567, 7636, 53.04,2023-09-26
KOTAKSILVE,EQ, 26-Sep-2023,72.34,71.19,71.36,70.6, 71.27,71.27,71.1,26730,19.0,123, 23038, 86.19,2023-09-26
KOTHARIPET,EQ, 26-Sep-2023,117.25,118.4,121.25,118.15, 119.90,119.85,119.71,81048,97.03,1873, 47907, 59.11,2023-09-26
KOTHARIPRO,EQ, 26-Sep-2023,123.75,122.0,125.0,121.15, 122.10,122.25,123.19,6239,7.69,264, 3834, 61.45,2023-09-26
KOVAI,EQ, 26-Sep-2023,2593.85,2630.0,2630.0,2555.8, 2591.30,2570.3,2585.76,5581,144.31,725, 4690, 84.04,2023-09-26
KPIGREEN,EQ, 26-Sep-2023,822.8,825.6,831.65,816.55, 820.10,821.2,824.93,59254,488.81,3343, 36817, 62.13,2023-09-26
KPIL,EQ, 26-Sep-2023,630.05,630.0,640.15,620.25, 635.50,632.15,630.49,79386,500.52,6731, 37140, 46.78,2023-09-26
KPITTECH,EQ, 26-Sep-2023,1051.2,1049.05,1093.0,1038.0, 1087.85,1086.6,1068.85,1243039,13286.18,68492, 457458, 36.80,2023-09-26
KPRMILL,EQ, 26-Sep-2023,728.6,724.5,750.0,722.05, 745.75,744.95,739.09,219328,1621.04,16618, 103649, 47.26,2023-09-26
KRBL,EQ, 26-Sep-2023,402.75,410.0,427.95,410.0, 416.70,417.85,419.75,2327393,9769.24,52252, 544699, 23.40,2023-09-26
KRISHANA,EQ, 26-Sep-2023,494.45,499.0,501.8,486.15, 488.20,489.9,494.44,133537,660.25,4934, 100465, 75.23,2023-09-26
KRITI,EQ, 26-Sep-2023,101.2,102.65,102.65,99.3, 100.50,100.0,100.49,29963,30.11,601, 23200, 77.43,2023-09-26
KRSNAA,EQ, 26-Sep-2023,634.8,635.8,654.65,635.8, 653.40,650.5,646.22,39270,253.77,3400, 24808, 63.17,2023-09-26
KSB,EQ, 26-Sep-2023,2944.4,2936.05,2962.5,2849.2, 2852.10,2862.85,2886.94,103346,2983.54,14017, 36169, 35.00,2023-09-26
KSCL,EQ, 26-Sep-2023,636.4,636.2,644.35,621.35, 624.05,624.25,630.54,118189,745.23,5905, 68470, 57.93,2023-09-26
KSL,EQ, 26-Sep-2023,512.7,515.3,520.9,508.15, 516.50,517.85,517.75,66262,343.07,4824, 29364, 44.31,2023-09-26
KTKBANK,EQ, 26-Sep-2023,252.95,252.95,253.55,245.55, 247.05,246.55,248.95,2005474,4992.69,27954, 930468, 46.40,2023-09-26
KUANTUM,EQ, 26-Sep-2023,178.45,178.0,180.0,175.6, 178.50,178.7,178.18,90990,162.13,3115, 26707, 29.35,2023-09-26
L&TFH,EQ, 26-Sep-2023,124.25,124.45,125.7,123.5, 123.65,123.7,124.42,4953351,6163.11,29996, 2308092, 46.60,2023-09-26
LALPATHLAB,EQ, 26-Sep-2023,2385.95,2376.1,2425.05,2370.15, 2418.00,2420.55,2405.76,231027,5557.94,24026, 70333, 30.44,2023-09-26
LAMBODHARA,EQ, 26-Sep-2023,167.2,164.6,169.0,162.85, 164.50,165.1,165.72,12474,20.67,1003, 6903, 55.34,2023-09-26
LANDMARK,EQ, 26-Sep-2023,790.9,793.3,799.15,776.35, 788.00,786.3,788.48,80029,631.01,10012, 34775, 43.45,2023-09-26
LAOPALA,EQ, 26-Sep-2023,435.3,437.4,441.6,435.5, 437.70,438.1,438.36,84775,371.62,7166, 41323, 48.74,2023-09-26
LATENTVIEW,EQ, 26-Sep-2023,413.0,413.0,416.9,411.0, 413.95,411.95,413.83,246486,1020.03,8823, 111585, 45.27,2023-09-26
LAURUSLABS,EQ, 26-Sep-2023,388.8,388.0,391.3,384.3, 385.15,385.3,387.68,674853,2616.28,13131, 204602, 30.32,2023-09-26
LAXMICOT,EQ, 26-Sep-2023,21.25,21.7,21.7,21.0, 21.45,21.2,21.24,18867,4.01,202, 13165, 69.78,2023-09-26
LAXMIMACH,EQ, 26-Sep-2023,14694.3,14827.1,14827.1,14670.55, 14750.00,14754.0,14727.29,2548,375.25,1197, 1682, 66.01,2023-09-26
LEMONTREE,EQ, 26-Sep-2023,112.7,113.0,116.35,111.55, 115.40,115.2,114.65,6479105,7428.03,31898, 2736616, 42.24,2023-09-26
LFIC,EQ, 26-Sep-2023,144.85,143.45,146.6,142.8, 142.95,143.45,143.66,2068,2.97,129, 1271, 61.46,2023-09-26
LGBBROSLTD,EQ, 26-Sep-2023,1023.55,1031.25,1048.1,1023.6, 1040.00,1044.3,1039.29,24936,259.16,3200, 11970, 48.00,2023-09-26
LGBFORGE,EQ, 26-Sep-2023,9.45,9.7,9.9,9.4, 9.60,9.65,9.71,542110,52.66,727, 261475, 48.23,2023-09-26
LIBAS,EQ, 26-Sep-2023,13.05,13.05,13.15,12.9, 12.90,12.95,12.98,66728,8.66,348, 55018, 82.45,2023-09-26
LIBERTSHOE,EQ, 26-Sep-2023,247.1,247.8,251.85,247.4, 249.00,249.7,249.75,57568,143.78,3892, 25984, 45.14,2023-09-26
LICHSGFIN,EQ, 26-Sep-2023,462.85,463.0,473.35,462.5, 463.55,464.15,467.52,4196117,19617.77,71809, 1749884, 41.70,2023-09-26
LICI,EQ, 26-Sep-2023,646.65,647.85,649.85,644.0, 645.00,644.95,646.64,414742,2681.88,14280, 233879, 56.39,2023-09-26
LICMFGOLD,EQ, 26-Sep-2023,5411.15,5401.85,5401.85,5351.3, 5380.00,5383.1,5380.71,150,8.07,71, 76, 50.67,2023-09-26
LICNETFGSC,EQ, 26-Sep-2023,24.0,24.37,24.37,23.92, 24.05,24.04,24.02,5666,1.36,59, 3573, 63.06,2023-09-26
LICNETFN50,EQ, 26-Sep-2023,214.25,214.25,214.46,213.01, 213.04,213.03,213.12,1970,4.2,21, 1934, 98.17,2023-09-26
LICNETFSEN,EQ, 26-Sep-2023,723.09,721.5,723.09,720.34, 723.09,723.09,721.81,13,0.09,9, 11, 84.62,2023-09-26
LICNFNHGP,EQ, 26-Sep-2023,210.59,214.4,214.4,209.58, 210.28,210.28,210.56,523,1.1,23, 496, 94.84,2023-09-26
LIKHITHA,EQ, 26-Sep-2023,329.0,332.1,335.85,324.25, 324.90,325.85,328.4,326392,1071.87,10749, 143986, 44.11,2023-09-26
LINC,EQ, 26-Sep-2023,724.2,733.0,739.95,718.45, 738.95,737.2,729.94,20863,152.29,2502, 13905, 66.65,2023-09-26
LINCOLN,EQ, 26-Sep-2023,501.15,501.1,505.6,497.15, 502.00,502.7,501.74,27394,137.45,2971, 14164, 51.70,2023-09-26
LINDEINDIA,EQ, 26-Sep-2023,5872.3,5888.15,5970.0,5800.0, 5960.00,5955.5,5916.35,63551,3759.9,9706, 43201, 67.98,2023-09-26
LIQUID,EQ, 26-Sep-2023,999.99,1000.0,1000.0,999.99, 999.99,999.99,1000.0,28259,282.59,68, 23180, 82.03,2023-09-26
LIQUIDBEES,EQ, 26-Sep-2023,999.99,1000.0,1000.65,999.99, 1000.01,1000.0,1000.0,1848142,18481.42,5840, 1332977, 72.13,2023-09-26
LIQUIDETF,EQ, 26-Sep-2023,999.99,1000.0,1000.01,999.99, 999.99,999.99,1000.0,144546,1445.46,194, 100372, 69.44,2023-09-26
LLOYDSME,EQ, 26-Sep-2023,530.45,532.9,540.5,529.35, 534.00,534.6,535.14,61708,330.23,4023, 40642, 65.86,2023-09-26
LODHA,EQ, 26-Sep-2023,759.95,764.7,796.0,764.7, 789.55,792.25,785.57,1079566,8480.79,40810, 375145, 34.75,2023-09-26
LOKESHMACH,EQ, 26-Sep-2023,210.65,214.0,214.5,200.05, 203.75,203.55,206.68,161396,333.57,3370, 88448, 54.80,2023-09-26
LORDSCHLO,EQ, 26-Sep-2023,169.15,169.25,172.8,169.15, 172.00,170.8,171.25,8972,15.36,403, 6103, 68.02,2023-09-26
LOVABLE,EQ, 26-Sep-2023,125.8,125.8,132.0,125.65, 130.70,129.7,129.54,21296,27.59,950, 7682, 36.07,2023-09-26
LOWVOL,EQ, 26-Sep-2023,150.86,151.87,151.87,151.87, 151.87,151.87,151.87,5,0.01,1, 5, 100.00,2023-09-26
LOYALTEX,EQ, 26-Sep-2023,640.3,648.05,648.05,641.95, 646.90,644.55,645.64,199,1.28,42, 107, 53.77,2023-09-26
LPDC,EQ, 26-Sep-2023,6.9,6.95,7.0,6.75, 6.85,6.8,6.84,62088,4.25,286, 37239, 59.98,2023-09-26
LT,EQ, 26-Sep-2023,2902.5,2915.0,2944.0,2910.0, 2911.20,2912.55,2923.88,953456,27877.89,67249, 400990, 42.06,2023-09-26
LTGILTBEES,EQ, 26-Sep-2023,24.44,24.9,24.9,24.4, 24.45,24.44,24.43,430941,105.26,151, 429870, 99.75,2023-09-26
LTIM,EQ, 26-Sep-2023,5377.1,5381.0,5410.5,5353.0, 5369.00,5363.05,5375.62,159123,8553.85,28001, 80949, 50.87,2023-09-26
LTTS,EQ, 26-Sep-2023,4725.95,4737.45,4749.0,4674.0, 4720.00,4717.65,4716.04,116961,5515.92,14283, 41805, 35.74,2023-09-26
LUMAXIND,EQ, 26-Sep-2023,2422.8,2447.05,2447.05,2394.45, 2434.90,2424.1,2419.73,3634,87.93,1044, 1781, 49.01,2023-09-26
LUMAXTECH,EQ, 26-Sep-2023,356.35,357.8,360.95,355.4, 358.00,358.0,357.81,58208,208.27,3379, 26301, 45.18,2023-09-26
LUPIN,EQ, 26-Sep-2023,1110.55,1113.0,1118.6,1105.35, 1107.45,1110.55,1111.73,329870,3667.26,19180, 120522, 36.54,2023-09-26
LUXIND,EQ, 26-Sep-2023,1489.3,1495.0,1500.6,1475.0, 1490.00,1486.7,1487.28,63484,944.19,5270, 43854, 69.08,2023-09-26
LXCHEM,EQ, 26-Sep-2023,285.0,285.0,287.4,282.75, 283.50,284.05,285.16,243713,694.96,8194, 116926, 47.98,2023-09-26
LYKALABS,EQ, 26-Sep-2023,113.35,113.0,113.2,111.0, 111.05,111.45,111.81,27944,31.24,585, 17717, 63.40,2023-09-26
M&M,EQ, 26-Sep-2023,1589.45,1589.45,1606.6,1582.0, 1597.85,1595.2,1594.86,1479841,23601.45,90867, 806177, 54.48,2023-09-26
M&MFIN,EQ, 26-Sep-2023,300.1,301.0,303.85,295.8, 297.00,297.05,299.22,5019159,15018.24,30296, 3016465, 60.10,2023-09-26
MACPOWER,EQ, 26-Sep-2023,290.45,292.55,295.95,288.55, 290.00,290.45,291.34,13168,38.36,448, 9974, 75.74,2023-09-26
MADHAV,EQ, 26-Sep-2023,51.65,52.4,52.7,51.0, 51.10,51.25,51.83,38011,19.7,537, 21562, 56.73,2023-09-26
MADRASFERT,EQ, 26-Sep-2023,77.65,77.95,78.55,76.85, 77.15,77.25,77.51,480140,372.17,3677, 121636, 25.33,2023-09-26
MAFANG,EQ, 26-Sep-2023,60.95,61.21,61.35,61.0, 61.26,61.21,61.21,336086,205.71,2351, 231998, 69.03,2023-09-26
MAGADSUGAR,EQ, 26-Sep-2023,722.85,727.25,727.5,700.0, 712.90,711.2,714.63,26154,186.9,1279, 12138, 46.41,2023-09-26
MAHABANK,EQ, 26-Sep-2023,46.15,46.15,47.65,45.95, 46.70,46.55,46.81,47195141,22093.33,45216, 10472962, 22.19,2023-09-26
MAHAPEXLTD,EQ, 26-Sep-2023,151.25,150.1,150.9,138.15, 144.00,140.45,141.97,27543,39.1,647, 17500, 63.54,2023-09-26
MAHASTEEL,EQ, 26-Sep-2023,73.5,75.3,75.3,72.0, 73.00,72.65,73.73,23379,17.24,536, 14145, 60.50,2023-09-26
MAHEPC,EQ, 26-Sep-2023,117.25,118.75,119.45,116.95, 117.25,117.2,117.93,36263,42.76,1320, 20687, 57.05,2023-09-26
MAHESHWARI,EQ, 26-Sep-2023,72.7,72.7,87.2,72.25, 87.20,87.0,85.99,2672398,2298.13,7082, 364590, 13.64,2023-09-26
MAHKTECH,EQ, 26-Sep-2023,14.12,16.0,16.0,13.98, 14.20,14.14,14.08,552083,77.71,1310, 369318, 66.90,2023-09-26
MAHLIFE,EQ, 26-Sep-2023,541.9,541.5,553.95,536.0, 537.05,537.5,542.21,187547,1016.91,13472, 108848, 58.04,2023-09-26
MAHLOG,EQ, 26-Sep-2023,392.3,392.25,394.2,386.1, 390.00,389.3,389.7,64163,250.04,4793, 33721, 52.56,2023-09-26
MAHSCOOTER,EQ, 26-Sep-2023,7945.45,8049.0,8140.0,7820.05, 7840.00,7862.15,7960.78,21153,1683.94,5876, 8373, 39.58,2023-09-26
MAHSEAMLES,EQ, 26-Sep-2023,578.2,582.9,610.0,580.05, 608.00,608.45,600.48,675139,4054.08,25512, 306255, 45.36,2023-09-26
MAITHANALL,EQ, 26-Sep-2023,1056.0,1057.65,1083.6,1045.25, 1055.00,1051.3,1068.12,25896,276.6,3557, 9650, 37.26,2023-09-26
MAKEINDIA,EQ, 26-Sep-2023,98.7,101.65,101.65,98.71, 98.93,98.87,99.0,14512,14.37,116, 13791, 95.03,2023-09-26
MALLCOM,EQ, 26-Sep-2023,1110.4,1120.7,1134.9,1098.0, 1105.00,1109.3,1115.09,20673,230.52,3059, 12592, 60.91,2023-09-26
MALUPAPER,EQ, 26-Sep-2023,39.75,39.75,40.65,39.1, 39.30,39.4,39.87,54240,21.62,515, 23970, 44.19,2023-09-26
MANAKALUCO,EQ, 26-Sep-2023,25.2,25.45,28.0,25.2, 25.75,25.65,26.51,263053,69.74,1806, 75866, 28.84,2023-09-26
MANAKSIA,EQ, 26-Sep-2023,139.25,139.25,140.15,136.65, 137.60,137.7,137.8,47581,65.57,1390, 26240, 55.15,2023-09-26
MANAKSTEEL,EQ, 26-Sep-2023,46.95,48.3,48.3,46.65, 47.30,47.1,47.28,45698,21.6,577, 27155, 59.42,2023-09-26
MANALIPETC,EQ, 26-Sep-2023,64.9,64.75,65.4,64.55, 64.75,64.8,64.97,202102,131.3,2783, 111752, 55.29,2023-09-26
MANAPPURAM,EQ, 26-Sep-2023,140.4,141.75,144.5,139.85, 141.00,140.25,141.83,17969885,25487.07,55632, 9896195, 55.07,2023-09-26
MANGALAM,EQ, 26-Sep-2023,103.0,103.6,104.55,102.2, 103.75,103.6,103.58,37635,38.98,750, 19399, 51.55,2023-09-26
MANGCHEFER,EQ, 26-Sep-2023,110.65,109.8,109.8,107.6, 108.50,108.45,108.61,254852,276.79,2696, 122803, 48.19,2023-09-26
MANGLMCEM,EQ, 26-Sep-2023,369.3,369.95,370.45,366.1, 368.75,367.9,369.09,48544,179.17,3149, 29105, 59.96,2023-09-26
MANINDS,EQ, 26-Sep-2023,179.5,180.5,195.5,179.5, 182.90,183.35,189.36,3026468,5731.05,41716, 680628, 22.49,2023-09-26
MANINFRA,EQ, 26-Sep-2023,151.95,153.0,155.2,152.05, 153.55,154.3,153.96,1315136,2024.78,14671, 607446, 46.19,2023-09-26
MANKIND,EQ, 26-Sep-2023,1742.55,1776.1,1776.55,1747.05, 1751.50,1750.7,1763.39,84803,1495.41,7796, 48518, 57.21,2023-09-26
MANOMAY,EQ, 26-Sep-2023,135.4,129.05,139.55,129.05, 138.85,138.2,137.01,1903,2.61,148, 752, 39.52,2023-09-26
MANORAMA,EQ, 26-Sep-2023,1890.4,1901.55,1984.9,1879.85, 1984.90,1984.9,1969.91,24668,485.94,805, 21261, 86.19,2023-09-26
MANORG,EQ, 26-Sep-2023,381.5,387.0,387.0,380.0, 385.05,380.4,382.45,4461,17.06,442, 2827, 63.37,2023-09-26
MANYAVAR,EQ, 26-Sep-2023,1333.4,1344.5,1355.95,1312.75, 1317.00,1322.15,1335.2,113716,1518.33,17849, 58294, 51.26,2023-09-26
MAPMYINDIA,EQ, 26-Sep-2023,1709.15,1709.95,1780.0,1707.7, 1780.00,1773.8,1761.75,156052,2749.25,23157, 77695, 49.79,2023-09-26
MARALOVER,EQ, 26-Sep-2023,73.55,74.7,74.7,71.5, 72.00,71.85,72.24,61710,44.58,1305, 39962, 64.76,2023-09-26
MARATHON,EQ, 26-Sep-2023,445.25,447.0,449.9,437.1, 439.40,439.25,441.98,46330,204.77,5176, 25201, 54.39,2023-09-26
MARICO,EQ, 26-Sep-2023,578.8,578.8,586.0,576.25, 586.00,582.4,581.05,1416714,8231.82,43529, 1052581, 74.30,2023-09-26
MARKSANS,EQ, 26-Sep-2023,105.8,106.35,106.5,103.75, 106.00,106.05,105.46,1140374,1202.65,7278, 585143, 51.31,2023-09-26
MARSHALL,EQ, 26-Sep-2023,66.75,67.05,68.15,65.5, 65.50,66.1,66.7,112219,74.85,854, 86906, 77.44,2023-09-26
MARUTI,EQ, 26-Sep-2023,10588.2,10631.9,10633.95,10526.55, 10570.00,10556.65,10557.15,452503,47771.4,60903, 303146, 66.99,2023-09-26
MASFIN,EQ, 26-Sep-2023,895.15,899.75,909.4,884.1, 893.00,895.1,897.09,42507,381.33,5999, 20054, 47.18,2023-09-26
MASPTOP50,EQ, 26-Sep-2023,32.34,32.64,32.64,31.64, 31.99,31.85,31.96,236444,75.56,1420, 161421, 68.27,2023-09-26
MASTEK,EQ, 26-Sep-2023,2406.8,2400.0,2438.65,2380.1, 2401.65,2406.35,2411.43,41416,998.72,6961, 22011, 53.15,2023-09-26
MATRIMONY,EQ, 26-Sep-2023,588.65,586.25,600.3,586.25, 598.30,597.75,596.47,5329,31.79,549, 3693, 69.30,2023-09-26
MAWANASUG,EQ, 26-Sep-2023,113.45,114.05,114.05,110.55, 111.00,110.85,111.9,167887,187.87,2259, 76119, 45.34,2023-09-26
MAXHEALTH,EQ, 26-Sep-2023,556.15,558.0,569.75,550.95, 566.25,566.05,563.93,964757,5440.58,28615, 472086, 48.93,2023-09-26
MAXIND,EQ, 26-Sep-2023,140.45,141.0,141.0,138.0, 138.70,138.85,139.23,33819,47.09,823, 20580, 60.85,2023-09-26
MAYURUNIQ,EQ, 26-Sep-2023,509.1,512.9,516.75,496.55, 500.00,501.2,503.95,67450,339.92,5383, 35733, 52.98,2023-09-26
MAZDA,EQ, 26-Sep-2023,994.2,1012.0,1012.0,970.0, 982.00,976.75,985.52,6017,59.3,830, 3392, 56.37,2023-09-26
MAZDOCK,EQ, 26-Sep-2023,2157.8,2158.7,2284.8,2146.05, 2232.55,2234.55,2230.27,4377257,97624.71,160829, 450814, 10.30,2023-09-26
MBAPL,EQ, 26-Sep-2023,630.8,638.8,638.8,616.0, 616.00,619.65,626.26,16780,105.09,1349, 8823, 52.58,2023-09-26
MCDOWELL-N,EQ, 26-Sep-2023,1017.95,1018.0,1022.35,1011.0, 1012.10,1013.9,1015.67,334094,3393.3,20612, 179622, 53.76,2023-09-26
MCX,EQ, 26-Sep-2023,1902.3,1914.0,1963.0,1898.05, 1900.80,1901.6,1925.67,1207467,23251.8,55113, 289013, 23.94,2023-09-26
MEDANTA,EQ, 26-Sep-2023,696.75,694.6,698.0,689.15, 692.30,692.15,692.43,129560,897.11,8720, 80715, 62.30,2023-09-26
MEDICAMEQ,EQ, 26-Sep-2023,657.9,662.9,667.0,657.0, 657.45,658.05,661.67,5101,33.75,604, 3740, 73.32,2023-09-26
MEDICO,EQ, 26-Sep-2023,70.1,70.25,72.1,69.85, 71.00,71.7,71.01,275297,195.48,537, 55020, 19.99,2023-09-26
MEDPLUS,EQ, 26-Sep-2023,761.35,761.35,778.6,752.0, 757.75,761.55,764.9,124470,952.07,8517, 68139, 54.74,2023-09-26
MEGASTAR,EQ, 26-Sep-2023,294.25,298.0,301.0,282.0, 295.00,296.4,293.3,13717,40.23,1009, 7196, 52.46,2023-09-26
MENONBE,EQ, 26-Sep-2023,144.8,142.75,147.8,142.75, 146.80,146.65,146.36,58674,85.87,1505, 28280, 48.20,2023-09-26
MEP,EQ, 26-Sep-2023,12.7,12.8,13.0,12.6, 12.60,12.65,12.76,315106,40.2,574, 227330, 72.14,2023-09-26
METROBRAND,EQ, 26-Sep-2023,1067.7,1073.3,1095.95,1065.55, 1092.95,1092.1,1086.97,68701,746.76,9663, 22759, 33.13,2023-09-26
METROPOLIS,EQ, 26-Sep-2023,1431.8,1425.05,1439.85,1422.3, 1438.40,1436.65,1432.0,116727,1671.53,8610, 39778, 34.08,2023-09-26
MFSL,EQ, 26-Sep-2023,916.4,917.35,926.0,908.65, 913.90,913.9,919.57,263949,2427.2,12222, 130466, 49.43,2023-09-26
MGL,EQ, 26-Sep-2023,1012.65,1011.0,1042.0,1011.0, 1027.00,1029.75,1033.73,377520,3902.54,15805, 133304, 35.31,2023-09-26
MHRIL,EQ, 26-Sep-2023,398.2,398.0,402.2,392.2, 393.15,395.05,396.7,203387,806.84,13009, 97682, 48.03,2023-09-26
MID150BEES,EQ, 26-Sep-2023,154.24,158.85,158.85,153.3, 154.26,153.75,153.9,445560,685.71,1989, 359379, 80.66,2023-09-26
MIDCAPETF,EQ, 26-Sep-2023,15.14,15.6,15.6,15.15, 15.18,15.18,15.19,315023,47.86,871, 300208, 95.30,2023-09-26
MIDHANI,EQ, 26-Sep-2023,403.3,403.0,419.95,402.9, 411.15,410.7,411.33,1117579,4596.92,26325, 246557, 22.06,2023-09-26
MINDACORP,EQ, 26-Sep-2023,325.8,325.0,334.2,324.0, 332.00,332.15,330.97,432464,1431.31,12040, 269577, 62.34,2023-09-26
MINDTECK,EQ, 26-Sep-2023,145.1,146.4,150.5,146.0, 146.00,147.3,148.48,44273,65.73,712, 29212, 65.98,2023-09-26
MIRZAINT,EQ, 26-Sep-2023,43.0,43.6,43.75,43.2, 43.75,43.4,43.5,154196,67.08,1460, 106964, 69.37,2023-09-26
MITCON,EQ, 26-Sep-2023,80.0,80.55,81.45,78.9, 80.75,80.95,80.61,67901,54.73,465, 62095, 91.45,2023-09-26
MKPL,EQ, 26-Sep-2023,842.1,842.9,860.0,842.0, 855.00,858.4,855.54,47453,405.98,1757, 28277, 59.59,2023-09-26
MMFL,EQ, 26-Sep-2023,880.55,872.05,873.95,845.3, 867.10,866.05,858.89,81108,696.63,11155, 38211, 47.11,2023-09-26
MMTC,EQ, 26-Sep-2023,59.6,60.1,60.4,58.0, 58.45,58.3,58.79,3036767,1785.43,12882, 1235814, 40.70,2023-09-26
MOGSEC,EQ, 26-Sep-2023,52.85,52.85,52.91,52.77, 52.90,52.85,52.84,10351,5.47,19, 9644, 93.17,2023-09-26
MOHEALTH,EQ, 26-Sep-2023,27.99,28.56,28.81,27.99, 28.81,28.6,28.42,8338,2.37,74, 5859, 70.27,2023-09-26
MOHITIND,EQ, 26-Sep-2023,14.7,14.9,17.6,14.35, 17.60,17.6,17.33,918652,159.17,2575, 359659, 39.15,2023-09-26
MOIL,EQ, 26-Sep-2023,212.7,212.0,219.75,211.8, 216.70,215.45,216.6,398116,862.33,9894, 147124, 36.96,2023-09-26
MOL,EQ, 26-Sep-2023,79.75,80.25,81.85,79.4, 80.10,80.05,80.5,938944,755.83,5653, 339611, 36.17,2023-09-26
MOLDTECH,EQ, 26-Sep-2023,353.3,350.2,361.9,347.35, 350.80,351.1,355.35,41618,147.89,3362, 19495, 46.84,2023-09-26
MOLDTKPAC,EQ, 26-Sep-2023,910.15,918.55,918.55,904.1, 905.00,905.25,909.11,39701,360.92,6034, 26801, 67.51,2023-09-26
MOLOWVOL,EQ, 26-Sep-2023,28.56,28.44,28.64,28.42, 28.61,28.61,28.59,48425,13.84,34, 48175, 99.48,2023-09-26
MOM100,EQ, 26-Sep-2023,42.92,43.49,43.49,42.75, 42.75,43.0,43.05,117063,50.4,1110, 81056, 69.24,2023-09-26
MOM50,EQ, 26-Sep-2023,200.44,200.0,200.21,199.01, 199.95,199.75,199.78,470,0.94,46, 414, 88.09,2023-09-26
MOMENTUM,EQ, 26-Sep-2023,23.02,23.35,23.35,22.97, 23.13,23.13,23.15,79830,18.48,68, 78523, 98.36,2023-09-26
MOMOMENTUM,EQ, 26-Sep-2023,46.05,46.15,46.29,45.72, 45.72,45.94,46.2,9757,4.51,148, 7296, 74.78,2023-09-26
MON100,EQ, 26-Sep-2023,120.07,120.4,120.94,119.72, 120.05,120.06,120.1,315512,378.95,4478, 169912, 53.85,2023-09-26
MONARCH,EQ, 26-Sep-2023,334.55,334.4,338.9,331.05, 337.00,336.85,336.03,428561,1440.09,7323, 111382, 25.99,2023-09-26
MONQ50,EQ, 26-Sep-2023,53.46,53.46,53.54,52.95, 53.30,53.33,53.21,7977,4.24,216, 4498, 56.39,2023-09-26
MONTECARLO,EQ, 26-Sep-2023,781.55,785.0,789.95,771.15, 775.00,777.55,778.25,24155,187.99,2379, 12380, 51.25,2023-09-26
MOQUALITY,EQ, 26-Sep-2023,137.98,138.26,138.36,138.25, 138.25,138.25,138.26,1108,1.53,6, 1098, 99.10,2023-09-26
MORARJEE,EQ, 26-Sep-2023,21.3,21.15,21.6,21.0, 21.10,21.15,21.32,34312,7.32,209, 23287, 67.87,2023-09-26
MOREPENLAB,EQ, 26-Sep-2023,36.35,36.45,36.8,36.3, 36.40,36.45,36.52,1212303,442.71,3724, 415334, 34.26,2023-09-26
MOTHERSON,EQ, 26-Sep-2023,96.8,96.8,97.75,96.6, 97.45,97.45,97.23,5779180,5619.05,31609, 2970090, 51.39,2023-09-26
MOTILALOFS,EQ, 26-Sep-2023,852.85,853.3,868.0,845.75, 851.00,858.75,855.09,108727,929.72,8737, 71731, 65.97,2023-09-26
MOVALUE,EQ, 26-Sep-2023,63.81,63.44,64.06,63.44, 63.63,63.62,63.8,14339,9.15,65, 11321, 78.95,2023-09-26
MPHASIS,EQ, 26-Sep-2023,2493.4,2492.5,2492.5,2414.0, 2441.05,2441.45,2444.97,435785,10654.81,30139, 195387, 44.84,2023-09-26
MPSLTD,EQ, 26-Sep-2023,1584.5,1594.9,1624.1,1538.0, 1541.00,1546.0,1561.38,22932,358.06,3560, 9238, 40.28,2023-09-26
MRF,EQ, 26-Sep-2023,109360.2,109300.0,109979.95,108981.45, 109920.00,109719.6,109535.42,3557,3896.17,2451, 938, 26.37,2023-09-26
MRO-TEK,EQ, 26-Sep-2023,61.1,61.85,62.7,60.3, 61.90,60.9,61.27,11909,7.3,365, 4270, 35.86,2023-09-26
MRPL,EQ, 26-Sep-2023,93.1,93.6,95.3,93.0, 93.55,93.3,94.14,3080436,2899.96,12271, 1083333, 35.17,2023-09-26
MSTCLTD,EQ, 26-Sep-2023,398.05,400.15,409.0,400.15, 402.50,401.95,404.51,137102,554.6,5997, 54332, 39.63,2023-09-26
MSUMI,EQ, 26-Sep-2023,63.85,64.2,64.4,63.2, 63.50,63.3,63.72,2600082,1656.74,20775, 1412895, 54.34,2023-09-26
MTARTECH,EQ, 26-Sep-2023,2396.75,2404.35,2590.0,2404.0, 2590.00,2561.9,2515.35,975708,24542.44,59418, 212672, 21.80,2023-09-26
MTNL,EQ, 26-Sep-2023,31.2,31.45,32.85,29.9, 31.85,32.05,31.41,20080668,6307.37,29047, 4168978, 20.76,2023-09-26
MUKANDLTD,EQ, 26-Sep-2023,169.45,169.8,172.8,168.4, 171.00,171.2,171.06,173436,296.67,5070, 90278, 52.05,2023-09-26
MUKTAARTS,EQ, 26-Sep-2023,62.0,63.5,64.05,61.5, 63.95,62.35,62.88,29644,18.64,546, 16823, 56.75,2023-09-26
MUNJALAU,EQ, 26-Sep-2023,56.6,57.0,57.3,56.25, 56.45,56.4,56.69,71660,40.63,872, 40464, 56.47,2023-09-26
MUNJALSHOW,EQ, 26-Sep-2023,147.05,147.25,148.65,145.7, 147.60,146.85,147.18,45138,66.44,1353, 23621, 52.33,2023-09-26
MURUDCERA,EQ, 26-Sep-2023,49.3,48.7,50.2,47.65, 48.50,48.45,49.09,219861,107.94,2072, 108592, 49.39,2023-09-26
MUTHOOTCAP,EQ, 26-Sep-2023,411.85,414.2,418.25,409.2, 414.50,413.5,414.67,43782,181.55,3994, 24242, 55.37,2023-09-26
MUTHOOTFIN,EQ, 26-Sep-2023,1261.25,1257.1,1265.4,1232.1, 1244.00,1236.8,1246.6,493170,6147.85,27657, 189758, 38.48,2023-09-26
NACLIND,EQ, 26-Sep-2023,80.95,80.3,81.45,80.0, 81.00,80.8,80.52,52766,42.49,920, 30119, 57.08,2023-09-26
NAGAFERT,EQ, 26-Sep-2023,8.55,8.6,8.65,8.5, 8.60,8.55,8.58,714107,61.24,905, 490799, 68.73,2023-09-26
NAGREEKEXP,EQ, 26-Sep-2023,49.3,48.45,50.85,48.45, 49.50,50.15,50.0,37439,18.72,402, 14977, 40.00,2023-09-26
NAHARCAP,EQ, 26-Sep-2023,312.25,315.15,319.9,313.05, 314.00,315.45,316.46,3305,10.46,533, 1230, 37.22,2023-09-26
NAHARINDUS,EQ, 26-Sep-2023,136.9,137.0,138.45,134.2, 135.25,134.75,135.99,75846,103.15,2176, 33939, 44.75,2023-09-26
NAHARPOLY,EQ, 26-Sep-2023,253.1,252.7,265.0,250.4, 253.00,253.2,259.49,71610,185.82,4126, 29473, 41.16,2023-09-26
NAHARSPING,EQ, 26-Sep-2023,264.2,265.0,267.65,263.3, 265.00,264.8,264.99,11953,31.67,1057, 6652, 55.65,2023-09-26
NAM-INDIA,EQ, 26-Sep-2023,329.7,329.9,334.85,328.2, 331.20,330.9,331.68,315726,1047.19,16565, 180131, 57.05,2023-09-26
NARMADA,EQ, 26-Sep-2023,19.4,19.55,19.7,19.5, 19.50,19.5,19.53,7038,1.37,166, 6172, 87.70,2023-09-26
NATCOPHARM,EQ, 26-Sep-2023,848.5,853.0,878.7,850.75, 873.05,871.6,872.13,415943,3627.55,38871, 191068, 45.94,2023-09-26
NATHBIOGEN,EQ, 26-Sep-2023,203.9,206.0,211.1,205.05, 207.75,207.75,208.8,36748,76.73,2008, 21960, 59.76,2023-09-26
NATIONALUM,EQ, 26-Sep-2023,93.25,93.5,94.85,92.8, 93.10,93.15,93.75,4818399,4517.19,15694, 1477239, 30.66,2023-09-26
NAUKRI,EQ, 26-Sep-2023,4260.65,4240.0,4278.0,4218.8, 4237.00,4238.45,4239.99,312246,13239.19,23218, 207681, 66.51,2023-09-26
NAVA,EQ, 26-Sep-2023,441.95,441.9,447.8,437.3, 439.40,439.1,442.2,226850,1003.13,7536, 93394, 41.17,2023-09-26
NAVINFLUOR,EQ, 26-Sep-2023,4451.05,4475.0,4477.95,4415.0, 4443.00,4440.95,4439.55,90454,4015.75,17155, 50195, 55.49,2023-09-26
NAVINIFTY,EQ, 26-Sep-2023,200.88,200.31,200.31,196.0, 196.30,196.36,197.74,1233,2.44,84, 648, 52.55,2023-09-26
NAVKARCORP,EQ, 26-Sep-2023,60.35,60.35,62.6,60.0, 61.20,60.95,61.46,846579,520.31,4339, 413680, 48.86,2023-09-26
NAVNETEDUL,EQ, 26-Sep-2023,154.1,152.55,155.55,152.55, 154.40,153.85,153.95,109142,168.02,2566, 55370, 50.73,2023-09-26
NAZARA,EQ, 26-Sep-2023,848.6,845.0,864.95,836.05, 840.00,841.0,850.03,432680,3677.92,25243, 146904, 33.95,2023-09-26
NBCC,EQ, 26-Sep-2023,57.65,57.65,58.3,57.15, 57.20,57.45,57.67,14276216,8233.3,22238, 4241388, 29.71,2023-09-26
NBIFIN,EQ, 26-Sep-2023,1766.5,1836.8,1836.8,1780.0, 1793.00,1788.65,1794.23,42,0.75,35, 23, 54.76,2023-09-26
NCC,EQ, 26-Sep-2023,148.85,149.6,160.9,149.4, 159.95,159.45,156.26,19729395,30829.17,97980, 7142086, 36.20,2023-09-26
NCLIND,EQ, 26-Sep-2023,216.6,216.6,222.9,216.6, 222.00,221.45,220.08,157767,347.21,4388, 94245, 59.74,2023-09-26
NDGL,EQ, 26-Sep-2023,1784.9,1818.35,1820.0,1740.0, 1755.00,1748.35,1788.12,2228,39.84,102, 1989, 89.27,2023-09-26
NDL,EQ, 26-Sep-2023,23.75,24.4,24.4,23.5, 23.55,23.75,23.85,122947,29.32,543, 79074, 64.32,2023-09-26
NDTV,EQ, 26-Sep-2023,214.6,214.6,216.0,209.8, 212.50,211.25,212.82,134746,286.77,2611, 92542, 68.68,2023-09-26
NECCLTD,EQ, 26-Sep-2023,21.9,22.5,23.4,22.05, 23.05,23.2,22.81,668875,152.58,2325, 346295, 51.77,2023-09-26
NECLIFE,EQ, 26-Sep-2023,25.35,25.4,25.6,24.55, 24.65,24.75,25.02,188733,47.23,871, 118203, 62.63,2023-09-26
NELCAST,EQ, 26-Sep-2023,154.45,155.75,161.45,151.0, 154.20,153.9,156.25,1371574,2143.09,16916, 304027, 22.17,2023-09-26
NELCO,EQ, 26-Sep-2023,786.8,790.85,793.8,783.0, 785.50,785.2,787.35,34530,271.87,3167, 14228, 41.20,2023-09-26
NEOGEN,EQ, 26-Sep-2023,1714.35,1714.35,1743.0,1701.05, 1736.00,1733.6,1728.22,30320,524.0,4209, 19461, 64.19,2023-09-26
NESCO,EQ, 26-Sep-2023,688.95,683.15,698.35,683.15, 685.40,687.45,690.6,34559,238.66,4204, 16963, 49.08,2023-09-26
NESTLEIND,EQ, 26-Sep-2023,22638.75,22700.0,23062.9,22596.05, 22980.00,23005.55,22896.78,66001,15112.1,22327, 35150, 53.26,2023-09-26
NETF,EQ, 26-Sep-2023,207.54,210.97,210.97,207.01, 207.79,207.25,207.58,1211,2.51,54, 523, 43.19,2023-09-26
NETWEB,EQ, 26-Sep-2023,804.05,807.05,808.0,795.0, 803.05,804.2,802.26,62246,499.37,5516, 40947, 65.78,2023-09-26
NETWORK18,EQ, 26-Sep-2023,65.95,65.95,66.1,64.1, 64.45,64.5,64.58,2190998,1415.01,16769, 989535, 45.16,2023-09-26
NEULANDLAB,EQ, 26-Sep-2023,3811.3,3830.05,3850.0,3749.65, 3756.00,3782.15,3816.85,25361,967.99,5977, 13332, 52.57,2023-09-26
NEWGEN,EQ, 26-Sep-2023,860.15,862.0,882.0,853.45, 873.60,873.05,864.58,183633,1587.65,9552, 145444, 79.20,2023-09-26
NEXT50,EQ, 26-Sep-2023,456.64,456.94,457.99,456.21, 456.21,456.59,457.08,940,4.3,21, 661, 70.32,2023-09-26
NEXTMEDIA,EQ, 26-Sep-2023,5.45,5.5,5.55,5.4, 5.50,5.5,5.46,2525,0.14,24, 1767, 69.98,2023-09-26
NFL,EQ, 26-Sep-2023,73.6,73.6,74.8,72.5, 72.70,72.75,73.5,3433095,2523.26,10728, 1287355, 37.50,2023-09-26
NGLFINE,EQ, 26-Sep-2023,2001.25,2007.85,2060.0,1992.75, 2008.00,2023.15,2012.44,2758,55.5,825, 1726, 62.58,2023-09-26
NH,EQ, 26-Sep-2023,1062.05,1062.05,1085.7,1058.65, 1066.00,1067.8,1073.03,198471,2129.65,17802, 94746, 47.74,2023-09-26
NHPC,EQ, 26-Sep-2023,52.25,52.4,52.8,51.45, 51.60,51.6,52.04,21271205,11070.0,47249, 10865860, 51.08,2023-09-26
NIACL,EQ, 26-Sep-2023,140.05,139.95,140.8,137.35, 138.55,138.1,138.61,788613,1093.11,6634, 351838, 44.61,2023-09-26
NIF100BEES,EQ, 26-Sep-2023,204.68,205.19,205.35,204.1, 205.08,204.95,204.82,9018,18.47,222, 4268, 47.33,2023-09-26
NIFMID150,EQ, 26-Sep-2023,150.25,150.25,152.0,150.25, 150.71,150.71,150.49,105,0.16,10, 102, 97.14,2023-09-26
NIFTYBEES,EQ, 26-Sep-2023,216.8,217.92,217.92,215.18, 216.68,216.57,216.81,1330688,2885.1,17569, 989095, 74.33,2023-09-26
NIFTYETF,EQ, 26-Sep-2023,207.55,207.5,207.8,206.94, 207.45,207.43,207.45,74377,154.3,480, 69581, 93.55,2023-09-26
NIFTYQLITY,EQ, 26-Sep-2023,16.7,16.7,16.76,16.64, 16.72,16.74,16.74,110746,18.54,260, 99047, 89.44,2023-09-26
NIITLTD,EQ, 26-Sep-2023,118.6,119.6,130.45,119.0, 128.20,129.3,127.64,2716472,3467.39,17162, 1047053, 38.54,2023-09-26
NIITMTS,EQ, 26-Sep-2023,400.1,402.95,429.95,398.4, 416.00,418.95,410.52,382479,1570.16,34009, 176805, 46.23,2023-09-26
NILKAMAL,EQ, 26-Sep-2023,2302.0,2300.5,2317.45,2282.55, 2282.55,2292.2,2301.16,1282,29.5,474, 637, 49.69,2023-09-26
NINSYS,EQ, 26-Sep-2023,330.15,336.0,345.9,316.5, 344.60,333.5,325.27,7735,25.16,566, 4859, 62.82,2023-09-26
NITCO,EQ, 26-Sep-2023,19.1,19.25,19.5,18.9, 19.15,19.1,19.26,244042,47.0,774, 170010, 69.66,2023-09-26
NITINSPIN,EQ, 26-Sep-2023,278.25,278.25,287.0,276.95, 286.50,285.65,284.34,189413,538.58,5576, 142387, 75.17,2023-09-26
NKIND,EQ, 26-Sep-2023,38.9,38.95,39.85,37.0, 38.35,37.95,37.9,351,0.13,51, 165, 47.01,2023-09-26
NLCINDIA,EQ, 26-Sep-2023,135.2,135.2,135.4,132.0, 132.10,132.35,133.68,1044393,1396.11,13440, 577785, 55.32,2023-09-26
NMDC,EQ, 26-Sep-2023,143.1,143.05,146.85,142.25, 143.45,143.05,144.64,13813437,19980.12,50277, 4786331, 34.65,2023-09-26
NOCIL,EQ, 26-Sep-2023,231.9,231.9,239.35,231.9, 232.95,232.8,234.83,510450,1198.67,9540, 198777, 38.94,2023-09-26
NOIDATOLL,EQ, 26-Sep-2023,7.1,7.15,7.25,6.9, 6.95,6.95,7.04,269883,19.0,413, 215291, 79.77,2023-09-26
NOVARTIND,EQ, 26-Sep-2023,721.7,722.05,728.85,717.0, 719.95,718.2,719.98,11559,83.22,1318, 6702, 57.98,2023-09-26
NPBET,EQ, 26-Sep-2023,236.2,236.2,236.2,232.53, 232.53,233.22,235.4,2490,5.86,31, 2196, 88.19,2023-09-26
NRAIL,EQ, 26-Sep-2023,376.8,376.8,383.85,372.85, 377.90,376.55,378.66,11188,42.36,1932, 5087, 45.47,2023-09-26
NRBBEARING,EQ, 26-Sep-2023,274.5,276.7,292.0,271.1, 286.50,287.0,284.57,644750,1834.76,17289, 210747, 32.69,2023-09-26
NRL,EQ, 26-Sep-2023,94.75,94.75,95.75,94.0, 94.00,94.7,94.72,30950,29.32,422, 17728, 57.28,2023-09-26
NSIL,EQ, 26-Sep-2023,2538.45,2563.95,2594.9,2560.1, 2576.00,2570.95,2574.88,1023,26.34,298, 661, 64.61,2023-09-26
NSLNISP,EQ, 26-Sep-2023,52.0,52.3,53.6,51.7, 52.05,51.85,52.42,4233505,2219.19,16414, 2181081, 51.52,2023-09-26
NTPC,EQ, 26-Sep-2023,239.65,239.75,243.2,239.05, 240.20,240.2,241.55,10681642,25801.38,91153, 6333178, 59.29,2023-09-26
NUCLEUS,EQ, 26-Sep-2023,974.75,980.0,990.0,970.0, 970.65,972.65,980.06,30553,299.44,2811, 19719, 64.54,2023-09-26
NURECA,EQ, 26-Sep-2023,341.3,344.6,344.6,336.15, 336.60,338.15,339.18,14540,49.32,1353, 7422, 51.05,2023-09-26
NUVOCO,EQ, 26-Sep-2023,376.6,377.0,390.8,374.85, 380.30,381.05,384.52,817100,3141.91,20597, 394926, 48.33,2023-09-26
NV20BEES,EQ, 26-Sep-2023,118.1,118.5,120.0,117.71, 120.00,118.18,118.1,9355,11.05,182, 8048, 86.03,2023-09-26
NYKAA,EQ, 26-Sep-2023,142.55,142.95,146.8,142.0, 146.00,145.8,145.26,4591117,6668.86,35283, 2066262, 45.01,2023-09-26
OAL,EQ, 26-Sep-2023,357.7,361.1,363.95,352.35, 356.20,354.7,356.9,7878,28.12,734, 4896, 62.15,2023-09-26
OBCL,EQ, 26-Sep-2023,49.7,49.7,50.45,49.25, 49.70,49.7,49.98,16192,8.09,277, 9284, 57.34,2023-09-26
OBEROIRLTY,EQ, 26-Sep-2023,1134.35,1139.7,1141.65,1123.45, 1125.80,1125.75,1130.41,394803,4462.88,20174, 220524, 55.86,2023-09-26
OCCL,EQ, 26-Sep-2023,801.15,800.95,815.0,798.8, 810.00,811.65,806.92,3073,24.8,668, 1800, 58.57,2023-09-26
OFSS,EQ, 26-Sep-2023,4133.25,4132.05,4218.85,4125.25, 4130.05,4132.45,4159.23,40156,1670.18,6754, 15126, 37.67,2023-09-26
OIL,EQ, 26-Sep-2023,278.1,278.1,279.9,276.0, 276.40,276.15,276.7,498359,1378.96,17056, 309209, 62.05,2023-09-26
OLECTRA,EQ, 26-Sep-2023,1218.85,1218.9,1227.0,1202.0, 1207.95,1208.9,1213.38,173010,2099.27,11109, 86073, 49.75,2023-09-26
OMAXAUTO,EQ, 26-Sep-2023,57.25,57.55,58.5,57.15, 58.20,57.9,58.0,31775,18.43,395, 14719, 46.32,2023-09-26
OMAXE,EQ, 26-Sep-2023,50.1,50.25,56.0,49.9, 55.65,54.7,53.65,3762653,2018.71,13295, 1586872, 42.17,2023-09-26
ONELIFECAP,EQ, 26-Sep-2023,14.85,14.85,16.45,14.85, 16.20,15.7,15.6,347659,54.24,1420, 160411, 46.14,2023-09-26
ONGC,EQ, 26-Sep-2023,185.5,186.0,188.15,185.25, 187.95,187.75,186.9,12446655,23262.59,77820, 7667556, 61.60,2023-09-26
ONMOBILE,EQ, 26-Sep-2023,105.7,106.7,108.35,105.1, 106.00,106.1,106.65,623087,664.51,6407, 166513, 26.72,2023-09-26
ONWARDTEC,EQ, 26-Sep-2023,554.4,554.4,563.45,546.0, 548.70,548.65,551.71,62551,345.1,4194, 30116, 48.15,2023-09-26
OPTIEMUS,EQ, 26-Sep-2023,294.4,296.0,296.4,284.9, 289.00,288.15,289.52,153868,445.48,4910, 88441, 57.48,2023-09-26
ORIENTALTL,EQ, 26-Sep-2023,7.3,7.5,7.5,7.25, 7.45,7.35,7.37,25543,1.88,129, 17942, 70.24,2023-09-26
ORIENTBELL,EQ, 26-Sep-2023,460.95,460.0,468.4,460.0, 467.00,463.15,463.23,7493,34.71,715, 4840, 64.59,2023-09-26
ORIENTCEM,EQ, 26-Sep-2023,167.55,165.95,173.9,165.95, 173.50,173.55,172.47,1024808,1767.48,13716, 503846, 49.16,2023-09-26
ORIENTELEC,EQ, 26-Sep-2023,218.3,219.25,223.35,219.15, 223.05,222.7,221.68,279478,619.54,10569, 191629, 68.57,2023-09-26
ORIENTHOT,EQ, 26-Sep-2023,85.3,85.4,85.8,84.7, 85.05,85.1,85.17,123640,105.31,1416, 55301, 44.73,2023-09-26
ORIENTPPR,EQ, 26-Sep-2023,51.85,51.8,52.85,51.8, 52.35,52.3,52.34,939256,491.62,3898, 292831, 31.18,2023-09-26
ORISSAMINE,EQ, 26-Sep-2023,4634.2,4656.0,4750.0,4616.8, 4708.40,4697.9,4687.09,9955,466.6,3717, 4237, 42.56,2023-09-26
OSWALAGRO,EQ, 26-Sep-2023,35.85,36.2,36.8,35.0, 36.00,36.1,36.01,678630,244.39,3848, 267136, 39.36,2023-09-26
OSWALGREEN,EQ, 26-Sep-2023,26.25,26.4,26.45,25.5, 25.65,25.65,25.91,352483,91.32,1539, 219950, 62.40,2023-09-26
OSWALSEEDS,EQ, 26-Sep-2023,70.45,71.0,71.5,69.95, 70.95,70.65,70.74,129515,91.62,835, 36835, 28.44,2023-09-26
PAGEIND,EQ, 26-Sep-2023,39434.35,39434.35,39573.65,39011.0, 39130.00,39123.9,39261.96,17616,6916.39,4722, 11107, 63.05,2023-09-26
PAISALO,EQ, 26-Sep-2023,61.0,61.25,62.4,60.0, 60.70,60.4,60.86,329215,200.36,3085, 178991, 54.37,2023-09-26
PAKKA,EQ, 26-Sep-2023,232.85,234.75,236.35,223.6, 228.00,227.6,228.68,154826,354.05,6345, 78064, 50.42,2023-09-26
PALASHSECU,EQ, 26-Sep-2023,123.2,136.0,139.7,120.55, 121.00,121.55,131.21,177209,232.52,2859, 53805, 30.36,2023-09-26
PALREDTEC,EQ, 26-Sep-2023,148.2,151.8,151.8,146.0, 147.60,147.05,147.57,6719,9.91,425, 4242, 63.13,2023-09-26
PANACEABIO,EQ, 26-Sep-2023,160.55,160.0,164.25,154.65, 158.00,156.7,159.73,2834131,4527.01,47117, 446416, 15.75,2023-09-26
PANAMAPET,EQ, 26-Sep-2023,317.1,318.5,319.8,314.4, 315.00,315.7,317.0,78474,248.76,3705, 56550, 72.06,2023-09-26
PAR,EQ, 26-Sep-2023,195.25,201.0,201.0,197.6, 200.05,200.45,200.09,13607,27.23,294, 11316, 83.16,2023-09-26
PARADEEP,EQ, 26-Sep-2023,71.55,71.45,73.25,71.35, 71.85,71.7,72.02,1792615,1291.02,7950, 806741, 45.00,2023-09-26
PARAGMILK,EQ, 26-Sep-2023,196.95,195.2,203.0,195.2, 198.00,197.7,198.5,390309,774.78,6604, 177273, 45.42,2023-09-26
PARAS,EQ, 26-Sep-2023,716.45,718.6,749.0,718.0, 740.90,740.7,739.51,485925,3593.44,21068, 107500, 22.12,2023-09-26
PARSVNATH,EQ, 26-Sep-2023,12.25,12.55,13.6,12.4, 13.05,13.15,12.99,13670579,1775.49,14103, 3338925, 24.42,2023-09-26
PASUPTAC,EQ, 26-Sep-2023,36.5,36.7,36.7,35.45, 35.50,35.55,35.9,70350,25.25,735, 37546, 53.37,2023-09-26
PATELENG,EQ, 26-Sep-2023,52.4,52.4,52.9,51.7, 51.80,51.8,52.2,1810471,945.01,10914, 1332631, 73.61,2023-09-26
PAVNAIND,EQ, 26-Sep-2023,427.15,435.05,435.1,410.5, 411.25,415.65,421.42,4998,21.06,898, 3012, 60.26,2023-09-26
PAYTM,EQ, 26-Sep-2023,848.45,845.0,856.8,842.4, 850.90,852.3,851.26,869703,7403.46,31728, 298251, 34.29,2023-09-26
PCBL,EQ, 26-Sep-2023,160.9,161.55,171.0,161.55, 167.60,167.1,167.68,4565486,7655.2,35007, 1413729, 30.97,2023-09-26
PCJEWELLER,EQ, 26-Sep-2023,26.6,26.6,26.75,26.35, 26.40,26.45,26.51,1172861,310.87,4263, 813483, 69.36,2023-09-26
PDMJEPAPER,EQ, 26-Sep-2023,52.05,52.4,53.5,51.45, 52.65,52.85,52.57,540780,284.3,2765, 252178, 46.63,2023-09-26
PDSL,EQ, 26-Sep-2023,432.5,434.75,447.95,432.3, 447.95,443.35,440.76,62127,273.83,4921, 27624, 44.46,2023-09-26
PEARLPOLY,EQ, 26-Sep-2023,25.5,25.65,26.3,25.6, 26.00,25.7,25.96,42531,11.04,752, 18663, 43.88,2023-09-26
PEL,EQ, 26-Sep-2023,1064.0,1063.95,1068.8,1041.45, 1044.00,1043.3,1052.3,698056,7345.61,24347, 218495, 31.30,2023-09-26
PENIND,EQ, 26-Sep-2023,108.15,108.7,110.45,107.25, 109.00,109.0,109.07,560936,611.82,5834, 230019, 41.01,2023-09-26
PENINLAND,EQ, 26-Sep-2023,31.05,30.8,31.75,30.45, 30.55,30.75,31.11,342401,106.53,1597, 175620, 51.29,2023-09-26
PERSISTENT,EQ, 26-Sep-2023,5917.35,5913.7,5944.7,5838.75, 5865.00,5859.05,5866.19,185094,10857.97,27540, 71664, 38.72,2023-09-26
PETRONET,EQ, 26-Sep-2023,239.4,239.35,242.2,239.0, 240.25,240.25,240.74,1266590,3049.22,16113, 681442, 53.80,2023-09-26
PFC,EQ, 26-Sep-2023,238.2,238.2,239.15,232.9, 235.35,234.4,235.89,10324176,24353.53,75194, 3712137, 35.96,2023-09-26
PFIZER,EQ, 26-Sep-2023,3838.4,3840.0,3875.95,3840.0, 3862.40,3858.65,3860.27,11228,433.43,2490, 6071, 54.07,2023-09-26
PFOCUS,EQ, 26-Sep-2023,93.35,95.6,96.6,93.05, 95.00,93.95,95.04,204855,194.7,2549, 104044, 50.79,2023-09-26
PFS,EQ, 26-Sep-2023,29.75,30.1,30.2,29.3, 29.85,29.95,29.85,2783694,830.84,7608, 1352149, 48.57,2023-09-26
PGEL,EQ, 26-Sep-2023,1771.8,1771.8,1794.55,1762.7, 1775.00,1770.7,1773.89,39245,696.16,9031, 17698, 45.10,2023-09-26
PGHH,EQ, 26-Sep-2023,17562.8,17600.0,17815.3,17531.15, 17600.00,17715.7,17636.49,13878,2447.59,2738, 10098, 72.76,2023-09-26
PGHL,EQ, 26-Sep-2023,4959.8,4980.0,4984.35,4902.55, 4978.00,4974.3,4954.16,7268,360.07,2422, 4611, 63.44,2023-09-26
PGIL,EQ, 26-Sep-2023,984.05,995.0,998.9,965.5, 980.70,981.7,983.89,29897,294.15,4303, 15394, 51.49,2023-09-26
PHARMABEES,EQ, 26-Sep-2023,15.26,15.35,15.35,15.22, 15.25,15.23,15.26,1075119,164.12,3550, 789410, 73.43,2023-09-26
PHOENIXLTD,EQ, 26-Sep-2023,1786.3,1795.0,1841.95,1765.0, 1831.05,1831.4,1809.74,235742,4266.33,25751, 150728, 63.94,2023-09-26
PIDILITIND,EQ, 26-Sep-2023,2494.5,2488.2,2506.0,2488.2, 2500.00,2501.8,2500.63,128154,3204.66,12757, 70467, 54.99,2023-09-26
PIIND,EQ, 26-Sep-2023,3393.2,3403.95,3430.0,3396.1, 3413.00,3406.35,3410.65,242797,8280.96,21496, 152248, 62.71,2023-09-26
PILANIINVS,EQ, 26-Sep-2023,2193.7,2211.2,2220.0,2180.0, 2182.00,2186.55,2199.03,3531,77.65,735, 2170, 61.46,2023-09-26
PIONEEREMB,EQ, 26-Sep-2023,50.4,50.5,51.25,49.5, 49.60,49.7,50.21,18364,9.22,224, 13611, 74.12,2023-09-26
PITTIENG,EQ, 26-Sep-2023,591.15,586.7,606.65,586.7, 597.05,596.6,597.22,28383,169.51,4201, 11894, 41.91,2023-09-26
PIXTRANS,EQ, 26-Sep-2023,1076.45,1087.95,1097.95,1081.05, 1084.20,1089.15,1088.69,5043,54.9,1223, 2207, 43.76,2023-09-26
PLASTIBLEN,EQ, 26-Sep-2023,232.4,233.75,240.0,229.0, 236.90,235.1,235.22,16540,38.91,721, 12149, 73.45,2023-09-26
PNB,EQ, 26-Sep-2023,80.2,80.2,81.35,79.05, 79.25,79.35,80.09,81418694,65204.6,158840, 20043403, 24.62,2023-09-26
PNBGILTS,EQ, 26-Sep-2023,78.25,78.45,82.2,78.45, 79.55,79.55,80.16,4693169,3762.1,17969, 1188321, 25.32,2023-09-26
PNBHOUSING,EQ, 26-Sep-2023,659.9,662.5,674.8,652.2, 656.60,655.5,660.24,300979,1987.2,15859, 127233, 42.27,2023-09-26
PNC,EQ, 26-Sep-2023,38.05,37.55,38.75,37.55, 38.15,38.05,38.2,30723,11.74,728, 14121, 45.96,2023-09-26
PNCINFRA,EQ, 26-Sep-2023,368.2,370.2,378.9,368.35, 369.55,369.7,374.67,720901,2701.01,20630, 352713, 48.93,2023-09-26
POCL,EQ, 26-Sep-2023,442.55,444.5,447.8,436.2, 441.95,441.2,441.11,31321,138.16,3190, 14082, 44.96,2023-09-26
PODDARHOUS,EQ, 26-Sep-2023,105.6,109.25,109.25,105.05, 106.70,106.4,106.93,20422,21.84,1665, 6910, 33.84,2023-09-26
PODDARMENT,EQ, 26-Sep-2023,349.7,348.1,353.0,340.0, 340.00,342.3,344.91,2963,10.22,307, 2091, 70.57,2023-09-26
POKARNA,EQ, 26-Sep-2023,467.4,469.9,481.3,451.95, 455.50,456.75,465.17,104972,488.3,13463, 34582, 32.94,2023-09-26
POLICYBZR,EQ, 26-Sep-2023,742.25,735.15,753.9,735.0, 749.90,749.85,748.9,1137646,8519.84,36227, 922275, 81.07,2023-09-26
POLYCAB,EQ, 26-Sep-2023,5206.6,5212.05,5227.95,5119.3, 5150.00,5139.05,5147.98,382174,19674.24,39778, 171779, 44.95,2023-09-26
POLYMED,EQ, 26-Sep-2023,1378.65,1380.0,1415.95,1375.15, 1385.00,1385.95,1390.15,31881,443.19,5808, 13098, 41.08,2023-09-26
POLYPLEX,EQ, 26-Sep-2023,1147.6,1147.6,1204.4,1147.6, 1181.10,1179.35,1184.73,205141,2430.36,20163, 60328, 29.41,2023-09-26
PONNIERODE,EQ, 26-Sep-2023,435.2,435.8,439.95,425.2, 428.00,429.1,430.87,28263,121.78,3206, 9440, 33.40,2023-09-26
POONAWALLA,EQ, 26-Sep-2023,371.0,374.1,383.1,374.1, 378.90,378.15,379.04,1666027,6314.97,24384, 586247, 35.19,2023-09-26
POWERGRID,EQ, 26-Sep-2023,198.9,199.1,200.05,197.6, 198.50,198.35,198.78,7440011,14789.48,69936, 4496375, 60.44,2023-09-26
POWERINDIA,EQ, 26-Sep-2023,4183.55,4204.45,4229.95,4117.6, 4135.00,4130.0,4164.93,16108,670.89,4392, 8002, 49.68,2023-09-26
POWERMECH,EQ, 26-Sep-2023,4125.5,4140.0,4140.0,4025.05, 4130.00,4100.9,4079.54,22207,905.94,4988, 13845, 62.35,2023-09-26
PPAP,EQ, 26-Sep-2023,243.45,247.0,250.5,242.35, 246.00,244.1,245.8,9004,22.13,538, 5182, 57.55,2023-09-26
PPL,EQ, 26-Sep-2023,257.85,257.05,264.25,257.05, 264.10,262.85,261.3,54950,143.59,3281, 27671, 50.36,2023-09-26
PPLPHARMA,EQ, 26-Sep-2023,97.0,97.0,97.75,94.8, 95.40,95.25,96.05,4390006,4216.58,20031, 2241335, 51.06,2023-09-26
PRAENG,EQ, 26-Sep-2023,13.65,13.9,13.95,13.5, 13.70,13.55,13.69,90387,12.37,630, 59579, 65.92,2023-09-26
PRAJIND,EQ, 26-Sep-2023,588.75,591.0,601.45,581.3, 586.80,586.5,591.36,1325522,7838.61,29316, 398544, 30.07,2023-09-26
PRAKASH,EQ, 26-Sep-2023,137.85,138.3,141.8,137.15, 138.70,139.3,139.75,958557,1339.57,8492, 512694, 53.49,2023-09-26
PRECAM,EQ, 26-Sep-2023,283.45,283.95,289.85,280.4, 281.40,281.3,284.36,116307,330.73,6377, 45523, 39.14,2023-09-26
PRECOT,EQ, 26-Sep-2023,229.45,234.0,234.0,220.55, 225.10,226.05,225.15,11070,24.92,271, 7635, 68.97,2023-09-26
PRECWIRE,EQ, 26-Sep-2023,119.75,120.65,127.7,119.0, 124.80,125.4,124.88,1834669,2291.22,15724, 632712, 34.49,2023-09-26
PRESTIGE,EQ, 26-Sep-2023,609.65,609.95,618.15,600.7, 602.35,604.55,608.0,221485,1346.64,15921, 107465, 48.52,2023-09-26
PRICOLLTD,EQ, 26-Sep-2023,320.35,320.8,325.0,319.0, 320.40,320.05,322.04,180814,582.3,6471, 81174, 44.89,2023-09-26
PRIMESECU,EQ, 26-Sep-2023,146.35,148.5,148.55,145.2, 146.80,147.05,147.89,121898,180.27,516, 112668, 92.43,2023-09-26
PRINCEPIPE,EQ, 26-Sep-2023,700.25,703.9,724.45,702.05, 708.00,706.55,714.54,178984,1278.92,13012, 67536, 37.73,2023-09-26
PRITI,EQ, 26-Sep-2023,167.2,167.95,168.95,165.6, 166.50,166.0,166.63,30718,51.18,1028, 22062, 71.82,2023-09-26
PRIVISCL,EQ, 26-Sep-2023,1226.0,1236.0,1246.85,1215.6, 1221.45,1233.6,1233.0,19610,241.79,2062, 10118, 51.60,2023-09-26
PROZONER,EQ, 26-Sep-2023,28.85,29.0,32.2,28.65, 31.60,31.35,31.17,4639069,1446.22,8404, 1474470, 31.78,2023-09-26
PRSMJOHNSN,EQ, 26-Sep-2023,127.2,127.35,132.35,127.35, 131.45,130.8,130.39,292387,381.23,5410, 154922, 52.99,2023-09-26
PRUDENT,EQ, 26-Sep-2023,1161.55,1176.95,1177.95,1120.35, 1137.00,1129.2,1139.73,15400,175.52,3188, 7670, 49.81,2023-09-26
PSB,EQ, 26-Sep-2023,45.5,45.8,46.55,45.15, 45.70,45.65,45.86,5553556,2546.83,13335, 1443817, 26.00,2023-09-26
PSPPROJECT,EQ, 26-Sep-2023,796.75,800.0,804.35,792.35, 795.70,797.35,797.23,25997,207.25,3985, 14466, 55.64,2023-09-26
PSUBANKICI,EQ, 26-Sep-2023,52.38,52.64,52.75,51.94, 52.19,52.12,52.36,48848,25.58,413, 30823, 63.10,2023-09-26
PSUBNKBEES,EQ, 26-Sep-2023,57.99,58.5,58.5,57.5, 57.68,57.72,58.0,1100619,638.41,4449, 683734, 62.12,2023-09-26
PTC,EQ, 26-Sep-2023,133.85,134.7,136.25,133.45, 133.55,133.9,134.85,1053931,1421.23,10409, 511595, 48.54,2023-09-26
PTCIL,EQ, 26-Sep-2023,5420.2,5491.55,5550.0,5400.25, 5450.00,5452.2,5439.81,2090,113.69,778, 1505, 72.01,2023-09-26
PTL,EQ, 26-Sep-2023,41.0,41.0,41.25,39.35, 40.15,39.85,40.1,488168,195.77,2804, 298441, 61.13,2023-09-26
PUNJABCHEM,EQ, 26-Sep-2023,1071.25,1083.5,1098.25,1042.5, 1089.00,1088.4,1062.99,28482,302.76,3372, 12454, 43.73,2023-09-26
PURVA,EQ, 26-Sep-2023,111.25,111.7,114.5,111.15, 112.35,112.05,112.81,262458,296.08,3590, 114956, 43.80,2023-09-26
PVRINOX,EQ, 26-Sep-2023,1715.45,1715.45,1724.25,1683.0, 1690.80,1687.95,1698.9,424185,7206.47,20704, 273723, 64.53,2023-09-26
PYRAMID,EQ, 26-Sep-2023,164.7,165.95,167.5,163.9, 165.70,164.45,164.9,78857,130.03,3315, 45315, 57.46,2023-09-26
QGOLDHALF,EQ, 26-Sep-2023,50.0,49.77,50.42,49.61, 49.78,49.79,49.84,12603,6.28,191, 2655, 21.07,2023-09-26
QNIFTY,EQ, 26-Sep-2023,2100.88,2104.01,2104.01,2096.01, 2100.00,2100.01,2100.12,431,9.05,50, 345, 80.05,2023-09-26
QUESS,EQ, 26-Sep-2023,421.0,421.0,423.65,418.5, 421.40,420.55,420.58,107748,453.16,6382, 51909, 48.18,2023-09-26
QUICKHEAL,EQ, 26-Sep-2023,237.6,234.75,241.2,233.0, 238.00,236.3,236.42,136185,321.97,4512, 41735, 30.65,2023-09-26
RACE,EQ, 26-Sep-2023,260.5,262.3,264.95,255.7, 260.00,259.7,259.13,48866,126.63,529, 45237, 92.57,2023-09-26
RADHIKAJWE,EQ, 26-Sep-2023,37.4,37.1,37.6,36.95, 37.10,37.2,37.34,191890,71.66,1608, 131364, 68.46,2023-09-26
RADIANTCMS,EQ, 26-Sep-2023,92.7,93.15,93.85,92.7, 93.00,92.9,93.16,204542,190.54,1734, 142702, 69.77,2023-09-26
RADICO,EQ, 26-Sep-2023,1158.35,1165.0,1182.0,1161.1, 1170.30,1169.85,1172.7,126487,1483.31,13959, 70990, 56.12,2023-09-26
RADIOCITY,EQ, 26-Sep-2023,14.95,15.15,15.15,14.45, 14.45,14.55,14.74,725278,106.89,1774, 479908, 66.17,2023-09-26
RAILTEL,EQ, 26-Sep-2023,228.0,228.0,233.5,223.75, 225.10,224.8,227.96,2961254,6750.46,22111, 941490, 31.79,2023-09-26
RAIN,EQ, 26-Sep-2023,166.15,166.85,168.85,164.4, 166.05,166.15,166.33,798571,1328.25,10079, 336651, 42.16,2023-09-26
RAINBOW,EQ, 26-Sep-2023,1033.95,1034.5,1052.5,1026.0, 1034.35,1035.75,1042.16,173262,1805.67,17750, 89207, 51.49,2023-09-26
RAJESHEXPO,EQ, 26-Sep-2023,504.2,505.2,511.9,505.2, 509.40,507.1,508.03,277349,1409.02,13197, 139986, 50.47,2023-09-26
RAJRATAN,EQ, 26-Sep-2023,751.65,759.15,759.15,743.1, 755.00,749.0,752.71,29589,222.72,2945, 22029, 74.45,2023-09-26
RAJTV,EQ, 26-Sep-2023,49.6,51.4,51.5,49.0, 51.50,50.8,50.48,22598,11.41,649, 16880, 74.70,2023-09-26
RALLIS,EQ, 26-Sep-2023,214.95,216.1,218.8,214.0, 214.15,215.1,215.93,381947,824.72,8047, 194292, 50.87,2023-09-26
RAMANEWS,EQ, 26-Sep-2023,15.4,15.5,15.5,15.05, 15.05,15.1,15.17,130187,19.75,379, 81405, 62.53,2023-09-26
RAMAPHO,EQ, 26-Sep-2023,235.6,237.6,238.65,234.4, 236.70,236.2,235.89,8778,20.71,740, 5847, 66.61,2023-09-26
RAMASTEEL,EQ, 26-Sep-2023,37.05,37.15,37.3,36.0, 36.05,36.0,36.09,25974049,9374.48,10950, 14922429, 57.45,2023-09-26
RAMCOCEM,EQ, 26-Sep-2023,904.8,909.9,935.0,904.95, 929.45,929.7,925.71,1385187,12822.84,41967, 298681, 21.56,2023-09-26
RAMCOIND,EQ, 26-Sep-2023,185.65,186.0,187.9,180.0, 180.55,181.15,183.13,190314,348.53,4637, 97024, 50.98,2023-09-26
RAMCOSYS,EQ, 26-Sep-2023,317.55,317.6,320.7,306.3, 311.80,308.7,311.56,164470,512.43,7741, 72104, 43.84,2023-09-26
RAMKY,EQ, 26-Sep-2023,611.55,610.55,619.0,603.55, 606.95,605.65,609.33,68714,418.69,4013, 34640, 50.41,2023-09-26
RAMRAT,EQ, 26-Sep-2023,276.45,277.45,279.3,264.5, 268.15,267.65,269.44,132419,356.79,7308, 69366, 52.38,2023-09-26
RANASUG,EQ, 26-Sep-2023,28.9,29.0,29.05,28.05, 28.65,28.45,28.6,2372961,678.77,4508, 1118832, 47.15,2023-09-26
RANEHOLDIN,EQ, 26-Sep-2023,1172.7,1184.45,1194.95,1157.0, 1171.80,1180.75,1179.18,9656,113.86,2363, 4801, 49.72,2023-09-26
RATEGAIN,EQ, 26-Sep-2023,550.6,550.0,566.95,546.0, 565.00,564.3,554.7,306768,1701.65,19617, 183074, 59.68,2023-09-26
RATNAMANI,EQ, 26-Sep-2023,2546.25,2535.0,2588.0,2532.8, 2575.25,2571.45,2563.75,17626,451.89,4920, 9905, 56.20,2023-09-26
RATNAVEER,EQ, 26-Sep-2023,117.1,118.0,119.0,114.05, 114.10,114.45,115.8,476097,551.34,4875, 273435, 57.43,2023-09-26
RAYMOND,EQ, 26-Sep-2023,1785.3,1799.8,1848.4,1792.65, 1805.00,1802.55,1819.47,260770,4744.64,24830, 71816, 27.54,2023-09-26
RBA,EQ, 26-Sep-2023,121.5,122.0,124.4,121.85, 124.00,123.5,123.41,1846803,2279.18,12741, 1076386, 58.28,2023-09-26
RBL,EQ, 26-Sep-2023,790.3,798.4,810.2,788.05, 806.00,805.95,803.3,16513,132.65,1996, 4715, 28.55,2023-09-26
RBLBANK,EQ, 26-Sep-2023,237.75,238.5,242.55,236.5, 237.60,237.7,239.55,6936904,16617.53,37693, 1333680, 19.23,2023-09-26
RCF,EQ, 26-Sep-2023,127.75,127.5,130.4,127.0, 127.90,127.85,128.61,3010060,3871.25,12953, 888433, 29.52,2023-09-26
RECLTD,EQ, 26-Sep-2023,270.45,269.0,272.75,265.8, 267.50,267.3,269.17,13775707,37079.96,110065, 5278847, 38.32,2023-09-26
REDINGTON,EQ, 26-Sep-2023,158.85,159.0,159.8,156.15, 156.50,156.65,157.73,1107129,1746.31,18989, 599088, 54.11,2023-09-26
REDTAPE,EQ, 26-Sep-2023,433.15,435.0,441.75,431.25, 438.00,434.9,437.27,59246,259.07,7506, 28962, 48.88,2023-09-26
REFEX,EQ, 26-Sep-2023,663.3,666.6,670.0,650.3, 651.00,651.2,657.52,36156,237.73,2025, 26143, 72.31,2023-09-26
RELAXO,EQ, 26-Sep-2023,904.3,902.15,916.0,900.0, 903.20,905.1,904.01,56463,510.43,12901, 32497, 57.55,2023-09-26
RELCHEMQ,EQ, 26-Sep-2023,196.95,200.85,205.0,195.0, 205.00,202.75,201.25,11435,23.01,874, 6376, 55.76,2023-09-26
RELIANCE,EQ, 26-Sep-2023,2340.45,2338.55,2350.2,2335.6, 2340.00,2342.5,2342.35,5043891,118145.81,168749, 3432787, 68.06,2023-09-26
RELIGARE,EQ, 26-Sep-2023,252.95,254.95,255.15,244.0, 245.20,245.15,248.83,1215827,3025.4,15496, 582863, 47.94,2023-09-26
RENUKA,EQ, 26-Sep-2023,55.45,55.6,55.65,54.0, 54.85,54.8,54.78,13132970,7193.79,26216, 4564610, 34.76,2023-09-26
REPCOHOME,EQ, 26-Sep-2023,377.85,377.95,388.0,377.95, 383.20,385.3,383.48,62992,241.56,3508, 30004, 47.63,2023-09-26
REPL,EQ, 26-Sep-2023,184.65,187.4,189.15,184.4, 185.00,185.35,186.65,18295,34.15,757, 11598, 63.39,2023-09-26
REPRO,EQ, 26-Sep-2023,773.9,780.0,780.0,761.05, 778.55,770.85,771.57,3870,29.86,376, 2110, 54.52,2023-09-26
RESPONIND,EQ, 26-Sep-2023,332.95,332.1,337.5,330.35, 331.80,333.15,334.05,294019,982.16,12252, 45940, 15.62,2023-09-26
RGL,EQ, 26-Sep-2023,106.95,105.9,109.85,105.9, 107.15,107.2,107.7,55571,59.85,1082, 18810, 33.85,2023-09-26
RHIM,EQ, 26-Sep-2023,730.15,732.0,740.0,721.15, 728.50,727.65,728.62,79591,579.92,9175, 42030, 52.81,2023-09-26
RHL,EQ, 26-Sep-2023,106.55,107.55,111.0,104.65, 104.70,105.55,106.85,36200,38.68,1051, 15058, 41.60,2023-09-26
RICOAUTO,EQ, 26-Sep-2023,81.3,81.25,81.35,79.8, 80.00,80.15,80.41,447249,359.63,3332, 207395, 46.37,2023-09-26
RIIL,EQ, 26-Sep-2023,950.05,950.0,963.95,949.0, 954.80,956.15,955.47,176929,1690.51,6555, 33054, 18.68,2023-09-26
RISHABH,EQ, 26-Sep-2023,450.1,450.1,469.3,450.1, 466.10,465.3,461.74,725632,3350.52,22665, 375751, 51.78,2023-09-26
RITES,EQ, 26-Sep-2023,492.85,493.0,509.95,492.2, 495.00,494.6,499.2,1053441,5258.83,37059, 378215, 35.90,2023-09-26
RKEC,EQ, 26-Sep-2023,63.2,62.55,64.05,61.8, 62.50,62.15,62.5,96147,60.1,936, 58578, 60.93,2023-09-26
RKFORGE,EQ, 26-Sep-2023,638.3,638.3,653.6,631.1, 638.90,637.55,639.59,203976,1304.61,9834, 86547, 42.43,2023-09-26
RML,EQ, 26-Sep-2023,833.55,830.0,883.75,825.05, 859.95,851.65,861.38,40043,344.92,5104, 11611, 29.00,2023-09-26
ROHLTD,EQ, 26-Sep-2023,291.45,287.6,295.15,287.6, 291.60,293.7,291.16,26670,77.65,1496, 15765, 59.11,2023-09-26
ROLEXRINGS,EQ, 26-Sep-2023,2264.5,2254.5,2278.85,2241.0, 2245.75,2249.55,2256.72,11001,248.26,3742, 6347, 57.69,2023-09-26
ROML,EQ, 26-Sep-2023,44.75,46.0,46.0,44.05, 44.75,44.6,44.81,4442,1.99,101, 2420, 54.48,2023-09-26
ROSSARI,EQ, 26-Sep-2023,821.55,820.0,828.55,813.45, 818.20,819.1,817.93,52684,430.92,4085, 37637, 71.44,2023-09-26
ROSSELLIND,EQ, 26-Sep-2023,510.35,514.0,517.2,499.65, 507.50,508.05,506.76,49707,251.9,4538, 20245, 40.73,2023-09-26
ROTO,EQ, 26-Sep-2023,348.85,347.55,355.4,347.55, 354.60,353.7,352.47,26812,94.5,2323, 16435, 61.30,2023-09-26
ROUTE,EQ, 26-Sep-2023,1562.15,1565.0,1569.9,1550.0, 1557.00,1551.55,1555.35,107948,1678.97,8275, 72504, 67.17,2023-09-26
RPGLIFE,EQ, 26-Sep-2023,1295.55,1281.0,1327.0,1280.0, 1319.00,1318.6,1304.68,28708,374.55,3668, 8530, 29.71,2023-09-26
RPOWER,EQ, 26-Sep-2023,18.95,19.0,19.65,18.85, 19.00,19.0,19.18,69568077,13344.59,37946, 14192425, 20.40,2023-09-26
RPPL,EQ, 26-Sep-2023,169.75,170.5,172.5,169.15, 169.20,169.4,170.12,15316,26.06,586, 11568, 75.53,2023-09-26
RPSGVENT,EQ, 26-Sep-2023,579.2,580.95,594.45,580.95, 591.00,589.45,588.16,33403,196.46,3132, 15365, 46.00,2023-09-26
RRKABEL,EQ, 26-Sep-2023,1180.75,1184.0,1194.95,1171.4, 1192.00,1192.65,1188.54,327002,3886.55,18627, 174299, 53.30,2023-09-26
RSWM,EQ, 26-Sep-2023,189.95,192.9,193.65,188.8, 191.00,190.6,191.28,82262,157.35,3961, 42343, 51.47,2023-09-26
RSYSTEMS,EQ, 26-Sep-2023,499.8,503.6,505.85,494.05, 502.00,502.6,500.81,88725,444.34,4089, 60081, 67.72,2023-09-26
RTNINDIA,EQ, 26-Sep-2023,58.35,58.15,58.6,57.3, 57.70,57.5,57.87,1568406,907.67,7660, 643903, 41.05,2023-09-26
RTNPOWER,EQ, 26-Sep-2023,6.3,6.3,6.6,6.3, 6.60,6.6,6.5,30962853,2013.76,14246, 14491876, 46.80,2023-09-26
RUBYMILLS,EQ, 26-Sep-2023,240.7,238.3,245.0,237.55, 238.70,239.0,240.89,25997,62.62,1435, 13324, 51.25,2023-09-26
RUCHIRA,EQ, 26-Sep-2023,142.9,144.8,144.8,142.0, 142.10,142.55,143.24,76981,110.27,2097, 36760, 47.75,2023-09-26
RUPA,EQ, 26-Sep-2023,256.8,257.8,260.8,257.25, 260.40,259.35,259.05,65730,170.27,2780, 25336, 38.55,2023-09-26
RUSHIL,EQ, 26-Sep-2023,280.5,282.0,283.0,276.75, 279.00,278.8,279.82,53856,150.7,2005, 28385, 52.71,2023-09-26
RUSTOMJEE,EQ, 26-Sep-2023,568.2,565.1,580.0,565.1, 570.00,574.5,572.93,22459,128.67,1804, 12195, 54.30,2023-09-26
RVNL,EQ, 26-Sep-2023,169.8,170.3,170.75,165.3, 166.90,166.7,167.89,15986625,26840.39,81903, 4028643, 25.20,2023-09-26
SADHNANIQ,EQ, 26-Sep-2023,82.85,83.6,84.55,81.7, 82.10,82.05,83.14,192780,160.28,2060, 110286, 57.21,2023-09-26
SAFARI,EQ, 26-Sep-2023,3792.95,3785.05,3987.95,3755.0, 3860.00,3863.55,3893.87,91976,3581.42,18368, 29980, 32.60,2023-09-26
SAGARDEEP,EQ, 26-Sep-2023,24.75,25.3,25.3,23.6, 24.40,24.2,24.37,28853,7.03,531, 13426, 46.53,2023-09-26
SAGCEM,EQ, 26-Sep-2023,227.4,228.35,236.55,226.1, 231.50,233.65,233.02,130393,303.84,4287, 70579, 54.13,2023-09-26
SAH,EQ, 26-Sep-2023,95.4,96.0,101.75,96.0, 99.40,98.8,99.6,211780,210.94,1453, 148222, 69.99,2023-09-26
SAHYADRI,EQ, 26-Sep-2023,420.35,419.3,430.0,419.3, 430.00,429.4,427.8,2556,10.93,234, 1748, 68.39,2023-09-26
SAIL,EQ, 26-Sep-2023,93.1,93.5,94.8,92.85, 93.50,93.5,93.85,10817622,10152.27,31913, 3935811, 36.38,2023-09-26
SAKAR,EQ, 26-Sep-2023,319.4,322.0,325.0,316.8, 319.40,320.45,321.14,13644,43.82,712, 8282, 60.70,2023-09-26
SAKHTISUG,EQ, 26-Sep-2023,33.95,34.1,34.35,32.5, 33.15,33.1,33.39,1365865,456.04,4735, 505352, 37.00,2023-09-26
SAKSOFT,EQ, 26-Sep-2023,330.8,330.8,331.75,324.3, 327.00,326.9,327.88,80000,262.3,3160, 53388, 66.74,2023-09-26
SAKUMA,EQ, 26-Sep-2023,20.05,20.1,22.15,20.0, 22.00,21.9,21.23,8452375,1794.65,11454, 2589018, 30.63,2023-09-26
SALASAR,EQ, 26-Sep-2023,51.15,53.0,53.9,51.65, 52.50,52.55,52.74,1630865,860.05,7266, 635680, 38.98,2023-09-26
SALONA,EQ, 26-Sep-2023,262.5,261.05,262.4,252.85, 254.10,255.7,256.36,1682,4.31,122, 1063, 63.20,2023-09-26
SALZERELEC,EQ, 26-Sep-2023,386.85,387.85,389.7,379.5, 382.70,380.6,383.21,33360,127.84,2578, 14240, 42.69,2023-09-26
SAMHI,EQ, 26-Sep-2023,150.8,149.9,154.4,147.65, 148.55,149.9,150.33,3148421,4732.93,51351, 1678388, 53.31,2023-09-26
SANDESH,EQ, 26-Sep-2023,1016.95,1005.1,1024.0,1005.1, 1024.00,1014.85,1010.73,1386,14.01,219, 1016, 73.30,2023-09-26
SANDHAR,EQ, 26-Sep-2023,391.55,395.45,396.25,388.65, 391.90,391.3,392.72,50693,199.08,4922, 26133, 51.55,2023-09-26
SANDUMA,EQ, 26-Sep-2023,1491.15,1490.45,1491.9,1441.1, 1445.00,1448.35,1461.73,25051,366.18,5418, 15238, 60.83,2023-09-26
SANGAMIND,EQ, 26-Sep-2023,336.6,336.05,345.0,336.0, 341.00,339.9,339.19,20121,68.25,1912, 11681, 58.05,2023-09-26
SANGHVIMOV,EQ, 26-Sep-2023,665.0,669.9,694.0,660.0, 688.90,689.4,680.97,57946,394.59,8193, 28534, 49.24,2023-09-26
SANGINITA,EQ, 26-Sep-2023,22.25,21.9,22.75,21.65, 21.75,21.75,22.02,19700,4.34,212, 16603, 84.28,2023-09-26
SANOFI,EQ, 26-Sep-2023,7101.4,7104.2,7127.5,7048.0, 7077.00,7073.4,7071.63,6099,431.3,2092, 4147, 67.99,2023-09-26
SANSERA,EQ, 26-Sep-2023,937.05,947.0,948.95,935.55, 941.95,939.45,941.24,32259,303.63,4250, 18412, 57.08,2023-09-26
SAPPHIRE,EQ, 26-Sep-2023,1464.25,1465.95,1485.0,1430.15, 1444.95,1441.1,1460.02,243450,3554.43,16032, 205388, 84.37,2023-09-26
SARDAEN,EQ, 26-Sep-2023,217.5,217.5,223.6,216.0, 221.05,222.45,220.62,156129,344.44,6675, 88771, 56.86,2023-09-26
SAREGAMA,EQ, 26-Sep-2023,362.15,364.95,368.65,351.0, 357.00,357.2,359.3,360352,1294.76,14489, 158931, 44.10,2023-09-26
SARLAPOLY,EQ, 26-Sep-2023,50.4,51.15,51.15,48.75, 49.00,49.05,49.37,251216,124.02,1696, 154536, 61.52,2023-09-26
SASKEN,EQ, 26-Sep-2023,1052.15,1051.25,1088.55,1046.0, 1059.25,1061.7,1070.23,38559,412.67,5139, 21129, 54.80,2023-09-26
SASTASUNDR,EQ, 26-Sep-2023,273.0,271.95,276.0,269.0, 272.10,271.5,272.86,18420,50.26,1167, 10584, 57.46,2023-09-26
SATIA,EQ, 26-Sep-2023,129.85,130.2,131.7,129.0, 130.60,130.15,130.23,369706,481.46,3994, 175511, 47.47,2023-09-26
SATIN,EQ, 26-Sep-2023,230.9,231.9,238.0,229.05, 229.95,230.45,232.15,328284,762.12,6939, 158340, 48.23,2023-09-26
SATINDLTD,EQ, 26-Sep-2023,107.45,107.95,109.2,102.55, 102.75,103.0,104.82,649175,680.46,8117, 366600, 56.47,2023-09-26
SBC,EQ, 26-Sep-2023,22.35,23.5,24.35,23.1, 23.90,24.05,23.94,4280194,1024.65,5257, 2507295, 58.58,2023-09-26
SBCL,EQ, 26-Sep-2023,534.6,534.6,543.6,530.1, 535.95,532.75,535.0,79254,424.01,5400, 43090, 54.37,2023-09-26
SBFC,EQ, 26-Sep-2023,83.7,84.1,84.25,82.1, 83.25,83.2,82.99,1400116,1162.0,10540, 981813, 70.12,2023-09-26
SBGLP,EQ, 26-Sep-2023,359.35,356.5,389.8,350.7, 388.00,385.7,367.93,215966,794.61,7376, 125024, 57.89,2023-09-26
SBICARD,EQ, 26-Sep-2023,787.4,787.95,792.15,781.25, 787.65,786.35,784.76,3879843,30447.44,39033, 3118988, 80.39,2023-09-26
SBIETFCON,EQ, 26-Sep-2023,86.52,86.52,86.88,86.2, 86.72,86.72,86.63,832,0.72,59, 533, 64.06,2023-09-26
SBIETFIT,EQ, 26-Sep-2023,342.91,341.04,341.55,340.0, 340.12,340.32,340.22,9801,33.35,165, 8937, 91.18,2023-09-26
SBIETFPB,EQ, 26-Sep-2023,234.1,232.5,238.1,232.49, 238.10,234.64,233.6,3503,8.18,59, 2808, 80.16,2023-09-26
SBIETFQLTY,EQ, 26-Sep-2023,175.27,178.5,178.5,174.29, 175.53,175.53,174.95,853,1.49,47, 461, 54.04,2023-09-26
SBILIFE,EQ, 26-Sep-2023,1294.15,1295.5,1302.35,1285.2, 1290.15,1289.7,1294.0,749346,9696.52,49729, 363095, 48.45,2023-09-26
SBIN,EQ, 26-Sep-2023,594.05,594.0,595.0,591.25, 594.45,594.4,593.8,8327427,49448.09,185873, 2888462, 34.69,2023-09-26
SCHAEFFLER,EQ, 26-Sep-2023,3081.0,3096.4,3103.55,3055.0, 3065.10,3070.85,3079.53,73992,2278.61,16633, 34554, 46.70,2023-09-26
SCHAND,EQ, 26-Sep-2023,281.05,287.9,288.55,276.1, 283.70,283.2,282.28,86620,244.51,7602, 32220, 37.20,2023-09-26
SCHNEIDER,EQ, 26-Sep-2023,357.15,358.5,367.0,354.15, 359.00,359.65,360.31,1099822,3962.73,19221, 354675, 32.25,2023-09-26
SCI,EQ, 26-Sep-2023,144.0,144.3,149.8,142.05, 148.50,147.95,147.07,8621699,12680.33,39090, 2639438, 30.61,2023-09-26
SDBL,EQ, 26-Sep-2023,323.3,323.3,340.0,323.25, 334.90,334.4,334.99,748671,2507.97,19663, 411634, 54.98,2023-09-26
SDL24BEES,EQ, 26-Sep-2023,116.13,116.13,116.19,115.96, 115.97,115.97,115.99,982,1.14,19, 867, 88.29,2023-09-26
SDL26BEES,EQ, 26-Sep-2023,115.5,115.39,115.4,115.25, 115.40,115.4,115.4,20669,23.85,22, 20433, 98.86,2023-09-26
SEAMECLTD,EQ, 26-Sep-2023,652.7,655.0,665.4,632.95, 647.00,646.85,646.01,36012,232.64,3693, 15380, 42.71,2023-09-26
SECURCRED,EQ, 26-Sep-2023,17.0,17.65,18.1,17.4, 17.65,17.55,17.63,78893,13.91,397, 40719, 51.61,2023-09-26
SECURKLOUD,EQ, 26-Sep-2023,40.95,41.75,41.75,40.0, 41.00,40.45,40.67,17113,6.96,445, 11384, 66.52,2023-09-26
SELAN,EQ, 26-Sep-2023,391.95,417.15,440.9,397.05, 402.00,402.35,424.35,4825307,20476.34,99361, 535248, 11.09,2023-09-26
SENCO,EQ, 26-Sep-2023,524.65,530.0,539.65,520.0, 533.00,532.6,530.75,710333,3770.08,20651, 211051, 29.71,2023-09-26
SEPC,EQ, 26-Sep-2023,13.35,13.4,13.55,13.1, 13.35,13.2,13.34,1868136,249.28,2337, 1202496, 64.37,2023-09-26
SEQUENT,EQ, 26-Sep-2023,92.65,93.2,93.45,90.0, 90.70,90.35,91.48,877998,803.2,7978, 382254, 43.54,2023-09-26
SERVOTECH,EQ, 26-Sep-2023,77.45,77.9,78.9,76.5, 77.45,77.0,77.58,119695,92.86,1431, 94133, 78.64,2023-09-26
SESHAPAPER,EQ, 26-Sep-2023,372.0,374.7,385.0,372.25, 378.00,375.4,378.9,88178,334.11,4701, 35589, 40.36,2023-09-26
SETF10GILT,EQ, 26-Sep-2023,219.02,219.01,219.24,218.81, 219.22,219.22,219.09,14675,32.15,20, 14607, 99.54,2023-09-26
SETFGOLD,EQ, 26-Sep-2023,51.7,51.8,51.8,51.41, 51.58,51.57,51.56,306538,158.05,1408, 251028, 81.89,2023-09-26
SETFNIF50,EQ, 26-Sep-2023,204.76,204.81,205.37,204.62, 204.85,204.67,204.79,2925557,5991.16,2381, 2878030, 98.38,2023-09-26
SETFNIFBK,EQ, 26-Sep-2023,452.06,451.88,452.06,450.08, 451.43,451.24,451.1,15660,70.64,428, 7737, 49.41,2023-09-26
SETFNN50,EQ, 26-Sep-2023,474.2,474.15,476.6,473.43, 475.25,474.18,475.89,5281,25.13,173, 4740, 89.76,2023-09-26
SFL,EQ, 26-Sep-2023,1129.8,1164.0,1164.0,1120.2, 1141.90,1136.0,1142.04,151095,1725.56,15995, 42785, 28.32,2023-09-26
SGL,EQ, 26-Sep-2023,17.3,16.95,18.0,15.6, 16.10,16.0,16.37,424337,69.46,1908, 217535, 51.26,2023-09-26
SHAH,EQ, 26-Sep-2023,2.7,2.75,2.75,2.7, 2.75,2.7,2.71,479846,13.0,273, 278094, 57.95,2023-09-26
SHAILY,EQ, 26-Sep-2023,1710.7,1710.0,1749.95,1710.0, 1749.95,1731.0,1738.97,2033,35.35,738, 899, 44.22,2023-09-26
SHAKTIPUMP,EQ, 26-Sep-2023,825.35,831.0,836.45,813.2, 831.60,830.1,826.33,94136,777.87,6958, 35557, 37.77,2023-09-26
SHALBY,EQ, 26-Sep-2023,233.8,233.0,238.0,231.6, 234.65,235.0,234.58,203810,478.1,6060, 74624, 36.61,2023-09-26
SHALPAINTS,EQ, 26-Sep-2023,158.25,160.9,162.0,155.7, 156.20,156.25,158.33,74898,118.59,1481, 46993, 62.74,2023-09-26
SHANKARA,EQ, 26-Sep-2023,724.3,727.9,734.5,722.65, 724.05,724.95,727.82,75346,548.38,5220, 35597, 47.24,2023-09-26
SHANTI,EQ, 26-Sep-2023,17.05,17.05,17.7,16.9, 17.00,17.1,17.21,65743,11.32,343, 36713, 55.84,2023-09-26
SHANTIGEAR,EQ, 26-Sep-2023,462.1,462.1,466.8,453.9, 457.40,456.3,458.01,50223,230.03,3928, 33601, 66.90,2023-09-26
SHARDACROP,EQ, 26-Sep-2023,431.7,436.0,436.0,429.0, 435.00,432.85,433.09,54885,237.7,3944, 24691, 44.99,2023-09-26
SHARDAMOTR,EQ, 26-Sep-2023,1014.25,1019.0,1019.95,986.15, 995.50,995.15,999.02,45572,455.27,4162, 28382, 62.28,2023-09-26
SHAREINDIA,EQ, 26-Sep-2023,1331.35,1332.05,1357.85,1305.3, 1342.00,1350.8,1340.64,159232,2134.73,7878, 60538, 38.02,2023-09-26
SHARIABEES,EQ, 26-Sep-2023,443.81,448.39,448.39,442.44, 444.79,444.69,442.66,6195,27.42,67, 5784, 93.37,2023-09-26
SHEMAROO,EQ, 26-Sep-2023,134.85,135.0,138.95,133.25, 133.85,133.95,135.36,49305,66.74,591, 41694, 84.56,2023-09-26
SHILPAMED,EQ, 26-Sep-2023,355.15,356.4,360.5,351.1, 353.00,352.55,355.57,89640,318.73,3243, 29170, 32.54,2023-09-26
SHIVALIK,EQ, 26-Sep-2023,684.4,681.1,715.0,681.1, 715.00,696.35,690.39,12054,83.22,883, 8122, 67.38,2023-09-26
SHIVAMILLS,EQ, 26-Sep-2023,74.15,75.0,76.35,73.7, 74.20,74.9,75.19,54801,41.21,2408, 5687, 10.38,2023-09-26
SHIVATEX,EQ, 26-Sep-2023,146.55,146.0,148.5,141.0, 142.00,141.1,142.46,7664,10.92,307, 5966, 77.84,2023-09-26
SHK,EQ, 26-Sep-2023,160.55,162.0,162.0,159.0, 160.10,160.4,160.29,251432,403.03,4385, 135792, 54.01,2023-09-26
SHOPERSTOP,EQ, 26-Sep-2023,689.75,690.05,697.3,680.1, 684.90,684.95,685.0,64053,438.76,5653, 31932, 49.85,2023-09-26
SHRADHA,EQ, 26-Sep-2023,49.8,47.2,48.4,44.55, 44.95,44.95,45.93,146732,67.4,1286, 98717, 67.28,2023-09-26
SHREDIGCEM,EQ, 26-Sep-2023,92.65,92.75,93.75,91.2, 91.55,91.6,92.15,309040,284.77,3210, 135480, 43.84,2023-09-26
SHREECEM,EQ, 26-Sep-2023,25856.45,25915.0,26243.85,25915.0, 26026.00,26033.0,26048.4,15228,3966.65,6122, 6114, 40.15,2023-09-26
SHREEPUSHK,EQ, 26-Sep-2023,210.65,212.0,216.0,207.25, 210.00,209.75,212.64,59456,126.43,2793, 32611, 54.85,2023-09-26
SHRENIK,EQ, 26-Sep-2023,1.0,1.0,1.05,0.95, 1.00,0.95,0.98,2668105,26.21,977, 2351004, 88.12,2023-09-26
SHREYAS,EQ, 26-Sep-2023,351.2,350.05,421.4,346.0, 421.40,421.4,390.93,605437,2366.84,21972, 249591, 41.22,2023-09-26
SHRIRAMFIN,EQ, 26-Sep-2023,1945.55,1942.0,1943.1,1871.0, 1885.10,1884.6,1902.41,1194660,22727.36,74734, 562058, 47.05,2023-09-26
SHRIRAMPPS,EQ, 26-Sep-2023,91.2,90.9,92.0,89.0, 90.20,89.75,90.51,1750802,1584.58,9149, 657140, 37.53,2023-09-26
SHYAMCENT,EQ, 26-Sep-2023,19.95,19.95,20.0,19.65, 19.75,19.75,19.83,237359,47.06,937, 112719, 47.49,2023-09-26
SHYAMMETL,EQ, 26-Sep-2023,442.6,450.0,451.7,440.0, 441.70,441.45,445.46,940925,4191.4,14405, 514699, 54.70,2023-09-26
SHYAMTEL,EQ, 26-Sep-2023,7.65,7.65,7.65,7.3, 7.65,7.65,7.54,23,0.0,6, 23, 100.00,2023-09-26
SIEMENS,EQ, 26-Sep-2023,3694.6,3700.0,3708.3,3668.85, 3675.55,3680.3,3686.69,193606,7137.66,23969, 109852, 56.74,2023-09-26
SIGACHI,EQ, 26-Sep-2023,387.3,388.6,400.0,385.5, 399.30,398.75,394.91,386090,1524.72,12154, 191247, 49.53,2023-09-26
SIGIND,EQ, 26-Sep-2023,55.4,58.2,58.2,53.2, 53.60,53.6,54.89,127075,69.75,2116, 72541, 57.09,2023-09-26
SIGMA,EQ, 26-Sep-2023,444.05,460.0,460.0,435.85, 437.10,437.05,445.13,4987,22.2,910, 3355, 67.27,2023-09-26
SIKKO,EQ, 26-Sep-2023,59.05,60.0,60.3,59.0, 59.85,59.5,59.58,19178,11.43,487, 10861, 56.63,2023-09-26
SILINV,EQ, 26-Sep-2023,338.8,338.95,342.9,330.2, 331.10,334.45,337.0,6484,21.85,153, 5638, 86.95,2023-09-26
SILVER,EQ, 26-Sep-2023,74.34,73.05,73.34,72.45, 73.12,73.16,73.06,100035,73.08,922, 78780, 78.75,2023-09-26
SILVERBEES,EQ, 26-Sep-2023,71.71,70.55,70.64,70.12, 70.58,70.53,70.4,3096159,2179.8,10552, 2202446, 71.13,2023-09-26
SILVERETF,EQ, 26-Sep-2023,72.53,71.99,71.99,70.8, 71.60,71.64,71.24,55331,39.42,418, 35887, 64.86,2023-09-26
SILVERTUC,EQ, 26-Sep-2023,589.15,589.95,594.9,583.9, 586.20,589.8,589.42,6253,36.86,364, 3548, 56.74,2023-09-26
SILVRETF,EQ, 26-Sep-2023,72.7,72.6,72.6,71.21, 71.70,71.7,71.61,3686,2.64,49, 3116, 84.54,2023-09-26
SIMBHALS,EQ, 26-Sep-2023,30.0,31.0,31.0,29.6, 29.65,29.65,30.14,131526,39.64,669, 83230, 63.28,2023-09-26
SINTERCOM,EQ, 26-Sep-2023,129.95,129.55,130.0,129.0, 129.70,129.5,129.45,6416,8.31,56, 5860, 91.33,2023-09-26
SIRCA,EQ, 26-Sep-2023,382.35,382.35,389.9,378.0, 382.50,380.8,382.61,101487,388.3,7263, 52656, 51.88,2023-09-26
SIS,EQ, 26-Sep-2023,440.3,440.0,440.65,422.75, 431.95,428.6,429.94,49183,211.46,5510, 23936, 48.67,2023-09-26
SIYSIL,EQ, 26-Sep-2023,583.9,583.0,588.9,580.7, 584.50,583.7,584.31,46164,269.74,3408, 21653, 46.90,2023-09-26
SJS,EQ, 26-Sep-2023,671.0,674.9,687.15,670.85, 682.00,675.55,676.5,221542,1498.73,13331, 136299, 61.52,2023-09-26
SJVN,EQ, 26-Sep-2023,69.8,70.0,70.7,67.3, 68.45,68.55,69.26,43609313,30205.66,117538, 15247625, 34.96,2023-09-26
SKFINDIA,EQ, 26-Sep-2023,5083.0,5099.0,5160.3,5036.0, 5155.00,5121.55,5092.21,19744,1005.41,9864, 12280, 62.20,2023-09-26
SKIPPER,EQ, 26-Sep-2023,220.25,220.0,224.45,216.0, 219.50,219.4,219.73,142188,312.44,5299, 79623, 56.00,2023-09-26
SKMEGGPROD,EQ, 26-Sep-2023,456.65,457.0,463.8,433.85, 442.00,436.55,445.79,212947,949.3,7367, 117962, 55.40,2023-09-26
SMARTLINK,EQ, 26-Sep-2023,171.95,171.15,178.55,170.85, 177.10,177.4,175.39,17880,31.36,662, 13510, 75.56,2023-09-26
SMCGLOBAL,EQ, 26-Sep-2023,79.3,80.0,81.0,79.05, 79.45,79.4,79.57,53286,42.4,438, 40655, 76.30,2023-09-26
SMLISUZU,EQ, 26-Sep-2023,1173.25,1167.0,1210.0,1167.0, 1203.00,1201.05,1191.41,16056,191.29,3202, 6199, 38.61,2023-09-26
SMLT,EQ, 26-Sep-2023,253.0,255.0,255.0,242.0, 246.00,244.1,247.38,19569,48.41,781, 14441, 73.80,2023-09-26
SMSLIFE,EQ, 26-Sep-2023,519.1,528.0,528.0,515.0, 522.50,518.0,517.05,774,4.0,97, 523, 67.57,2023-09-26
SMSPHARMA,EQ, 26-Sep-2023,122.75,123.85,124.0,121.1, 121.15,121.9,122.55,28152,34.5,744, 15431, 54.81,2023-09-26
SNOWMAN,EQ, 26-Sep-2023,49.6,50.2,51.35,50.0, 50.40,50.2,50.59,706513,357.41,2789, 283496, 40.13,2023-09-26
SOBHA,EQ, 26-Sep-2023,684.0,682.0,685.8,655.75, 671.00,663.5,673.82,431765,2909.31,18457, 151707, 35.14,2023-09-26
SOFTTECH,EQ, 26-Sep-2023,180.5,183.2,183.2,175.05, 176.80,176.8,179.17,23029,41.26,1400, 14870, 64.57,2023-09-26
SOLARA,EQ, 26-Sep-2023,352.6,354.8,361.0,353.05, 359.00,359.15,358.52,41114,147.4,3367, 18100, 44.02,2023-09-26
SOLARINDS,EQ, 26-Sep-2023,4612.55,4599.0,4615.0,4540.0, 4615.00,4601.3,4588.98,25624,1175.88,6956, 14695, 57.35,2023-09-26
SOMANYCERA,EQ, 26-Sep-2023,690.95,690.4,706.3,688.25, 700.25,700.1,698.89,9936,69.44,2117, 4912, 49.44,2023-09-26
SONACOMS,EQ, 26-Sep-2023,569.4,571.6,584.9,571.4, 578.50,577.3,579.87,878926,5096.61,26872, 542145, 61.68,2023-09-26
SONAMCLOCK,EQ, 26-Sep-2023,59.2,59.4,60.0,58.6, 58.60,59.3,59.73,2298,1.37,45, 1839, 80.03,2023-09-26
SONATSOFTW,EQ, 26-Sep-2023,1090.25,1098.0,1100.0,1054.75, 1058.00,1058.95,1073.05,181539,1948.01,13610, 61104, 33.66,2023-09-26
SOTL,EQ, 26-Sep-2023,328.05,327.35,332.95,327.0, 332.65,330.35,329.95,70725,233.36,3980, 47535, 67.21,2023-09-26
SOUTHBANK,EQ, 26-Sep-2023,26.2,26.4,26.6,25.65, 26.15,26.05,26.12,39317936,10268.18,35271, 10371165, 26.38,2023-09-26
SOUTHWEST,EQ, 26-Sep-2023,128.6,131.25,134.4,127.0, 127.60,131.65,132.5,9119,12.08,284, 5652, 61.98,2023-09-26
SPAL,EQ, 26-Sep-2023,507.5,512.4,519.95,493.3, 497.25,497.05,505.78,28619,144.75,4602, 12938, 45.21,2023-09-26
SPANDANA,EQ, 26-Sep-2023,760.35,767.95,774.9,758.0, 770.50,770.45,767.07,38455,294.98,5107, 21044, 54.72,2023-09-26
SPARC,EQ, 26-Sep-2023,222.65,223.0,231.8,222.0, 223.05,223.85,226.16,1318342,2981.61,31431, 265627, 20.15,2023-09-26
SPCENET,EQ, 26-Sep-2023,21.9,22.0,22.9,21.6, 22.85,22.8,22.45,1167415,262.1,981, 841285, 72.06,2023-09-26
SPECIALITY,EQ, 26-Sep-2023,199.4,202.4,202.4,198.0, 200.00,199.8,199.71,24491,48.91,1441, 10765, 43.95,2023-09-26
SPENCERS,EQ, 26-Sep-2023,72.1,72.5,73.2,70.5, 71.90,71.2,71.44,288324,205.98,2375, 142609, 49.46,2023-09-26
SPIC,EQ, 26-Sep-2023,76.2,76.05,77.0,74.35, 74.50,74.6,75.44,1103503,832.51,5751, 482806, 43.75,2023-09-26
SPLIL,EQ, 26-Sep-2023,63.45,64.0,64.1,62.75, 63.70,63.45,63.46,34161,21.68,520, 18669, 54.65,2023-09-26
SPLPETRO,EQ, 26-Sep-2023,470.8,471.65,475.1,465.0, 468.90,467.8,468.97,45780,214.69,6285, 25400, 55.48,2023-09-26
SPORTKING,EQ, 26-Sep-2023,801.65,795.0,845.45,795.0, 810.00,805.05,819.04,29554,242.06,3114, 13372, 45.25,2023-09-26
SREEL,EQ, 26-Sep-2023,233.65,234.1,236.85,232.1, 232.10,233.4,234.56,7972,18.7,1045, 3896, 48.87,2023-09-26
SRF,EQ, 26-Sep-2023,2238.4,2242.0,2274.85,2233.55, 2243.15,2239.95,2249.96,568665,12794.72,27421, 325377, 57.22,2023-09-26
SRGHFL,EQ, 26-Sep-2023,267.7,268.0,276.95,250.25, 253.20,252.95,261.54,13793,36.07,2910, 3366, 24.40,2023-09-26
SRHHYPOLTD,EQ, 26-Sep-2023,603.35,607.25,617.95,601.0, 608.15,607.3,611.12,13883,84.84,2076, 6615, 47.65,2023-09-26
SSWL,EQ, 26-Sep-2023,280.4,283.05,287.4,278.0, 282.50,282.25,282.6,440529,1244.95,11583, 177217, 40.23,2023-09-26
STAR,EQ, 26-Sep-2023,535.85,538.0,545.0,518.05, 526.00,524.45,529.6,1922284,10180.39,40319, 644505, 33.53,2023-09-26
STARCEMENT,EQ, 26-Sep-2023,152.95,152.55,154.65,152.0, 152.80,153.05,153.37,293718,450.48,8404, 150982, 51.40,2023-09-26
STARHEALTH,EQ, 26-Sep-2023,581.25,586.0,597.3,582.0, 588.00,589.25,588.55,563074,3314.0,24849, 351518, 62.43,2023-09-26
STARPAPER,EQ, 26-Sep-2023,220.15,220.15,225.85,218.5, 222.75,222.25,222.3,105158,233.76,3026, 51065, 48.56,2023-09-26
STCINDIA,EQ, 26-Sep-2023,129.0,128.5,129.85,125.4, 126.00,125.9,127.84,100651,128.67,2451, 30024, 29.83,2023-09-26
STEELCAS,EQ, 26-Sep-2023,715.15,719.3,720.6,713.0, 720.00,719.05,718.22,16939,121.66,2106, 10079, 59.50,2023-09-26
STEELCITY,EQ, 26-Sep-2023,64.4,64.3,65.25,63.75, 64.85,64.6,64.32,13515,8.69,208, 9776, 72.33,2023-09-26
STEELXIND,EQ, 26-Sep-2023,9.9,10.05,10.05,9.55, 9.70,9.7,9.76,7869307,768.32,15044, 4952430, 62.93,2023-09-26
STERTOOLS,EQ, 26-Sep-2023,359.05,361.1,368.25,356.1, 358.70,359.75,362.71,33783,122.53,2440, 18696, 55.34,2023-09-26
STLTECH,EQ, 26-Sep-2023,160.75,160.0,162.2,159.8, 160.30,160.15,160.66,579633,931.24,10111, 316574, 54.62,2023-09-26
STOVEKRAFT,EQ, 26-Sep-2023,526.3,527.55,534.45,523.35, 528.45,530.95,530.19,63810,338.31,4172, 39913, 62.55,2023-09-26
STYLAMIND,EQ, 26-Sep-2023,1728.35,1728.9,1753.8,1710.35, 1738.95,1735.35,1732.74,24391,422.63,6258, 9215, 37.78,2023-09-26
STYRENIX,EQ, 26-Sep-2023,1043.05,1043.05,1061.8,1034.5, 1045.00,1043.45,1046.86,11201,117.26,1744, 7715, 68.88,2023-09-26
SUBEXLTD,EQ, 26-Sep-2023,32.55,32.75,32.9,32.25, 32.70,32.45,32.58,2499832,814.47,4573, 988405, 39.54,2023-09-26
SUBROS,EQ, 26-Sep-2023,397.05,400.8,406.0,397.05, 399.45,398.8,399.99,31883,127.53,2817, 14105, 44.24,2023-09-26
SUDARSCHEM,EQ, 26-Sep-2023,476.85,476.9,479.4,472.65, 475.60,474.7,475.97,75376,358.77,4560, 29805, 39.54,2023-09-26
SUKHJITS,EQ, 26-Sep-2023,403.95,404.1,438.35,404.1, 424.00,425.65,425.95,48143,205.06,4866, 19359, 40.21,2023-09-26
SULA,EQ, 26-Sep-2023,465.95,466.95,470.9,465.95, 469.00,468.9,468.75,116575,546.45,5568, 53441, 45.84,2023-09-26
SUMICHEM,EQ, 26-Sep-2023,425.45,427.7,427.7,421.1, 423.80,423.65,423.24,116181,491.72,11282, 75674, 65.13,2023-09-26
SUMMITSEC,EQ, 26-Sep-2023,942.3,954.4,964.0,937.7, 955.00,961.35,955.11,6529,62.36,651, 4583, 70.19,2023-09-26
SUNDARMFIN,EQ, 26-Sep-2023,3147.65,3147.65,3260.0,3132.65, 3240.00,3214.65,3202.54,177062,5670.47,25801, 68010, 38.41,2023-09-26
SUNDARMHLD,EQ, 26-Sep-2023,117.95,118.5,118.65,117.25, 118.45,117.95,117.9,42752,50.4,1167, 25026, 58.54,2023-09-26
SUNDRMFAST,EQ, 26-Sep-2023,1227.25,1230.0,1254.95,1210.5, 1250.25,1246.3,1232.85,68016,838.54,11685, 44092, 64.83,2023-09-26
SUNFLAG,EQ, 26-Sep-2023,199.0,199.9,203.75,198.5, 199.00,199.2,200.71,154840,310.78,3891, 57697, 37.26,2023-09-26
SUNPHARMA,EQ, 26-Sep-2023,1124.05,1125.0,1130.0,1118.5, 1127.15,1125.85,1123.56,1966198,22091.37,67504, 1463681, 74.44,2023-09-26
SUNTECK,EQ, 26-Sep-2023,441.0,441.0,444.65,434.75, 440.00,440.75,440.17,307454,1353.31,10038, 178674, 58.11,2023-09-26
SUNTV,EQ, 26-Sep-2023,599.65,602.0,617.4,590.3, 592.00,591.75,604.56,1745331,10551.55,31670, 476380, 27.29,2023-09-26
SUPERHOUSE,EQ, 26-Sep-2023,219.55,222.75,224.65,220.0, 220.00,220.95,222.15,13565,30.13,709, 6509, 47.98,2023-09-26
SUPERSPIN,EQ, 26-Sep-2023,8.1,8.2,8.25,7.95, 8.00,8.0,8.08,53127,4.29,313, 34546, 65.03,2023-09-26
SUPRAJIT,EQ, 26-Sep-2023,405.9,406.05,409.4,398.0, 401.00,400.25,402.88,123918,499.24,10930, 73926, 59.66,2023-09-26
SUPREMEIND,EQ, 26-Sep-2023,4190.6,4194.0,4197.85,4104.05, 4142.50,4172.55,4155.58,89102,3702.7,19674, 33597, 37.71,2023-09-26
SUPRIYA,EQ, 26-Sep-2023,278.75,278.75,282.95,276.75, 280.55,279.15,280.25,79283,222.19,3591, 36902, 46.54,2023-09-26
SURANAT&P,EQ, 26-Sep-2023,10.85,10.9,11.1,10.7, 10.70,10.8,10.92,85117,9.29,862, 45966, 54.00,2023-09-26
SURYALAXMI,EQ, 26-Sep-2023,66.55,65.65,67.2,65.1, 65.75,65.7,66.21,15468,10.24,584, 6169, 39.88,2023-09-26
SURYAROSNI,EQ, 26-Sep-2023,978.3,978.3,995.0,972.05, 978.00,980.35,984.54,38246,376.55,3725, 24262, 63.44,2023-09-26
SURYODAY,EQ, 26-Sep-2023,158.75,159.5,162.8,156.15, 159.40,158.9,159.09,493214,784.65,7883, 240852, 48.83,2023-09-26
SUTLEJTEX,EQ, 26-Sep-2023,55.15,55.3,55.3,53.0, 54.25,53.9,54.21,137392,74.48,1592, 80576, 58.65,2023-09-26
SUVEN,EQ, 26-Sep-2023,71.35,71.4,74.1,70.9, 72.45,72.5,72.42,486142,352.07,3771, 164391, 33.82,2023-09-26
SUVENPHAR,EQ, 26-Sep-2023,527.15,528.35,544.9,524.25, 531.50,530.7,534.75,360749,1929.09,17339, 108820, 30.17,2023-09-26
SUZLON,EQ, 26-Sep-2023,25.5,25.6,26.1,24.95, 25.95,26.0,25.6,110565689,28300.86,74257, 53786942, 48.65,2023-09-26
SWANENERGY,EQ, 26-Sep-2023,291.45,292.15,303.4,292.15, 296.10,295.75,297.51,1855195,5519.46,27659, 410908, 22.15,2023-09-26
SWARAJENG,EQ, 26-Sep-2023,1977.65,1980.0,1988.85,1955.0, 1971.00,1972.7,1972.64,6308,124.43,1339, 3630, 57.55,2023-09-26
SWELECTES,EQ, 26-Sep-2023,619.4,623.8,623.8,598.0, 606.00,606.05,608.05,51359,312.29,6827, 24855, 48.39,2023-09-26
SYMPHONY,EQ, 26-Sep-2023,878.2,880.05,887.3,874.0, 875.00,875.3,876.68,22124,193.96,3001, 11905, 53.81,2023-09-26
SYNCOMF,EQ, 26-Sep-2023,8.5,8.5,8.55,8.4, 8.40,8.45,8.47,655578,55.54,1913, 458328, 69.91,2023-09-26
SYNGENE,EQ, 26-Sep-2023,770.05,772.0,774.0,763.05, 769.70,768.7,767.87,686436,5270.93,21042, 440047, 64.11,2023-09-26
SYRMA,EQ, 26-Sep-2023,543.05,541.1,555.4,541.1, 551.50,551.35,550.57,261613,1440.36,8218, 121141, 46.31,2023-09-26
TAINWALCHM,EQ, 26-Sep-2023,133.8,135.0,135.0,128.95, 130.00,130.2,131.16,5491,7.2,605, 2379, 43.33,2023-09-26
TAJGVK,EQ, 26-Sep-2023,228.75,229.5,231.4,226.35, 228.65,228.9,229.52,59110,135.67,2843, 25939, 43.88,2023-09-26
TALBROAUTO,EQ, 26-Sep-2023,973.05,979.3,983.0,955.5, 961.15,965.05,965.24,18531,178.87,3534, 10002, 53.97,2023-09-26
TANLA,EQ, 26-Sep-2023,1027.35,1028.8,1064.8,1021.35, 1045.05,1043.25,1049.15,468068,4910.73,22107, 134611, 28.76,2023-09-26
TARC,EQ, 26-Sep-2023,84.65,84.85,87.0,84.5, 85.40,85.2,85.79,441482,378.73,2867, 208135, 47.14,2023-09-26
TARMAT,EQ, 26-Sep-2023,77.65,77.0,79.0,74.95, 76.45,75.75,77.07,90528,69.77,1348, 52231, 57.70,2023-09-26
TARSONS,EQ, 26-Sep-2023,547.7,549.7,563.75,538.65, 562.00,561.35,551.36,234542,1293.18,10216, 150307, 64.09,2023-09-26
TASTYBITE,EQ, 26-Sep-2023,15952.65,15999.95,16299.8,15745.8, 15810.00,15872.35,15964.53,1692,270.12,1041, 816, 48.23,2023-09-26
TATACHEM,EQ, 26-Sep-2023,1045.3,1045.3,1049.45,1035.05, 1035.60,1036.95,1040.71,268848,2797.94,14988, 119908, 44.60,2023-09-26
TATACOFFEE,EQ, 26-Sep-2023,263.5,265.0,265.55,260.55, 262.15,263.0,263.93,728539,1922.81,8204, 371296, 50.96,2023-09-26
TATACOMM,EQ, 26-Sep-2023,1856.65,1859.0,1899.0,1858.0, 1874.00,1876.25,1883.95,633338,11931.78,32388, 296280, 46.78,2023-09-26
TATACONSUM,EQ, 26-Sep-2023,900.6,907.6,909.9,891.5, 893.00,895.2,901.55,2064298,18610.6,62927, 1042473, 50.50,2023-09-26
TATAELXSI,EQ, 26-Sep-2023,7267.75,7270.0,7374.0,7240.15, 7310.00,7310.9,7312.55,74758,5466.71,15394, 34902, 46.69,2023-09-26
TATAINVEST,EQ, 26-Sep-2023,2967.4,2975.0,3051.7,2921.0, 3001.00,3006.9,3001.75,556770,16712.86,43032, 71876, 12.91,2023-09-26
TATAMETALI,EQ, 26-Sep-2023,949.1,963.35,977.35,959.0, 961.60,964.25,967.43,66462,642.97,4776, 18927, 28.48,2023-09-26
TATAMOTORS,EQ, 26-Sep-2023,618.7,618.7,625.7,617.95, 620.00,619.8,621.89,6271108,38999.42,124821, 2830426, 45.13,2023-09-26
TATAMTRDVR,EQ, 26-Sep-2023,417.5,419.9,420.0,415.0, 416.50,416.75,417.86,1584464,6620.79,32662, 869827, 54.90,2023-09-26
TATAPOWER,EQ, 26-Sep-2023,256.9,257.1,263.75,257.0, 260.60,259.85,261.2,9193002,24012.41,72911, 2090444, 22.74,2023-09-26
TATASTEEL,EQ, 26-Sep-2023,127.4,129.0,130.55,128.4, 128.95,128.9,129.5,48936598,63372.44,235615, 15464657, 31.60,2023-09-26
TATASTLLP,EQ, 26-Sep-2023,806.25,818.35,827.3,815.0, 825.00,820.25,820.89,49026,402.45,3796, 21118, 43.08,2023-09-26
TATVA,EQ, 26-Sep-2023,1617.55,1620.75,1620.75,1581.75, 1599.00,1594.8,1603.79,40759,653.69,5593, 29333, 71.97,2023-09-26
TBZ,EQ, 26-Sep-2023,109.7,110.75,114.0,108.9, 110.55,110.55,111.5,182479,203.46,2959, 56423, 30.92,2023-09-26
TCI,EQ, 26-Sep-2023,789.8,792.0,793.45,782.0, 785.00,784.85,787.74,30509,240.33,3292, 17229, 56.47,2023-09-26
TCIEXP,EQ, 26-Sep-2023,1470.45,1480.0,1490.6,1470.8, 1488.00,1488.15,1484.26,26701,396.31,4016, 16504, 61.81,2023-09-26
TCNSBRANDS,EQ, 26-Sep-2023,367.4,371.95,371.95,363.2, 364.85,365.75,366.22,49052,179.64,2670, 26667, 54.36,2023-09-26
TCPLPACK,EQ, 26-Sep-2023,2112.55,2095.0,2129.0,2095.0, 2101.65,2103.85,2112.97,5295,111.88,1670, 2674, 50.50,2023-09-26
TCS,EQ, 26-Sep-2023,3577.15,3567.6,3594.95,3536.0, 3590.00,3585.7,3561.51,1726062,61473.86,113798, 1220758, 70.73,2023-09-26
TDPOWERSYS,EQ, 26-Sep-2023,245.6,243.0,253.55,243.0, 253.30,250.5,247.27,225480,557.55,6630, 137436, 60.95,2023-09-26
TEAMLEASE,EQ, 26-Sep-2023,2521.3,2511.0,2551.3,2505.05, 2546.50,2546.6,2536.35,12407,314.68,4267, 6804, 54.84,2023-09-26
TECH,EQ, 26-Sep-2023,33.45,33.22,33.62,33.22, 33.41,33.34,33.36,1713,0.57,85, 991, 57.85,2023-09-26
TECHM,EQ, 26-Sep-2023,1299.45,1300.0,1303.05,1279.15, 1282.75,1282.3,1284.99,1141475,14667.88,49511, 578370, 50.67,2023-09-26
TECHNOE,EQ, 26-Sep-2023,511.3,514.9,519.7,506.05, 506.60,509.55,513.05,81047,415.82,13349, 52325, 64.56,2023-09-26
TEGA,EQ, 26-Sep-2023,914.6,924.0,945.0,913.55, 937.00,939.05,931.37,57015,531.02,7706, 30002, 52.62,2023-09-26
TEJASNET,EQ, 26-Sep-2023,830.1,830.6,848.6,830.6, 839.80,839.1,839.75,191138,1605.08,8788, 78405, 41.02,2023-09-26
TEMBO,EQ, 26-Sep-2023,243.7,243.9,254.0,242.05, 253.00,249.4,245.56,124165,304.9,455, 19756, 15.91,2023-09-26
TERASOFT,EQ, 26-Sep-2023,40.55,41.3,41.85,40.3, 41.35,41.15,41.05,41725,17.13,794, 29979, 71.85,2023-09-26
TEXINFRA,EQ, 26-Sep-2023,71.45,72.0,72.55,67.55, 69.00,69.2,69.8,257783,179.92,1996, 150058, 58.21,2023-09-26
TEXRAIL,EQ, 26-Sep-2023,131.95,130.6,132.1,128.0, 129.50,128.9,129.64,1426906,1849.81,14460, 705305, 49.43,2023-09-26
TFCILTD,EQ, 26-Sep-2023,101.45,101.8,102.0,98.4, 98.90,98.85,99.73,568196,566.63,3998, 237301, 41.76,2023-09-26
TFL,EQ, 26-Sep-2023,10.3,10.35,10.65,9.95, 10.10,10.1,10.32,333460,34.41,633, 123858, 37.14,2023-09-26
TGBHOTELS,EQ, 26-Sep-2023,9.9,10.0,10.0,9.7, 9.75,9.75,9.83,56220,5.53,200, 33702, 59.95,2023-09-26
THANGAMAYL,EQ, 26-Sep-2023,1213.95,1217.0,1223.4,1192.2, 1206.15,1207.95,1210.39,14933,180.75,1666, 9488, 63.54,2023-09-26
THEINVEST,EQ, 26-Sep-2023,78.9,79.5,82.55,78.5, 81.35,81.05,80.1,21012,16.83,901, 9977, 47.48,2023-09-26
THEMISMED,EQ, 26-Sep-2023,1757.95,1769.9,1780.0,1730.0, 1739.90,1733.55,1757.6,10130,178.04,1839, 5642, 55.70,2023-09-26
THERMAX,EQ, 26-Sep-2023,2959.2,2941.45,2973.95,2914.65, 2970.00,2964.5,2948.84,55845,1646.78,9169, 37756, 67.61,2023-09-26
THYROCARE,EQ, 26-Sep-2023,554.1,556.9,558.45,550.4, 557.70,554.15,554.86,22037,122.28,4516, 11720, 53.18,2023-09-26
TI,EQ, 26-Sep-2023,200.2,200.95,204.5,199.1, 201.00,199.95,201.31,185786,374.0,6107, 100775, 54.24,2023-09-26
TIDEWATER,EQ, 26-Sep-2023,1197.65,1197.95,1230.45,1190.0, 1212.45,1212.45,1207.13,45894,554.0,5219, 15889, 34.62,2023-09-26
TIIL,EQ, 26-Sep-2023,2021.6,2021.0,2048.0,1982.25, 2001.00,1997.85,2013.21,10885,219.14,2564, 5613, 51.57,2023-09-26
TIINDIA,EQ, 26-Sep-2023,3207.45,3188.25,3228.7,3170.0, 3177.35,3181.3,3198.87,218835,7000.24,23835, 138028, 63.07,2023-09-26
TIMESGTY,EQ, 26-Sep-2023,62.55,62.75,72.0,62.4, 64.20,64.75,68.31,134608,91.95,2417, 41671, 30.96,2023-09-26
TIMETECHNO,EQ, 26-Sep-2023,157.0,157.8,160.15,154.8, 155.00,156.0,157.59,1577507,2486.04,10666, 648163, 41.09,2023-09-26
TIMKEN,EQ, 26-Sep-2023,3099.75,3099.75,3115.2,3060.9, 3072.00,3079.7,3096.03,35960,1113.33,6252, 23148, 64.37,2023-09-26
TINPLATE,EQ, 26-Sep-2023,396.1,398.95,407.65,398.95, 402.50,402.1,403.5,189656,765.27,4997, 48078, 25.35,2023-09-26
TIPSINDLTD,EQ, 26-Sep-2023,298.65,301.35,303.45,290.05, 292.40,293.45,294.34,156905,461.84,8813, 103116, 65.72,2023-09-26
TIRUMALCHM,EQ, 26-Sep-2023,214.55,214.6,218.75,214.6, 217.00,216.7,217.03,119123,258.53,3200, 46607, 39.13,2023-09-26
TITAGARH,EQ, 26-Sep-2023,757.5,757.5,778.75,757.1, 768.05,765.0,764.64,638015,4878.53,28473, 276149, 43.28,2023-09-26
TITAN,EQ, 26-Sep-2023,3283.95,3294.0,3308.0,3255.0, 3259.00,3262.6,3274.87,1054827,34544.17,60452, 648551, 61.48,2023-09-26
TMB,EQ, 26-Sep-2023,529.35,530.3,547.0,530.3, 542.05,541.55,537.01,338603,1818.34,34842, 156684, 46.27,2023-09-26
TNIDETF,EQ, 26-Sep-2023,66.17,66.17,66.42,65.87, 66.41,66.29,66.27,8847,5.86,167, 5210, 58.89,2023-09-26
TNPETRO,EQ, 26-Sep-2023,90.6,91.3,91.7,90.2, 90.25,90.5,90.82,136798,124.24,1523, 80277, 58.68,2023-09-26
TNPL,EQ, 26-Sep-2023,264.15,262.4,267.5,262.4, 264.00,264.15,265.18,120802,320.34,3614, 55540, 45.98,2023-09-26
TOKYOPLAST,EQ, 26-Sep-2023,101.7,102.95,107.85,101.6, 104.30,103.15,105.04,61517,64.61,1369, 26452, 43.00,2023-09-26
TORNTPHARM,EQ, 26-Sep-2023,1847.15,1845.0,1849.95,1821.45, 1829.30,1832.6,1836.16,502205,9221.28,22569, 331859, 66.08,2023-09-26
TORNTPOWER,EQ, 26-Sep-2023,718.05,718.05,732.35,718.0, 720.35,722.3,725.75,557907,4049.01,19572, 421381, 75.53,2023-09-26
TOTAL,EQ, 26-Sep-2023,144.35,144.0,147.15,141.0, 144.75,144.7,144.41,46430,67.05,1584, 22444, 48.34,2023-09-26
TRACXN,EQ, 26-Sep-2023,74.5,74.5,74.95,73.6, 73.60,74.2,74.35,85775,63.77,1381, 45644, 53.21,2023-09-26
TREEHOUSE,EQ, 26-Sep-2023,16.8,17.7,17.7,16.7, 17.30,17.3,17.2,29918,5.15,319, 18873, 63.08,2023-09-26
TREL,EQ, 26-Sep-2023,42.85,42.95,43.35,41.55, 41.85,41.8,42.15,443824,187.08,1467, 332121, 74.83,2023-09-26
TRENT,EQ, 26-Sep-2023,2157.05,2157.0,2185.0,2141.45, 2143.00,2150.95,2166.7,1021206,22126.45,73114, 492553, 48.23,2023-09-26
TRF,EQ, 26-Sep-2023,245.45,245.45,246.8,240.0, 241.80,241.2,243.3,79968,194.56,3539, 32407, 40.52,2023-09-26
TRIDENT,EQ, 26-Sep-2023,37.85,37.95,38.25,37.5, 37.65,37.65,37.77,6593804,2490.24,21898, 2346136, 35.58,2023-09-26
TRIGYN,EQ, 26-Sep-2023,124.55,125.25,125.4,122.0, 122.50,122.25,123.1,172085,211.83,3209, 74992, 43.58,2023-09-26
TRIL,EQ, 26-Sep-2023,161.6,162.55,167.25,161.8, 164.50,164.95,165.38,736440,1217.91,8123, 324020, 44.00,2023-09-26
TRITURBINE,EQ, 26-Sep-2023,408.65,410.05,423.4,409.35, 418.70,421.05,417.14,615080,2565.76,28710, 281759, 45.81,2023-09-26
TRIVENI,EQ, 26-Sep-2023,389.8,389.8,391.0,374.25, 382.90,381.75,380.36,1571883,5978.76,35391, 596699, 37.96,2023-09-26
TRU,EQ, 26-Sep-2023,59.55,59.1,60.3,58.0, 58.00,59.0,59.43,1899750,1129.06,4360, 170214, 8.96,2023-09-26
TTKHLTCARE,EQ, 26-Sep-2023,1166.3,1172.15,1172.5,1157.05, 1160.00,1160.0,1164.18,9593,111.68,1653, 7322, 76.33,2023-09-26
TTKPRESTIG,EQ, 26-Sep-2023,786.2,789.75,789.75,771.0, 771.00,772.35,777.33,47249,367.28,5915, 29274, 61.96,2023-09-26
TTL,EQ, 26-Sep-2023,91.65,92.0,94.6,91.35, 93.00,93.7,93.4,32571,30.42,1282, 11090, 34.05,2023-09-26
TTML,EQ, 26-Sep-2023,98.15,98.1,99.2,96.25, 96.65,96.6,97.65,3608552,3523.91,23287, 1706050, 47.28,2023-09-26
TV18BRDCST,EQ, 26-Sep-2023,44.85,45.0,45.05,44.0, 44.20,44.15,44.45,6377278,2834.68,21385, 3095575, 48.54,2023-09-26
TVSELECT,EQ, 26-Sep-2023,351.0,351.8,358.1,349.75, 354.00,354.2,354.05,37864,134.06,3380, 12675, 33.48,2023-09-26
TVSHLTD,EQ, 26-Sep-2023,5607.9,5642.15,5642.2,5363.0, 5400.00,5394.3,5481.96,11563,633.88,2333, 8990, 77.75,2023-09-26
TVSMOTOR,EQ, 26-Sep-2023,1515.55,1522.8,1544.0,1517.2, 1530.00,1531.0,1534.38,1247558,19142.27,58623, 576069, 46.18,2023-09-26
TVSSCS,EQ, 26-Sep-2023,210.45,211.5,212.5,209.0, 210.00,210.1,210.43,697093,1466.88,15753, 444196, 63.72,2023-09-26
TVSSRICHAK,EQ, 26-Sep-2023,3021.9,3031.45,3047.6,3017.55, 3020.25,3021.05,3032.93,7019,212.88,1367, 4327, 61.65,2023-09-26
TVTODAY,EQ, 26-Sep-2023,219.55,220.5,224.0,219.2, 221.00,220.6,221.96,119457,265.15,3287, 64483, 53.98,2023-09-26
UBL,EQ, 26-Sep-2023,1578.8,1578.05,1585.45,1571.05, 1573.00,1578.45,1578.98,64388,1016.67,7952, 26167, 40.64,2023-09-26
UCOBANK,EQ, 26-Sep-2023,42.4,42.55,43.85,41.7, 42.15,42.15,42.75,54086293,23120.66,56528, 9181475, 16.98,2023-09-26
UDAICEMENT,EQ, 26-Sep-2023,33.75,33.9,34.0,32.4, 32.95,32.75,33.23,1478536,491.28,4203, 744863, 50.38,2023-09-26
UFLEX,EQ, 26-Sep-2023,444.15,451.0,482.5,446.15, 469.70,468.7,472.43,2982750,14091.35,94848, 368868, 12.37,2023-09-26
UGARSUGAR,EQ, 26-Sep-2023,111.5,111.95,112.65,110.6, 111.45,111.05,111.24,277727,308.93,2962, 105973, 38.16,2023-09-26
UGROCAP,EQ, 26-Sep-2023,282.35,282.95,295.0,281.7, 291.00,291.9,288.18,158064,455.51,7180, 81234, 51.39,2023-09-26
UJJIVAN,EQ, 26-Sep-2023,496.1,497.1,502.5,497.0, 500.75,499.85,500.39,428361,2143.48,17382, 262949, 61.38,2023-09-26
UJJIVANSFB,EQ, 26-Sep-2023,49.35,49.8,50.2,49.5, 50.10,50.05,49.85,7039113,3509.28,17212, 3259255, 46.30,2023-09-26
ULTRACEMCO,EQ, 26-Sep-2023,8206.2,8237.0,8328.0,8206.2, 8229.00,8228.9,8263.04,515796,42620.45,54767, 385922, 74.82,2023-09-26
UMAEXPORTS,EQ, 26-Sep-2023,50.5,53.65,55.35,51.0, 53.00,52.9,53.54,497246,266.21,5457, 190506, 38.31,2023-09-26
UMANGDAIRY,EQ, 26-Sep-2023,67.65,67.65,71.0,66.0, 67.25,67.55,68.7,79704,54.76,1558, 19900, 24.97,2023-09-26
UNICHEMLAB,EQ, 26-Sep-2023,414.4,415.0,416.1,404.05, 405.00,406.1,407.69,24704,100.72,2087, 13083, 52.96,2023-09-26
UNIDT,EQ, 26-Sep-2023,254.7,253.75,253.95,243.55, 247.75,246.15,249.49,27498,68.6,1526, 18325, 66.64,2023-09-26
UNIENTER,EQ, 26-Sep-2023,161.55,160.9,163.7,160.65, 163.40,161.45,162.19,4078,6.61,198, 2759, 67.66,2023-09-26
UNIINFO,EQ, 26-Sep-2023,26.55,26.55,27.4,25.65, 25.70,26.1,26.58,12251,3.26,235, 5817, 47.48,2023-09-26
UNIONBANK,EQ, 26-Sep-2023,102.05,102.25,102.85,99.15, 99.75,99.7,100.74,31727799,31962.66,79594, 13735828, 43.29,2023-09-26
UNIPARTS,EQ, 26-Sep-2023,565.8,565.8,572.0,562.0, 570.00,567.8,567.64,99324,563.81,11776, 67000, 67.46,2023-09-26
UNITEDTEA,EQ, 26-Sep-2023,317.55,320.4,322.0,315.55, 316.60,317.5,318.48,1547,4.93,133, 908, 58.69,2023-09-26
UNIVAFOODS,EQ, 26-Sep-2023,5.5,5.75,5.75,5.75, 5.75,5.75,5.75,715,0.04,4, 715, 100.00,2023-09-26
UNIVASTU,EQ, 26-Sep-2023,94.0,95.5,95.5,93.6, 93.80,94.05,94.18,6840,6.44,120, 5054, 73.89,2023-09-26
UNIVCABLES,EQ, 26-Sep-2023,475.3,476.7,490.0,475.35, 481.35,481.25,481.37,42091,202.61,4321, 16896, 40.14,2023-09-26
UNIVPHOTO,EQ, 26-Sep-2023,407.0,411.85,414.95,409.2, 409.30,410.3,410.53,737,3.03,104, 462, 62.69,2023-09-26
UNOMINDA,EQ, 26-Sep-2023,600.35,600.35,601.5,592.25, 600.00,599.05,598.26,295541,1768.09,18712, 179554, 60.75,2023-09-26
UPL,EQ, 26-Sep-2023,616.95,616.95,623.0,615.0, 618.10,617.55,619.24,1906824,11807.83,39126, 1225360, 64.26,2023-09-26
URAVI,EQ, 26-Sep-2023,243.55,246.15,249.8,232.0, 233.95,233.65,240.72,27863,67.07,1019, 12111, 43.47,2023-09-26
URJA,EQ, 26-Sep-2023,9.8,9.85,9.95,9.8, 9.85,9.85,9.86,2216927,218.52,3428, 948054, 42.76,2023-09-26
USHAMART,EQ, 26-Sep-2023,341.75,340.85,359.0,340.0, 349.00,347.65,351.67,742577,2611.39,31428, 401140, 54.02,2023-09-26
USK,EQ, 26-Sep-2023,35.65,35.65,35.9,34.95, 35.05,35.0,35.34,234681,82.94,1863, 133980, 57.09,2023-09-26
UTIAMC,EQ, 26-Sep-2023,789.45,794.0,795.95,779.0, 783.00,780.9,785.18,50465,396.24,4680, 26488, 52.49,2023-09-26
UTIBANKETF,EQ, 26-Sep-2023,45.56,45.79,45.8,45.31, 45.50,45.4,45.47,64710,29.42,481, 55887, 86.37,2023-09-26
UTINEXT50,EQ, 26-Sep-2023,47.63,47.64,47.84,47.64, 47.80,47.8,47.72,11590,5.53,134, 8108, 69.96,2023-09-26
UTINIFTETF,EQ, 26-Sep-2023,211.23,211.54,211.6,210.85, 211.35,211.06,211.16,7196,15.19,158, 6243, 86.76,2023-09-26
UTISENSETF,EQ, 26-Sep-2023,723.7,718.69,719.0,707.8, 719.00,717.16,710.28,618,4.39,89, 536, 86.73,2023-09-26
UTISXN50,EQ, 26-Sep-2023,59.81,59.94,60.1,59.63, 59.93,59.93,59.96,1481,0.89,32, 1333, 90.01,2023-09-26
UTKARSHBNK,EQ, 26-Sep-2023,50.05,50.15,50.85,49.5, 49.75,49.75,50.02,1840882,920.85,6778, 965845, 52.47,2023-09-26
UTTAMSUGAR,EQ, 26-Sep-2023,443.05,444.4,444.4,425.05, 427.35,427.1,432.75,189954,822.03,8554, 81097, 42.69,2023-09-26
VADILALIND,EQ, 26-Sep-2023,2562.2,2540.0,2591.4,2528.15, 2570.55,2565.85,2556.08,5947,152.01,1918, 2377, 39.97,2023-09-26
VAIBHAVGBL,EQ, 26-Sep-2023,447.1,445.0,459.95,444.4, 451.50,447.4,452.24,361842,1636.38,20134, 126445, 34.94,2023-09-26
VAISHALI,EQ, 26-Sep-2023,120.75,118.15,121.9,118.15, 120.60,119.6,119.87,28592,34.27,601, 20261, 70.86,2023-09-26
VAKRANGEE,EQ, 26-Sep-2023,16.7,16.75,17.2,16.7, 17.00,17.0,16.93,7937690,1344.21,8881, 2617964, 32.98,2023-09-26
VALIANTORG,EQ, 26-Sep-2023,492.9,497.0,506.5,479.85, 488.00,485.3,493.39,90304,445.55,6967, 48389, 53.58,2023-09-26
VARDHACRLC,EQ, 26-Sep-2023,53.15,53.2,53.9,53.05, 53.40,53.2,53.34,21641,11.54,224, 14354, 66.33,2023-09-26
VARROC,EQ, 26-Sep-2023,491.5,491.5,500.3,488.6, 499.00,495.8,496.24,540445,2681.92,16065, 326111, 60.34,2023-09-26
VASCONEQ,EQ, 26-Sep-2023,57.85,58.0,58.35,56.25, 56.70,56.6,57.24,927223,530.7,3920, 471229, 50.82,2023-09-26
VASWANI,EQ, 26-Sep-2023,32.2,32.95,34.4,31.35, 34.20,33.95,33.4,985383,329.09,4596, 427150, 43.35,2023-09-26
VBL,EQ, 26-Sep-2023,926.0,932.3,974.9,927.15, 967.80,967.55,962.36,4971977,47848.51,131861, 1652268, 33.23,2023-09-26
VCL,EQ, 26-Sep-2023,1.7,1.65,1.75,1.65, 1.70,1.7,1.69,961002,16.28,599, 686907, 71.48,2023-09-26
VEDL,EQ, 26-Sep-2023,224.55,225.0,227.2,223.65, 224.00,224.0,225.19,4392920,9892.37,48027, 2075031, 47.24,2023-09-26
VENKEYS,EQ, 26-Sep-2023,1956.5,1965.0,1979.95,1947.6, 1955.00,1963.4,1967.26,17284,340.02,3162, 8267, 47.83,2023-09-26
VENUSPIPES,EQ, 26-Sep-2023,1259.95,1270.2,1335.95,1242.8, 1267.00,1262.65,1275.1,1174255,14972.9,56947, 395643, 33.69,2023-09-26
VENUSREM,EQ, 26-Sep-2023,256.2,254.05,262.0,250.0, 250.00,252.35,256.65,29232,75.02,813, 19336, 66.15,2023-09-26
VERANDA,EQ, 26-Sep-2023,183.5,185.0,194.55,183.55, 194.55,192.85,190.56,72514,138.18,3346, 43443, 59.91,2023-09-26
VERTOZ,EQ, 26-Sep-2023,281.1,285.0,285.0,271.6, 279.95,277.4,279.92,93315,261.21,529, 34694, 37.18,2023-09-26
VESUVIUS,EQ, 26-Sep-2023,3139.05,3155.0,3165.15,3090.0, 3129.90,3104.6,3112.0,10215,317.89,3152, 6342, 62.09,2023-09-26
VETO,EQ, 26-Sep-2023,129.15,129.2,132.0,127.6, 128.65,128.9,130.27,93453,121.74,1969, 47451, 50.78,2023-09-26
VGUARD,EQ, 26-Sep-2023,305.55,306.95,309.7,304.1, 306.90,305.0,306.07,129641,396.79,7117, 60502, 46.67,2023-09-26
VHL,EQ, 26-Sep-2023,3023.85,3037.15,3065.95,3005.0, 3022.00,3036.5,3041.73,692,21.05,198, 445, 64.31,2023-09-26
VIDHIING,EQ, 26-Sep-2023,411.4,411.2,417.4,409.95, 414.80,412.35,412.9,7252,29.94,798, 3579, 49.35,2023-09-26
VIJAYA,EQ, 26-Sep-2023,457.55,459.95,464.5,453.7, 460.00,461.05,458.58,71784,329.19,8659, 36821, 51.29,2023-09-26
VIKASLIFE,EQ, 26-Sep-2023,5.5,5.55,5.6,5.35, 5.40,5.4,5.42,19537601,1059.3,8897, 7253081, 37.12,2023-09-26
VIMTALABS,EQ, 26-Sep-2023,548.4,548.45,559.4,545.2, 550.20,552.85,553.51,16586,91.81,2058, 9621, 58.01,2023-09-26
VINATIORGA,EQ, 26-Sep-2023,1835.15,1842.3,1847.05,1815.25, 1820.00,1817.95,1825.92,29337,535.67,6306, 19588, 66.77,2023-09-26
VINDHYATEL,EQ, 26-Sep-2023,2203.65,2203.65,2237.0,2186.0, 2205.00,2194.0,2208.52,21717,479.62,3705, 12474, 57.44,2023-09-26
VINEETLAB,EQ, 26-Sep-2023,50.25,50.6,51.3,49.65, 50.00,50.3,50.41,11548,5.82,428, 4362, 37.77,2023-09-26
VINYLINDIA,EQ, 26-Sep-2023,436.5,437.9,447.0,435.3, 444.00,441.15,440.14,34604,152.31,2928, 14110, 40.78,2023-09-26
VIPCLOTHNG,EQ, 26-Sep-2023,47.6,47.9,53.75,47.7, 51.00,51.1,51.8,5430780,2813.0,17098, 2517074, 46.35,2023-09-26
VIPIND,EQ, 26-Sep-2023,654.9,655.5,663.0,652.0, 654.95,654.0,657.14,326353,2144.59,9733, 145331, 44.53,2023-09-26
VIPULLTD,EQ, 26-Sep-2023,15.75,17.3,17.3,17.3, 17.30,17.3,17.3,135767,23.49,136, 135767, 100.00,2023-09-26
VISAKAIND,EQ, 26-Sep-2023,86.7,86.7,87.6,86.05, 86.85,86.65,86.77,108583,94.22,1353, 57378, 52.84,2023-09-26
VISHAL,EQ, 26-Sep-2023,18.55,18.55,18.75,18.2, 18.65,18.35,18.48,126712,23.42,888, 89524, 70.65,2023-09-26
VISHNU,EQ, 26-Sep-2023,327.5,327.5,337.5,325.0, 328.30,327.1,330.87,126283,417.83,7937, 64820, 51.33,2023-09-26
VISHWARAJ,EQ, 26-Sep-2023,19.05,19.05,19.15,18.65, 18.80,18.75,18.83,1028099,193.56,2693, 519209, 50.50,2023-09-26
VIVIDHA,EQ, 26-Sep-2023,1.0,1.0,1.05,0.95, 1.05,1.0,1.01,1185462,11.94,630, 950473, 80.18,2023-09-26
VLEGOV,EQ, 26-Sep-2023,31.95,32.45,32.45,31.75, 31.95,31.95,32.08,115278,36.98,1354, 90695, 78.68,2023-09-26
VLSFINANCE,EQ, 26-Sep-2023,197.7,199.0,202.5,197.4, 200.50,201.15,198.87,52715,104.83,1382, 28142, 53.39,2023-09-26
VMART,EQ, 26-Sep-2023,2054.5,2056.0,2071.2,2025.0, 2049.00,2036.8,2038.1,56135,1144.09,10174, 38711, 68.96,2023-09-26
VOLTAMP,EQ, 26-Sep-2023,4928.5,4722.0,4808.0,4651.0, 4663.00,4671.05,4702.22,551007,25909.56,41762, 182142, 33.06,2023-09-26
VOLTAS,EQ, 26-Sep-2023,875.75,879.0,879.45,860.35, 861.40,861.9,868.44,764661,6640.66,23217, 361237, 47.24,2023-09-26
VPRPL,EQ, 26-Sep-2023,176.9,176.9,189.2,168.25, 181.75,181.1,182.47,11288667,20598.42,79156, 2742245, 24.29,2023-09-26
VRLLOG,EQ, 26-Sep-2023,699.4,705.0,717.5,696.95, 714.00,714.0,709.8,85162,604.48,5930, 45031, 52.88,2023-09-26
VSSL,EQ, 26-Sep-2023,201.4,200.2,214.7,199.85, 213.00,211.35,210.26,264856,556.89,7205, 66612, 25.15,2023-09-26
VSTIND,EQ, 26-Sep-2023,3558.45,3560.0,3576.25,3480.0, 3494.00,3485.4,3504.38,2906,101.84,1293, 1686, 58.02,2023-09-26
VSTTILLERS,EQ, 26-Sep-2023,3766.5,3792.0,3807.95,3708.0, 3748.00,3738.75,3757.8,12370,464.84,3149, 5960, 48.18,2023-09-26
VTL,EQ, 26-Sep-2023,391.25,389.25,394.35,385.0, 388.00,388.65,388.46,87569,340.17,5857, 43128, 49.25,2023-09-26
WABAG,EQ, 26-Sep-2023,468.9,470.4,471.8,459.0, 460.20,460.65,463.33,188116,871.6,10641, 111175, 59.10,2023-09-26
WATERBASE,EQ, 26-Sep-2023,82.45,82.0,83.55,82.0, 82.50,82.4,82.73,23843,19.72,647, 13463, 56.47,2023-09-26
WEALTH,EQ, 26-Sep-2023,304.0,306.1,307.5,298.55, 301.00,302.0,303.47,1981,6.01,106, 1518, 76.63,2023-09-26
WEBELSOLAR,EQ, 26-Sep-2023,148.8,150.0,152.9,145.0, 147.70,150.65,149.42,429927,642.41,6007, 226929, 52.78,2023-09-26
WEIZMANIND,EQ, 26-Sep-2023,107.5,107.7,112.5,106.15, 110.45,110.25,109.95,39423,43.35,852, 22427, 56.89,2023-09-26
WELCORP,EQ, 26-Sep-2023,389.25,400.0,401.0,393.0, 399.80,399.3,397.65,1255289,4991.64,19801, 426057, 33.94,2023-09-26
WELENT,EQ, 26-Sep-2023,274.75,277.35,290.4,276.05, 287.00,287.8,286.17,185713,531.45,9316, 89860, 48.39,2023-09-26
WELSPUNIND,EQ, 26-Sep-2023,122.4,122.8,125.9,122.65, 124.00,123.95,124.49,1883381,2344.66,19489, 812257, 43.13,2023-09-26
WENDT,EQ, 26-Sep-2023,14534.4,14560.05,14637.55,14456.05, 14531.05,14507.55,14585.96,549,80.08,236, 342, 62.30,2023-09-26
WESTLIFE,EQ, 26-Sep-2023,979.6,987.9,992.55,958.5, 992.40,988.95,975.67,210918,2057.87,13721, 143486, 68.03,2023-09-26
WHEELS,EQ, 26-Sep-2023,780.05,784.0,794.1,775.0, 776.00,780.4,788.54,18106,142.77,2170, 10325, 57.03,2023-09-26
WHIRLPOOL,EQ, 26-Sep-2023,1664.35,1666.0,1670.0,1654.35, 1660.00,1660.6,1660.13,234300,3889.68,4309, 220009, 93.90,2023-09-26
WILLAMAGOR,EQ, 26-Sep-2023,26.3,29.4,31.55,28.45, 31.55,31.55,30.47,793471,241.8,3968, 258943, 32.63,2023-09-26
WINDLAS,EQ, 26-Sep-2023,340.95,345.05,353.0,342.95, 349.00,350.35,348.07,45543,158.52,3366, 23210, 50.96,2023-09-26
WIPRO,EQ, 26-Sep-2023,414.1,416.8,416.8,411.7, 413.00,412.9,413.45,3240283,13396.85,98745, 1459364, 45.04,2023-09-26
WOCKPHARMA,EQ, 26-Sep-2023,230.7,231.0,236.3,230.25, 233.00,231.5,233.08,745197,1736.93,10994, 246963, 33.14,2023-09-26
WONDERLA,EQ, 26-Sep-2023,687.7,687.95,694.45,670.0, 676.00,672.35,682.13,202247,1379.58,14240, 61579, 30.45,2023-09-26
WORTH,EQ, 26-Sep-2023,102.4,103.0,104.9,100.95, 104.90,104.25,103.33,35492,36.68,537, 24908, 70.18,2023-09-26
WSTCSTPAPR,EQ, 26-Sep-2023,702.1,700.0,717.65,690.05, 692.00,693.55,704.23,341642,2405.96,15986, 151088, 44.22,2023-09-26
XCHANGING,EQ, 26-Sep-2023,91.45,91.9,92.7,90.7, 91.75,91.1,91.42,124698,114.0,1726, 63450, 50.88,2023-09-26
XELPMOC,EQ, 26-Sep-2023,83.8,84.1,84.1,82.7, 83.00,82.95,83.11,47709,39.65,857, 31864, 66.79,2023-09-26
XPROINDIA,EQ, 26-Sep-2023,1010.95,1010.95,1025.2,990.05, 1005.00,995.3,1008.2,25645,258.55,4519, 10425, 40.65,2023-09-26
YASHO,EQ, 26-Sep-2023,1759.85,1765.0,1770.75,1720.55, 1770.75,1752.4,1748.85,10154,177.58,1210, 8745, 86.12,2023-09-26
YATHARTH,EQ, 26-Sep-2023,360.3,361.0,365.7,360.15, 361.05,361.1,362.24,174682,632.77,8145, 91105, 52.15,2023-09-26
YESBANK,EQ, 26-Sep-2023,17.45,17.5,17.55,17.25, 17.35,17.35,17.41,104957648,18275.93,60698, 37035296, 35.29,2023-09-26
YUKEN,EQ, 26-Sep-2023,711.25,714.65,730.0,711.9, 730.00,724.25,720.35,11879,85.57,969, 9286, 78.17,2023-09-26
ZAGGLE,EQ, 26-Sep-2023,171.05,170.5,183.4,170.05, 179.00,179.2,178.49,5907712,10544.95,42442, 2393143, 40.51,2023-09-26
ZEEL,EQ, 26-Sep-2023,262.65,263.0,266.15,261.6, 263.20,262.4,263.31,4935004,12994.49,33038, 1138870, 23.08,2023-09-26
ZEEMEDIA,EQ, 26-Sep-2023,12.2,12.2,12.35,11.7, 11.90,11.85,11.98,10271495,1230.02,4886, 5776777, 56.24,2023-09-26
ZENITHSTL,EQ, 26-Sep-2023,4.0,4.0,4.1,4.0, 4.05,4.05,4.04,117575,4.75,270, 93005, 79.10,2023-09-26
ZENSARTECH,EQ, 26-Sep-2023,530.3,530.85,547.9,530.3, 539.30,539.55,541.43,1204868,6523.5,32796, 485845, 40.32,2023-09-26
ZFCVINDIA,EQ, 26-Sep-2023,15337.9,15378.0,15613.95,15349.9, 15550.00,15457.55,15452.42,4658,719.77,3340, 2866, 61.53,2023-09-26
ZIMLAB,EQ, 26-Sep-2023,124.2,122.05,126.3,122.05, 123.00,124.05,123.94,261663,324.3,4067, 130272, 49.79,2023-09-26
ZODIACLOTH,EQ, 26-Sep-2023,113.15,114.35,115.3,113.1, 113.20,113.55,113.88,7270,8.28,275, 3964, 54.53,2023-09-26
ZOMATO,EQ, 26-Sep-2023,98.45,98.6,100.4,97.9, 100.00,99.9,99.66,36822528,36698.45,81138, 15950775, 43.32,2023-09-26
ZOTA,EQ, 26-Sep-2023,391.55,390.0,402.35,389.95, 400.00,397.15,396.12,14045,55.64,1507, 6279, 44.71,2023-09-26
ZUARI,EQ, 26-Sep-2023,157.65,157.95,163.4,157.75, 159.00,159.35,160.46,286181,459.2,6515, 70234, 24.54,2023-09-26
ZUARIIND,EQ, 26-Sep-2023,155.85,159.0,169.6,157.5, 161.00,160.2,162.74,463466,754.22,13584, 184248, 39.75,2023-09-26
ZYDUSLIFE,EQ, 26-Sep-2023,603.35,603.45,605.95,596.5, 599.00,598.05,599.4,963978,5778.12,37069, 645742, 66.99,2023-09-26
ZYDUSWELL,EQ, 26-Sep-2023,1570.7,1575.0,1577.75,1555.65, 1570.00,1563.55,1564.53,21991,344.05,3525, 11060, 50.29,2023-09-26
